subjectID	order	runNum	itemName	onsetTime	shuff_trialType	RT	respInTime	CueTime	response	fixationTime	ladder1	ladder2	bidIndex	BDMtrialIndex	bidValue
BSOV_117	 1	 13	 Halva2.bmp	 1.815778e+03	 24	 999000	 240	 999000	 999	 1.816797e+03	 83.33	 16.67	 42.00	 15	 3.73	 
BSOV_117	 1	 13	 Tortit.bmp	 1.817781e+03	 24	 999000	 240	 999000	 999	 1.818799e+03	 83.33	 16.67	 48.00	 1	 2.67	 
BSOV_117	 1	 13	 Loacker.bmp	 1.821786e+03	 24	 999000	 240	 999000	 999	 1.822803e+03	 83.33	 16.67	 39.00	 21	 3.78	 
BSOV_117	 1	 13	 WerthersOriginal.bmp	 1.824789e+03	 11	 4.666572e+02	 110	 8.344394e+01	 98	 1.825807e+03	 100.00	 16.67	 10.00	 29	 9.91	 
BSOV_117	 1	 13	 Kitkat.bmp	 1.826774e+03	 11	 4.333367e+02	 110	 1.003115e+02	 98	 1.827792e+03	 116.67	 16.67	 18.00	 19	 7.98	 
BSOV_117	 1	 13	 TapuchipsCrunch.bmp	 1.829778e+03	 12	 999000	 120	 999000	 999	 1.830795e+03	 116.67	 16.67	 19.00	 50	 7.96	 
BSOV_117	 1	 13	 Bamba.bmp	 1.833782e+03	 12	 999000	 120	 999000	 999	 1.834800e+03	 116.67	 16.67	 11.00	 6	 9.80	 
BSOV_117	 1	 13	 Hit.bmp	 1.837789e+03	 24	 999000	 240	 999000	 999	 1.838805e+03	 116.67	 16.67	 49.00	 39	 2.67	 
BSOV_117	 1	 13	 KashitSour.bmp	 1.839789e+03	 22	 5.145757e+02	 220	 1.665591e+01	 98	 1.840807e+03	 116.67	 33.33	 45.00	 3	 2.78	 
BSOV_117	 1	 13	 Twix.bmp	 1.844778e+03	 12	 999000	 120	 999000	 999	 1.845796e+03	 116.67	 33.33	 9.00	 11	 9.91	 
BSOV_117	 1	 13	 ClickBisquit2.bmp	 1.846780e+03	 11	 4.112878e+02	 110	 1.166968e+02	 98	 1.847798e+03	 133.33	 33.33	 15.00	 28	 8.04	 
BSOV_117	 1	 13	 Taami.bmp	 1.848782e+03	 24	 999000	 240	 999000	 999	 1.849800e+03	 133.33	 33.33	 56.00	 23	 0.58	 
BSOV_117	 1	 13	 DoritosNatural.bmp	 1.854789e+03	 12	 999000	 120	 999000	 999	 1.855807e+03	 133.33	 33.33	 3.00	 16	 9.96	 
BSOV_117	 1	 13	 Egozi.bmp	 1.856776e+03	 24	 999000	 240	 999000	 999	 1.857793e+03	 133.33	 33.33	 58.00	 13	 0.53	 
BSOV_117	 1	 13	 KifkefMaklot2.bmp	 1.858777e+03	 22	 6.384537e+02	 220	 3.319853e+01	 98	 1.859795e+03	 133.33	 50.00	 52.00	 53	 1.62	 
BSOV_117	 1	 13	 BisliOnion.bmp	 1.860779e+03	 22	 5.083169e+02	 220	 4.992160e+01	 98	 1.861797e+03	 133.33	 66.67	 44.00	 58	 3.73	 
BSOV_117	 1	 13	 Tictac.bmp	 1.864784e+03	 11	 5.998866e+02	 110	 1.334711e+02	 98	 1.865801e+03	 150.00	 66.67	 13.00	 27	 8.09	 
BSOV_117	 1	 13	 GumiSnakes3.bmp	 1.868788e+03	 24	 999000	 240	 999000	 999	 1.869806e+03	 150.00	 66.67	 55.00	 35	 0.60	 
BSOV_117	 1	 13	 Apropo.bmp	 1.871775e+03	 12	 999000	 120	 999000	 999	 1.872793e+03	 150.00	 66.67	 17.00	 45	 8.02	 
BSOV_117	 1	 13	 BisliPizza3.bmp	 1.875779e+03	 12	 999000	 120	 999000	 999	 1.876797e+03	 150.00	 66.67	 22.00	 4	 7.00	 
BSOV_117	 1	 13	 DoritosGrill.bmp	 1.878783e+03	 12	 999000	 120	 999000	 999	 1.879801e+03	 150.00	 66.67	 4.00	 40	 9.96	 
BSOV_117	 1	 13	 ChocolateParaSucariotKoftzot2.bmp	 1.880785e+03	 12	 999000	 120	 999000	 999	 1.881803e+03	 150.00	 66.67	 8.00	 9	 9.91	 
BSOV_117	 1	 13	 BisliGrill.bmp	 1.884789e+03	 11	 5.700894e+02	 110	 1.502239e+02	 98	 1.885807e+03	 166.67	 66.67	 7.00	 32	 9.93	 
BSOV_117	 1	 13	 CrunchBisquitBrown3.bmp	 1.886775e+03	 22	 999000	 2	 6.691756e+01	 999	 1.887793e+03	 166.67	 16.67	 47.00	 37	 2.71	 
BSOV_117	 1	 13	 DoritosSourSpicy.bmp	 1.888777e+03	 12	 999000	 120	 999000	 999	 1.889795e+03	 166.67	 16.67	 5.00	 43	 9.96	 
BSOV_117	 1	 13	 BambaSweet.bmp	 1.892782e+03	 22	 6.416544e+02	 220	 1.662643e+01	 98	 1.893800e+03	 166.67	 33.33	 53.00	 52	 1.51	 
BSOV_117	 1	 13	 BambaNugat.bmp	 1.894784e+03	 11	 7.353587e+02	 110	 1.667503e+02	 98	 1.895802e+03	 183.33	 33.33	 12.00	 24	 8.18	 
BSOV_117	 1	 13	 CrunchShokoVanil.bmp	 1.898789e+03	 12	 999000	 120	 999000	 999	 1.899806e+03	 183.33	 33.33	 6.00	 10	 9.93	 
BSOV_117	 1	 13	 HispusimShatiah.bmp	 1.902777e+03	 22	 999000	 2	 3.318855e+01	 999	 1.903794e+03	 183.33	 33.33	 50.00	 56	 1.71	 
BSOV_117	 1	 13	 BabyDoll.bmp	 1.905780e+03	 24	 999000	 240	 999000	 999	 1.906797e+03	 183.33	 33.33	 51.00	 26	 1.67	 
BSOV_117	 1	 13	 Shugi.bmp	 1.911787e+03	 24	 999000	 240	 999000	 999	 1.912804e+03	 183.33	 33.33	 54.00	 17	 0.62	 
BSOV_117	 1	 13	 Snickers.bmp	 1.913789e+03	 12	 999000	 120	 999000	 999	 1.914806e+03	 183.33	 33.33	 16.00	 34	 8.02	 
BSOV_117	 1	 13	 ChocolateParaMarir2.bmp	 1.917777e+03	 24	 999000	 240	 999000	 999	 1.918794e+03	 183.33	 33.33	 41.00	 47	 3.78	 
BSOV_117	 1	 13	 Twist.bmp	 1.919779e+03	 24	 999000	 240	 999000	 999	 1.920797e+03	 183.33	 33.33	 57.00	 60	 0.56	 
BSOV_117	 1	 13	 BagaleShtuhim.bmp	 1.921781e+03	 12	 999000	 120	 999000	 999	 1.922799e+03	 183.33	 33.33	 14.00	 55	 8.07	 
BSOV_117	 1	 13	 ClickBalls5.bmp	 1.923783e+03	 12	 999000	 120	 999000	 999	 1.924801e+03	 183.33	 33.33	 21.00	 46	 7.02	 
BSOV_117	 1	 13	 HappyHippo.bmp	 1.928789e+03	 12	 999000	 120	 999000	 999	 1.929807e+03	 183.33	 33.33	 20.00	 33	 7.02	 
BSOV_117	 1	 13	 Mentos.bmp	 1.930774e+03	 24	 999000	 240	 999000	 999	 1.931792e+03	 183.33	 33.33	 40.00	 30	 3.78	 
BSOV_117	 1	 13	 CrunchBisquitWhite2.bmp	 1.932777e+03	 24	 999000	 240	 999000	 999	 1.933795e+03	 183.33	 33.33	 43.00	 36	 3.73	 
BSOV_117	 1	 13	 Keifli.bmp	 1.935780e+03	 24	 999000	 240	 999000	 999	 1.936798e+03	 183.33	 33.33	 46.00	 48	 2.78	 
