1	 32	 204.jpg	 0	 1	 0	 0	 
2	 75	 247.jpg	 0	 0	 0	 0	 
3	 67	 239.jpg	 0	 0	 0	 0	 
4	 71	 243.jpg	 0	 0	 0	 0	 
5	 49	 221.jpg	 0	 0	 0	 0	 
6	 20	 142.jpg	 1	 1	 52	 1	 
7	 37	 209.jpg	 0	 0	 0	 0	 
8	 5	 108.jpg	 1	 1	 8	 0	 
9	 52	 224.jpg	 0	 0	 0	 0	 
10	 47	 219.jpg	 0	 0	 0	 0	 
11	 24	 149.jpg	 1	 1	 48	 0	 
12	 84	 256.jpg	 0	 0	 0	 0	 
13	 7	 117.jpg	 1	 1	 7	 1	 
14	 62	 234.jpg	 0	 0	 0	 0	 
15	 10	 121.jpg	 1	 1	 18	 1	 
16	 63	 235.jpg	 0	 0	 0	 0	 
17	 82	 254.jpg	 0	 0	 0	 0	 
18	 64	 236.jpg	 0	 0	 0	 0	 
19	 69	 241.jpg	 0	 0	 0	 0	 
20	 70	 242.jpg	 0	 0	 0	 0	 
21	 61	 233.jpg	 0	 0	 0	 0	 
22	 25	 154.jpg	 1	 1	 11	 0	 
23	 29	 201.jpg	 0	 0	 0	 0	 
24	 15	 129.jpg	 1	 1	 55	 0	 
25	 40	 212.jpg	 0	 0	 0	 0	 
26	 31	 203.jpg	 0	 0	 0	 0	 
27	 14	 128.jpg	 1	 1	 13	 1	 
28	 60	 232.jpg	 0	 0	 0	 0	 
29	 74	 246.jpg	 0	 0	 0	 0	 
30	 76	 248.jpg	 0	 0	 0	 0	 
31	 50	 222.jpg	 0	 0	 0	 0	 
32	 57	 229.jpg	 0	 0	 0	 0	 
33	 46	 218.jpg	 0	 0	 0	 0	 
34	 21	 144.jpg	 1	 1	 50	 1	 
35	 19	 141.jpg	 1	 1	 46	 0	 
36	 44	 216.jpg	 0	 0	 0	 0	 
37	 26	 155.jpg	 1	 1	 45	 1	 
38	 6	 109.jpg	 1	 1	 17	 0	 
39	 2	 103.jpg	 1	 1	 10	 1	 
40	 77	 249.jpg	 0	 0	 0	 0	 
41	 68	 240.jpg	 0	 0	 0	 0	 
42	 83	 255.jpg	 0	 0	 0	 0	 
43	 17	 136.jpg	 1	 0	 44	 1	 
44	 51	 223.jpg	 0	 0	 0	 0	 
45	 81	 253.jpg	 0	 0	 0	 0	 
46	 18	 140.jpg	 1	 1	 5	 0	 
47	 59	 231.jpg	 0	 0	 0	 0	 
48	 45	 217.jpg	 0	 0	 0	 0	 
49	 42	 214.jpg	 0	 0	 0	 0	 
50	 41	 213.jpg	 0	 0	 0	 0	 
51	 73	 245.jpg	 0	 0	 0	 0	 
52	 72	 244.jpg	 0	 0	 0	 0	 
53	 55	 227.jpg	 0	 0	 0	 0	 
54	 36	 208.jpg	 0	 0	 0	 0	 
55	 53	 225.jpg	 0	 0	 0	 0	 
56	 66	 238.jpg	 0	 0	 0	 0	 
57	 85	 257.jpg	 0	 0	 0	 0	 
58	 86	 258.jpg	 0	 0	 0	 0	 
59	 80	 252.jpg	 0	 0	 0	 0	 
60	 48	 220.jpg	 0	 0	 0	 0	 
61	 12	 126.jpg	 1	 1	 12	 1	 
62	 35	 207.jpg	 0	 0	 0	 0	 
63	 11	 125.jpg	 1	 1	 54	 0	 
64	 9	 119.jpg	 1	 1	 43	 0	 
65	 56	 228.jpg	 0	 0	 0	 0	 
66	 22	 145.jpg	 1	 1	 47	 1	 
67	 58	 230.jpg	 0	 0	 0	 0	 
68	 87	 259.jpg	 0	 0	 0	 0	 
69	 39	 211.jpg	 0	 0	 0	 0	 
70	 34	 206.jpg	 0	 0	 0	 0	 
71	 28	 157.jpg	 1	 1	 49	 0	 
72	 33	 205.jpg	 0	 0	 0	 0	 
73	 23	 147.jpg	 1	 1	 51	 0	 
74	 13	 127.jpg	 1	 1	 9	 0	 
75	 1	 102.jpg	 1	 1	 6	 0	 
76	 79	 251.jpg	 0	 0	 0	 0	 
77	 30	 202.jpg	 0	 0	 0	 0	 
78	 16	 131.jpg	 1	 1	 15	 1	 
79	 27	 156.jpg	 1	 0	 56	 0	 
80	 65	 237.jpg	 0	 0	 0	 0	 
81	 78	 250.jpg	 0	 0	 0	 0	 
82	 3	 104.jpg	 1	 1	 14	 0	 
83	 88	 260.jpg	 0	 0	 0	 0	 
84	 4	 107.jpg	 1	 1	 53	 1	 
85	 38	 210.jpg	 0	 0	 0	 0	 
86	 8	 118.jpg	 1	 1	 16	 0	 
87	 54	 226.jpg	 0	 0	 0	 0	 
88	 43	 215.jpg	 0	 0	 0	 0	 
