104 1 2 1 1 1.094430
104 2 1 1 1 0.788150
104 3 2 0 0 1.127960
104 4 2 1 0 0.936730
104 5 2 0 1 0.915380
104 6 1 0 0 0.918810
104 7 1 1 1 0.907350
104 8 1 1 1 0.994620
104 9 1 0 1 0.972520
104 10 2 0 0 1.087910
104 11 1 1 1 0.656710
104 12 2 1 0 0.833060
104 13 2 0 0 0.776310
104 14 2 1 0 0.927920
104 15 1 0 0 0.755360
104 17 1 0 0 0.647900
104 18 1 0 0 0.776690
104 19 1 1 0 1.081050
104 20 1 1 0 0.960290
104 21 1 0 0 0.928650
104 22 2 1 0 0.702390
104 23 1 0 0 0.993790
104 24 1 1 0 0.690710
104 25 1 1 0 1.069610
104 26 1 0 0 0.823500
104 28 2 1 1 0.818950
104 29 2 0 0 1.078350
104 30 1 1 0 1.057020
104 31 1 0 0 0.897390
104 32 1 1 1 1.016660
104 33 1 1 0 0.856990
104 34 1 0 0 0.637210
104 35 2 0 0 0.935100
104 36 2 1 0 1.015870
104 38 2 0 1 0.702710
104 39 1 0 0 0.661950
104 40 1 0 1 0.687850
104 41 1 0 1 0.980030
104 42 1 1 1 0.907640
104 43 2 0 0 0.863080
104 44 2 1 0 0.678310
104 45 2 1 1 0.790690
104 46 1 1 0 1.031450
104 48 1 0 1 0.911450
104 50 2 1 1 0.926310
104 51 2 1 0 0.862660
104 52 2 1 1 0.620380
104 53 1 0 0 1.146010
104 54 2 0 1 0.909540
104 55 2 0 0 0.855410
104 56 1 0 1 1.032550
104 57 2 0 1 1.071810
104 58 2 1 0 1.283210
104 59 1 1 1 0.822650
104 60 2 1 1 0.709500
104 62 2 1 1 0.768180
104 63 1 0 1 1.456520
104 64 2 0 0 1.112160
104 65 2 1 1 0.808910
104 66 2 1 0 0.972330
104 67 1 0 1 0.736540
104 68 2 1 1 0.720910
104 69 2 1 0 1.240890
104 70 2 0 0 1.385640
104 71 2 0 1 1.078980
104 73 2 1 1 0.990600
104 74 1 0 0 0.853840
104 75 2 0 1 1.231730
104 76 1 0 1 0.736480
104 77 1 0 0 0.723910
104 78 1 0 0 1.137650
104 79 1 1 1 1.243540
104 80 2 0 0 1.033240
104 81 1 0 1 0.579140
104 82 2 1 0 1.126560
104 83 2 0 0 1.037810
104 84 2 1 1 0.690010
104 85 2 1 0 0.783320
104 87 1 0 0 0.592470
104 88 1 1 1 0.734180
104 90 2 1 1 0.780270
104 91 1 1 0 0.921940
104 92 1 1 1 0.711290
104 93 2 0 1 1.301020
104 94 1 1 0 0.949370
104 95 2 1 0 0.790170
104 96 1 1 1 0.553590
104 97 1 0 0 0.653770
104 98 2 1 1 0.903670
104 99 1 0 0 0.703270
104 100 1 1 0 0.924990
104 101 2 0 0 1.076610
104 102 1 1 1 1.160020
104 103 2 1 1 0.719270
104 105 2 0 1 0.973360
104 106 1 0 0 0.680020
104 107 2 0 0 0.686880
104 108 2 0 1 0.912770
104 109 1 1 1 1.185160
104 110 2 1 1 0.917330
104 111 2 1 1 1.145880
104 112 2 1 0 0.941310
104 113 1 0 1 0.772560
104 114 2 0 0 0.889130
104 115 1 0 1 0.880380
104 116 1 0 1 0.755790
104 118 1 1 1 1.110080
104 119 2 1 0 0.803380
104 120 1 0 0 0.682630
104 121 1 1 0 0.884530
104 122 2 0 1 0.901300
104 123 1 0 0 0.716140
104 124 1 0 0 1.075390
104 125 1 1 0 0.854810
104 126 1 1 1 0.913490
104 127 2 1 1 0.779370
104 128 2 1 0 0.956130
104 129 2 1 1 0.726020
104 130 1 0 1 1.318790
104 131 2 0 0 0.768690
104 132 2 1 1 0.814420
104 133 2 0 1 1.073840
104 134 1 0 0 0.879550
104 135 1 0 0 0.857460
104 136 1 1 0 0.627360
104 137 2 1 0 0.965300
104 138 2 0 1 1.043030
104 139 2 0 0 0.740150
104 140 2 1 1 1.031580
104 141 1 0 0 0.770240
104 142 1 1 0 1.093670
104 143 1 1 0 0.906220
104 144 1 1 0 1.393470
104 145 2 1 1 1.211350
104 146 1 1 1 0.876130
104 150 1 0 0 0.958780
104 151 1 0 0 0.866210
104 152 2 1 1 0.783920
104 153 1 0 0 0.948130
104 154 2 0 1 1.127530
104 155 2 0 0 0.709260
104 156 1 1 0 0.879160
104 157 1 0 0 0.988880
104 159 1 1 0 0.797930
104 160 1 0 0 0.593440
104 161 2 0 1 0.732470
104 162 1 1 1 0.819720
104 163 1 0 0 0.903150
104 164 1 1 1 1.249790
104 165 2 1 1 0.805210
104 166 1 0 0 0.703880
104 167 2 0 0 0.813480
104 169 1 1 0 0.837230
104 170 1 0 0 0.668070
104 171 1 0 0 0.963300
104 172 2 1 1 0.966730
104 173 2 0 0 0.954150
104 174 1 0 0 0.586910
104 175 2 1 1 0.868820
104 176 1 1 0 0.940050
104 177 1 1 0 0.818890
104 178 1 1 1 0.778520
104 179 2 0 0 0.875300
104 180 1 1 1 1.477170
104 181 1 1 0 1.122900
104 182 1 0 0 0.870310
104 183 1 0 0 0.992250
104 184 2 1 1 0.859660
104 185 2 0 1 0.863080
104 186 2 1 1 0.877160
104 187 2 1 1 0.746890
104 188 1 0 0 0.715240
104 189 2 1 0 0.649000
104 190 2 0 1 0.828400
104 191 2 0 1 0.547640
104 192 2 0 0 0.871420
104 193 2 0 1 0.766670
104 194 1 0 1 0.946100
104 195 2 0 0 0.706850
104 196 1 1 1 0.916370
104 197 2 1 1 0.839770
104 198 1 0 0 0.927020
104 199 1 0 0 0.575400
104 200 2 1 0 0.711020
104 201 2 0 1 0.711790
104 202 2 1 1 0.987210
104 203 2 0 0 1.151400
104 204 2 0 1 0.911780
104 206 1 1 0 0.864100
104 207 2 1 0 0.973370
104 208 2 1 0 0.852600
104 209 2 1 0 0.852960
104 210 2 1 0 0.940210
104 211 1 0 1 1.046130
104 212 2 0 0 0.758900
104 213 2 1 1 1.290300
104 214 1 0 0 0.680040
104 215 2 0 0 0.833910
104 217 1 1 0 0.985540
104 218 2 1 1 1.356960
104 219 2 1 0 0.676210
104 222 1 1 0 0.966490
104 223 2 1 1 1.142830
104 224 1 0 0 0.708570
104 225 1 0 1 0.811420
104 226 1 0 0 1.122640
104 227 2 0 1 0.659040
104 228 2 0 1 0.957680
104 229 2 1 1 1.019390
104 230 1 1 1 0.571770
104 231 2 0 0 1.116550
104 232 2 0 0 1.135970
104 233 1 0 0 1.108170
104 234 1 0 1 0.670050
104 235 2 0 0 0.629670
104 236 2 0 0 0.739380
104 237 1 0 1 0.794990
104 238 2 0 1 0.750430
104 239 1 0 0 0.853680
104 240 1 1 1 0.860510
104 241 1 0 0 0.691770
104 242 1 1 0 1.038420
104 243 2 1 1 0.805270
104 244 2 0 0 0.889810
104 245 2 1 0 0.855550
104 246 2 1 1 0.891720
104 247 1 0 0 0.624290
104 248 2 1 0 0.851710
104 249 2 1 1 1.194940
104 250 2 0 0 1.119520
104 251 2 0 1 0.889420
104 252 1 0 1 1.306170
104 253 2 0 0 0.814740
104 254 1 1 1 1.132450
104 255 1 1 0 1.193780
104 256 1 1 1 0.801020
104 257 1 0 0 0.858910
104 258 2 1 1 0.795690
104 259 2 1 1 0.866520
104 260 2 0 1 1.065770
104 261 1 0 0 0.893210
104 262 2 1 1 0.807870
104 263 2 1 1 0.625770
104 264 1 1 1 1.026530
104 265 1 0 0 0.924420
104 266 1 0 0 1.101210
104 267 1 0 1 1.063080
104 268 1 0 0 0.660820
104 269 1 1 1 0.616230
104 270 1 0 0 0.984610
104 271 1 1 1 0.639850
104 272 1 1 0 0.857730
