106 1 2 0 1 0.636800
106 2 2 0 1 0.640210
106 3 1 0 1 0.938870
106 4 2 1 1 0.708800
106 5 1 1 1 0.578490
106 6 2 1 1 1.228390
106 7 2 1 1 0.963620
106 8 2 1 0 0.679050
106 9 1 1 1 0.522470
106 10 2 0 0 0.632200
106 11 2 0 1 0.834070
106 12 1 0 0 0.623820
106 13 2 1 0 0.809680
106 14 1 1 1 0.666490
106 15 1 0 1 0.852370
106 16 2 0 0 0.504570
106 17 1 1 0 1.027210
106 19 1 0 1 0.612390
106 20 1 1 1 0.484720
106 21 2 1 0 0.584930
106 22 1 0 1 0.706820
106 23 1 1 0 0.528540
106 24 2 0 1 0.619210
106 25 2 1 0 0.747580
106 26 2 0 1 0.777300
106 27 2 1 0 1.180720
106 29 2 0 0 0.660320
106 30 1 0 1 0.827560
106 31 1 0 0 0.819190
106 33 1 0 1 0.875150
106 34 1 1 1 1.131930
106 35 2 1 1 0.837820
106 36 2 0 1 0.810030
106 37 1 1 1 0.691910
106 38 2 0 1 0.606580
106 39 2 1 0 0.770770
106 40 1 1 1 0.695330
106 41 1 1 1 0.839710
106 42 1 0 1 0.811890
106 43 2 1 1 0.544470
106 44 2 0 1 0.993220
106 45 2 0 1 1.211100
106 46 1 1 1 0.767690
106 47 1 0 1 0.886940
106 48 2 1 1 0.938360
106 49 2 1 0 0.652270
106 50 1 0 1 1.148620
106 51 1 1 1 0.807320
106 52 1 1 1 0.993190
106 55 2 0 1 1.056040
106 56 1 0 0 1.097940
106 58 2 1 1 1.048020
106 59 1 1 1 0.751270
106 60 2 1 1 0.946700
106 61 2 0 0 0.617940
106 62 1 0 1 1.021360
106 63 2 0 1 0.679260
106 64 2 0 0 0.852960
106 65 1 1 1 0.648410
106 66 1 1 1 0.550110
106 67 1 1 1 0.928010
106 68 1 0 1 0.807250
106 71 2 1 0 0.836130
106 72 2 0 1 0.616310
106 73 2 0 0 0.655160
106 74 2 0 1 0.748870
106 75 1 1 1 1.046770
106 76 1 1 1 0.708500
106 77 1 1 1 0.904700
106 78 2 1 0 0.684110
106 79 2 0 0 0.959520
106 80 1 1 0 0.822760
106 81 2 1 1 0.615140
106 82 1 0 1 1.271910
106 83 1 0 1 1.067320
106 84 2 1 1 0.722430
106 86 2 1 1 0.811700
106 87 2 0 1 0.767890
106 88 1 0 1 0.979310
106 89 1 1 0 1.149190
106 90 1 1 0 0.785380
106 91 1 1 0 0.772820
106 92 2 0 0 0.757580
106 93 1 0 0 0.729000
106 94 1 0 1 0.627670
106 95 2 0 0 1.223090
106 96 1 1 0 0.759860
106 97 1 0 1 0.760250
106 98 1 1 0 0.793020
106 99 1 0 1 0.514890
106 100 1 0 0 0.967100
106 102 1 1 1 0.901170
106 103 2 0 1 0.869550
106 104 1 0 1 0.988790
106 105 1 1 0 1.376210
106 106 2 0 0 1.200970
106 107 2 0 0 1.311070
106 108 2 0 0 0.851630
106 109 1 1 1 0.868000
106 110 1 0 0 1.080970
106 111 1 1 1 0.844380
106 112 2 1 0 0.668740
106 113 2 0 0 1.325510
106 114 1 0 1 0.773150
106 116 2 1 0 1.078630
106 118 2 0 1 0.900720
106 119 2 0 0 0.805510
106 120 2 0 1 1.096920
106 122 1 1 1 0.691600
106 123 2 1 1 0.935020
106 124 2 1 1 0.673680
106 125 1 0 0 0.530830
106 126 2 1 0 0.813480
106 127 2 1 1 0.949100
106 128 2 0 1 0.732700
106 130 1 1 1 0.493860
106 131 2 1 1 1.105260
106 132 1 0 0 0.916680
106 133 1 1 1 1.051920
106 134 2 1 1 0.662590
106 135 2 0 0 0.746030
106 136 1 1 0 0.515910
106 137 1 0 1 0.966080
106 138 1 1 1 1.034270
106 139 2 1 1 0.893690
106 140 2 0 0 1.294460
106 141 2 1 0 0.673890
106 142 1 1 1 0.683770
106 143 2 0 1 0.572920
106 145 2 0 0 1.051000
106 146 1 1 1 0.827790
106 147 1 0 0 0.735200
106 148 1 0 0 0.563380
106 149 2 0 0 0.605270
106 150 2 1 1 0.814070
106 151 1 1 1 0.718410
106 152 2 0 1 0.937100
106 153 2 0 1 0.844510
106 154 1 1 1 0.628130
106 155 1 1 1 1.188890
106 156 2 0 0 0.731720
106 157 1 0 0 1.017440
106 158 2 1 1 1.068880
106 159 1 1 1 0.743530
106 160 1 1 0 0.981250
106 161 1 0 1 0.812090
106 162 1 0 1 1.219350
106 163 1 1 1 0.605240
106 164 1 1 0 1.054000
106 165 1 0 1 0.817430
106 166 2 1 0 0.721790
106 167 2 1 0 0.809040
106 168 1 0 1 0.748460
106 169 2 1 0 0.554190
106 170 1 0 1 0.813600
106 171 1 0 1 0.788870
106 172 2 0 1 1.062350
106 173 2 1 1 1.018540
106 175 1 1 1 1.150820
106 176 1 0 0 0.882530
106 177 1 1 1 0.841790
106 178 2 1 1 0.746150
106 179 2 1 1 1.038340
106 180 2 1 0 0.805590
106 181 1 1 1 0.579680
106 182 2 0 1 0.826510
106 183 2 1 0 0.827270
106 184 2 0 1 0.949180
106 185 1 0 1 1.308800
106 186 2 1 0 0.692030
106 187 1 1 1 0.903440
106 188 2 0 1 0.613190
106 189 2 0 1 0.629540
106 190 1 1 0 1.148790
106 192 1 1 1 0.772400
106 194 2 0 1 0.632950
106 195 1 0 1 0.703790
106 196 1 1 0 0.987230
106 197 2 0 1 0.814660
106 198 1 1 1 0.712570
106 199 1 0 1 0.937340
106 201 2 0 0 1.026070
106 203 2 0 1 0.989120
106 204 2 1 0 0.704560
106 205 1 0 1 0.811010
106 206 1 1 0 0.959200
106 208 2 1 1 0.707390
106 209 2 0 0 0.742820
106 210 2 1 0 0.560720
106 211 1 1 1 1.041850
106 212 2 0 0 0.655580
106 213 2 0 1 0.591920
106 214 1 0 1 0.816720
106 215 2 1 0 0.916130
106 216 2 1 0 1.000310
106 217 1 0 1 0.818220
106 218 1 1 1 0.850990
106 219 2 0 1 0.883370
106 220 1 0 0 0.926010
106 221 1 0 1 0.961430
106 222 2 1 1 0.921040
106 223 1 1 1 0.873830
106 224 2 0 0 1.040650
106 225 2 0 0 1.022370
106 226 2 0 0 1.393810
106 227 2 1 1 0.908450
106 228 1 1 1 0.874180
106 229 1 1 1 0.625040
106 230 1 0 0 0.888290
106 231 2 1 1 0.786180
106 232 1 1 0 0.690930
106 233 2 0 0 0.870350
106 234 2 0 0 0.390740
106 235 2 1 1 0.589970
106 236 1 1 1 0.561400
106 237 1 0 0 0.575120
106 238 1 1 1 0.706540
106 239 2 0 1 0.825780
106 240 2 1 0 0.715280
106 241 1 0 0 0.847500
106 242 2 1 0 0.911840
106 243 2 1 0 0.500030
106 244 1 0 1 0.823470
106 245 2 0 1 0.622710
106 246 1 0 1 0.863080
106 247 1 1 1 0.595280
106 248 2 0 1 0.874510
106 249 2 0 1 1.416600
106 250 2 1 0 0.847440
106 251 1 1 0 1.120200
106 252 1 0 1 0.874110
106 253 1 1 1 1.249710
106 254 1 1 0 1.048960
106 255 2 1 1 0.844370
106 256 1 0 1 0.554110
106 257 2 0 1 0.714470
106 258 2 1 1 1.041710
106 259 2 1 0 1.035620
106 260 1 0 1 0.665340
106 262 2 1 0 0.541910
106 263 1 0 0 0.836730
106 264 1 0 1 0.848160
106 266 1 1 1 0.813500
106 268 1 0 1 0.658810
106 269 2 0 1 0.951000
106 270 1 0 1 0.628330
106 272 2 0 0 0.885460
