1	 67	 239.jpg	 0	 0	 0	 0	 
2	 86	 258.jpg	 0	 0	 0	 0	 
3	 4	 108.jpg	 1	 1	 48	 1	 
4	 28	 160.jpg	 1	 1	 50	 0	 
5	 32	 204.jpg	 0	 0	 0	 0	 
6	 63	 235.jpg	 0	 0	 0	 0	 
7	 27	 156.jpg	 1	 1	 55	 0	 
8	 54	 226.jpg	 0	 0	 0	 0	 
9	 88	 260.jpg	 0	 0	 0	 0	 
10	 69	 241.jpg	 0	 0	 0	 0	 
11	 41	 213.jpg	 0	 0	 0	 0	 
12	 16	 136.jpg	 1	 1	 17	 1	 
13	 20	 145.jpg	 1	 1	 51	 1	 
14	 2	 102.jpg	 1	 1	 16	 1	 
15	 72	 244.jpg	 0	 0	 0	 0	 
16	 43	 215.jpg	 0	 0	 0	 0	 
17	 64	 236.jpg	 0	 0	 0	 0	 
18	 57	 229.jpg	 0	 0	 0	 0	 
19	 34	 206.jpg	 0	 0	 0	 0	 
20	 40	 212.jpg	 0	 0	 0	 0	 
21	 33	 205.jpg	 0	 0	 0	 0	 
22	 36	 208.jpg	 0	 1	 0	 0	 
23	 26	 155.jpg	 1	 1	 44	 0	 
24	 10	 122.jpg	 1	 1	 10	 0	 
25	 66	 238.jpg	 0	 0	 0	 0	 
26	 51	 223.jpg	 0	 1	 0	 0	 
27	 31	 203.jpg	 0	 0	 0	 0	 
28	 39	 211.jpg	 0	 0	 0	 0	 
29	 44	 216.jpg	 0	 0	 0	 0	 
30	 73	 245.jpg	 0	 0	 0	 0	 
31	 30	 202.jpg	 0	 0	 0	 0	 
32	 85	 257.jpg	 0	 1	 0	 0	 
33	 55	 227.jpg	 0	 0	 0	 0	 
34	 53	 225.jpg	 0	 0	 0	 0	 
35	 22	 148.jpg	 1	 1	 46	 1	 
36	 1	 101.jpg	 1	 1	 8	 1	 
37	 12	 124.jpg	 1	 1	 56	 0	 
38	 11	 123.jpg	 1	 1	 43	 1	 
39	 48	 220.jpg	 0	 0	 0	 0	 
40	 8	 117.jpg	 1	 1	 5	 0	 
41	 81	 253.jpg	 0	 0	 0	 0	 
42	 18	 140.jpg	 1	 1	 15	 0	 
43	 45	 217.jpg	 0	 1	 0	 0	 
44	 42	 214.jpg	 0	 0	 0	 0	 
45	 52	 224.jpg	 0	 0	 0	 0	 
46	 25	 154.jpg	 1	 1	 6	 0	 
47	 62	 234.jpg	 0	 0	 0	 0	 
48	 70	 242.jpg	 0	 1	 0	 0	 
49	 9	 120.jpg	 1	 1	 45	 0	 
50	 65	 237.jpg	 0	 1	 0	 0	 
51	 21	 147.jpg	 1	 1	 18	 0	 
52	 56	 228.jpg	 0	 0	 0	 0	 
53	 47	 219.jpg	 0	 0	 0	 0	 
54	 13	 125.jpg	 1	 1	 47	 0	 
55	 61	 233.jpg	 0	 0	 0	 0	 
56	 50	 222.jpg	 0	 1	 0	 0	 
57	 74	 246.jpg	 0	 0	 0	 0	 
58	 87	 259.jpg	 0	 0	 0	 0	 
59	 37	 209.jpg	 0	 0	 0	 0	 
60	 29	 201.jpg	 0	 0	 0	 0	 
61	 14	 128.jpg	 1	 1	 11	 1	 
62	 75	 247.jpg	 0	 0	 0	 0	 
63	 71	 243.jpg	 0	 0	 0	 0	 
64	 78	 250.jpg	 0	 1	 0	 0	 
65	 60	 232.jpg	 0	 0	 0	 0	 
66	 46	 218.jpg	 0	 1	 0	 0	 
67	 77	 249.jpg	 0	 0	 0	 0	 
68	 5	 113.jpg	 1	 1	 13	 0	 
69	 3	 105.jpg	 1	 1	 54	 1	 
70	 24	 151.jpg	 1	 0	 12	 0	 
71	 84	 256.jpg	 0	 0	 0	 0	 
72	 38	 210.jpg	 0	 0	 0	 0	 
73	 6	 114.jpg	 1	 1	 52	 0	 
74	 68	 240.jpg	 0	 0	 0	 0	 
75	 35	 207.jpg	 0	 0	 0	 0	 
76	 80	 252.jpg	 0	 0	 0	 0	 
77	 58	 230.jpg	 0	 1	 0	 0	 
78	 59	 231.jpg	 0	 0	 0	 0	 
79	 83	 255.jpg	 0	 0	 0	 0	 
80	 17	 137.jpg	 1	 1	 14	 1	 
81	 19	 142.jpg	 1	 1	 7	 0	 
82	 76	 248.jpg	 0	 0	 0	 0	 
83	 7	 116.jpg	 1	 1	 53	 0	 
84	 15	 134.jpg	 1	 1	 9	 1	 
85	 23	 149.jpg	 1	 1	 49	 1	 
86	 49	 221.jpg	 0	 0	 0	 0	 
87	 79	 251.jpg	 0	 1	 0	 0	 
88	 82	 254.jpg	 0	 0	 0	 0	 
