1	 81	 253.jpg	 0	 0	 0	 0	 
2	 8	 121.jpg	 1	 1	 14	 1	 
3	 36	 208.jpg	 0	 0	 0	 0	 
4	 56	 228.jpg	 0	 0	 0	 0	 
5	 3	 111.jpg	 1	 1	 6	 0	 
6	 66	 238.jpg	 0	 0	 0	 0	 
7	 71	 243.jpg	 0	 0	 0	 0	 
8	 40	 212.jpg	 0	 0	 0	 0	 
9	 73	 245.jpg	 0	 0	 0	 0	 
10	 72	 244.jpg	 0	 0	 0	 0	 
11	 30	 202.jpg	 0	 0	 0	 0	 
12	 2	 110.jpg	 1	 1	 46	 1	 
13	 69	 241.jpg	 0	 0	 0	 0	 
14	 38	 210.jpg	 0	 0	 0	 0	 
15	 53	 225.jpg	 0	 0	 0	 0	 
16	 23	 152.jpg	 1	 1	 5	 0	 
17	 31	 203.jpg	 0	 0	 0	 0	 
18	 33	 205.jpg	 0	 0	 0	 0	 
19	 80	 252.jpg	 0	 0	 0	 0	 
20	 18	 139.jpg	 1	 1	 48	 1	 
21	 78	 250.jpg	 0	 0	 0	 0	 
22	 61	 233.jpg	 0	 0	 0	 0	 
23	 44	 216.jpg	 0	 0	 0	 0	 
24	 63	 235.jpg	 0	 0	 0	 0	 
25	 19	 141.jpg	 1	 1	 9	 1	 
26	 54	 226.jpg	 0	 0	 0	 0	 
27	 58	 230.jpg	 0	 0	 0	 0	 
28	 60	 232.jpg	 0	 0	 0	 0	 
29	 87	 259.jpg	 0	 0	 0	 0	 
30	 50	 222.jpg	 0	 0	 0	 0	 
31	 62	 234.jpg	 0	 0	 0	 0	 
32	 20	 142.jpg	 1	 1	 10	 0	 
33	 59	 231.jpg	 0	 0	 0	 0	 
34	 48	 220.jpg	 0	 0	 0	 0	 
35	 49	 221.jpg	 0	 0	 0	 0	 
36	 26	 155.jpg	 1	 1	 43	 1	 
37	 17	 138.jpg	 1	 1	 51	 1	 
38	 28	 159.jpg	 1	 0	 56	 0	 
39	 14	 133.jpg	 1	 1	 18	 0	 
40	 68	 240.jpg	 0	 0	 0	 0	 
41	 77	 249.jpg	 0	 0	 0	 0	 
42	 13	 131.jpg	 1	 0	 55	 0	 
43	 57	 229.jpg	 0	 0	 0	 0	 
44	 84	 256.jpg	 0	 0	 0	 0	 
45	 79	 251.jpg	 0	 0	 0	 0	 
46	 16	 137.jpg	 1	 1	 45	 0	 
47	 86	 258.jpg	 0	 0	 0	 0	 
48	 43	 215.jpg	 0	 0	 0	 0	 
49	 70	 242.jpg	 0	 0	 0	 0	 
50	 85	 257.jpg	 0	 0	 0	 0	 
51	 67	 239.jpg	 0	 0	 0	 0	 
52	 88	 260.jpg	 0	 0	 0	 0	 
53	 39	 211.jpg	 0	 0	 0	 0	 
54	 46	 218.jpg	 0	 0	 0	 0	 
55	 27	 157.jpg	 1	 0	 52	 0	 
56	 74	 246.jpg	 0	 0	 0	 0	 
57	 21	 145.jpg	 1	 0	 7	 0	 
58	 64	 236.jpg	 0	 0	 0	 0	 
59	 7	 120.jpg	 1	 1	 49	 1	 
60	 75	 247.jpg	 0	 0	 0	 0	 
61	 15	 136.jpg	 1	 1	 12	 0	 
62	 10	 128.jpg	 1	 0	 13	 0	 
63	 35	 207.jpg	 0	 0	 0	 0	 
64	 12	 130.jpg	 1	 1	 47	 0	 
65	 42	 214.jpg	 0	 0	 0	 0	 
66	 82	 254.jpg	 0	 0	 0	 0	 
67	 51	 223.jpg	 0	 0	 0	 0	 
68	 4	 114.jpg	 1	 1	 15	 0	 
69	 47	 219.jpg	 0	 0	 0	 0	 
70	 6	 117.jpg	 1	 1	 11	 1	 
71	 55	 227.jpg	 0	 0	 0	 0	 
72	 32	 204.jpg	 0	 0	 0	 0	 
73	 11	 129.jpg	 1	 1	 17	 1	 
74	 45	 217.jpg	 0	 0	 0	 0	 
75	 29	 201.jpg	 0	 0	 0	 0	 
76	 5	 115.jpg	 1	 1	 50	 0	 
77	 25	 154.jpg	 1	 1	 53	 0	 
78	 34	 206.jpg	 0	 0	 0	 0	 
79	 24	 153.jpg	 1	 0	 44	 0	 
80	 52	 224.jpg	 0	 0	 0	 0	 
81	 83	 255.jpg	 0	 0	 0	 0	 
82	 1	 103.jpg	 1	 1	 16	 1	 
83	 37	 209.jpg	 0	 0	 0	 0	 
84	 76	 248.jpg	 0	 0	 0	 0	 
85	 65	 237.jpg	 0	 0	 0	 0	 
86	 9	 123.jpg	 1	 1	 8	 1	 
87	 22	 149.jpg	 1	 1	 54	 1	 
88	 41	 213.jpg	 0	 0	 0	 0	 
