1	 4	 106.jpg	 1	 1	 15	 1	 
2	 66	 238.jpg	 0	 0	 0	 0	 
3	 58	 230.jpg	 0	 0	 0	 0	 
4	 27	 156.jpg	 1	 1	 53	 1	 
5	 54	 226.jpg	 0	 0	 0	 0	 
6	 28	 159.jpg	 1	 1	 46	 0	 
7	 57	 229.jpg	 0	 0	 0	 0	 
8	 26	 152.jpg	 1	 1	 16	 0	 
9	 18	 132.jpg	 1	 1	 51	 0	 
10	 42	 214.jpg	 0	 0	 0	 0	 
11	 82	 254.jpg	 0	 0	 0	 0	 
12	 81	 253.jpg	 0	 0	 0	 0	 
13	 17	 130.jpg	 1	 1	 5	 0	 
14	 15	 128.jpg	 1	 1	 18	 1	 
15	 69	 241.jpg	 0	 0	 0	 0	 
16	 83	 255.jpg	 0	 0	 0	 0	 
17	 38	 210.jpg	 0	 0	 0	 0	 
18	 59	 231.jpg	 0	 0	 0	 0	 
19	 8	 116.jpg	 1	 1	 43	 0	 
20	 45	 217.jpg	 0	 0	 0	 0	 
21	 22	 146.jpg	 1	 1	 12	 1	 
22	 2	 102.jpg	 1	 1	 52	 1	 
23	 14	 127.jpg	 1	 1	 10	 1	 
24	 29	 201.jpg	 0	 0	 0	 0	 
25	 39	 211.jpg	 0	 1	 0	 0	 
26	 40	 212.jpg	 0	 0	 0	 0	 
27	 5	 112.jpg	 1	 1	 55	 0	 
28	 34	 206.jpg	 0	 0	 0	 0	 
29	 78	 250.jpg	 0	 1	 0	 0	 
30	 61	 233.jpg	 0	 0	 0	 0	 
31	 64	 236.jpg	 0	 0	 0	 0	 
32	 20	 143.jpg	 1	 1	 14	 0	 
33	 79	 251.jpg	 0	 1	 0	 0	 
34	 19	 134.jpg	 1	 1	 9	 0	 
35	 49	 221.jpg	 0	 0	 0	 0	 
36	 63	 235.jpg	 0	 0	 0	 0	 
37	 84	 256.jpg	 0	 0	 0	 0	 
38	 80	 252.jpg	 0	 0	 0	 0	 
39	 23	 147.jpg	 1	 0	 44	 1	 
40	 70	 242.jpg	 0	 0	 0	 0	 
41	 53	 225.jpg	 0	 0	 0	 0	 
42	 21	 144.jpg	 1	 1	 50	 1	 
43	 75	 247.jpg	 0	 0	 0	 0	 
44	 48	 220.jpg	 0	 0	 0	 0	 
45	 68	 240.jpg	 0	 0	 0	 0	 
46	 13	 124.jpg	 1	 1	 48	 0	 
47	 72	 244.jpg	 0	 0	 0	 0	 
48	 32	 204.jpg	 0	 0	 0	 0	 
49	 24	 149.jpg	 1	 1	 49	 0	 
50	 74	 246.jpg	 0	 0	 0	 0	 
51	 43	 215.jpg	 0	 0	 0	 0	 
52	 30	 202.jpg	 0	 0	 0	 0	 
53	 76	 248.jpg	 0	 0	 0	 0	 
54	 11	 119.jpg	 1	 1	 13	 1	 
55	 36	 208.jpg	 0	 0	 0	 0	 
56	 60	 232.jpg	 0	 0	 0	 0	 
57	 71	 243.jpg	 0	 0	 0	 0	 
58	 44	 216.jpg	 0	 0	 0	 0	 
59	 56	 228.jpg	 0	 0	 0	 0	 
60	 62	 234.jpg	 0	 0	 0	 0	 
61	 9	 117.jpg	 1	 1	 54	 0	 
62	 73	 245.jpg	 0	 0	 0	 0	 
63	 35	 207.jpg	 0	 0	 0	 0	 
64	 52	 224.jpg	 0	 0	 0	 0	 
65	 47	 219.jpg	 0	 0	 0	 0	 
66	 25	 151.jpg	 1	 1	 6	 0	 
67	 85	 257.jpg	 0	 0	 0	 0	 
68	 67	 239.jpg	 0	 1	 0	 0	 
69	 33	 205.jpg	 0	 0	 0	 0	 
70	 86	 258.jpg	 0	 0	 0	 0	 
71	 46	 218.jpg	 0	 0	 0	 0	 
72	 12	 123.jpg	 1	 1	 45	 1	 
73	 51	 223.jpg	 0	 1	 0	 0	 
74	 87	 259.jpg	 0	 0	 0	 0	 
75	 65	 237.jpg	 0	 0	 0	 0	 
76	 55	 227.jpg	 0	 0	 0	 0	 
77	 77	 249.jpg	 0	 0	 0	 0	 
78	 41	 213.jpg	 0	 0	 0	 0	 
79	 50	 222.jpg	 0	 0	 0	 0	 
80	 31	 203.jpg	 0	 0	 0	 0	 
81	 3	 104.jpg	 1	 1	 47	 1	 
82	 7	 115.jpg	 1	 1	 17	 0	 
83	 88	 260.jpg	 0	 0	 0	 0	 
84	 16	 129.jpg	 1	 1	 56	 0	 
85	 10	 118.jpg	 1	 1	 11	 0	 
86	 1	 101.jpg	 1	 1	 7	 1	 
87	 37	 209.jpg	 0	 1	 0	 0	 
88	 6	 113.jpg	 1	 1	 8	 0	 
