1	19	141.jpg	1	1	0	0	5
2	17	134.jpg	1	1	1	1	48
3	2	102.jpg	1	1	0	1	45
4	18	139.jpg	1	1	1	0	11
5	25	152.jpg	1	1	0	0	7
6	77	249.jpg	0	1	0	0	0
7	14	125.jpg	1	1	1	1	14
8	26	154.jpg	1	1	1	1	51
9	79	251.jpg	0	1	0	0	0
10	15	126.jpg	1	1	0	0	47
11	11	116.jpg	1	1	0	1	52
12	4	105.jpg	1	1	0	1	55
13	9	113.jpg	1	1	0	0	53
14	21	146.jpg	1	1	0	0	6
15	8	110.jpg	1	1	1	1	46
16	24	150.jpg	1	1	1	0	54
17	1	101.jpg	1	1	0	1	44
18	16	129.jpg	1	1	0	0	10
19	27	155.jpg	1	1	0	0	15
20	47	219.jpg	0	1	0	1	0
21	6	107.jpg	1	1	1	1	8
22	22	147.jpg	1	1	1	0	9
23	3	104.jpg	1	1	1	0	17
24	20	145.jpg	1	1	1	0	16
25	12	119.jpg	1	1	0	1	56
26	88	260.jpg	0	1	0	0	0
27	62	234.jpg	0	1	0	0	0
28	38	210.jpg	0	1	0	0	0
29	75	247.jpg	0	1	0	1	0
30	13	124.jpg	1	1	0	1	12
31	5	106.jpg	1	1	1	1	49
32	28	157.jpg	1	1	0	0	50
33	31	203.jpg	0	1	0	0	0
34	50	222.jpg	0	1	0	0	0
35	10	114.jpg	1	1	1	1	43
36	23	148.jpg	1	1	0	0	18
37	7	108.jpg	1	1	0	1	13
