1	 33	 205.jpg	 0	 0	 0	 0	 
2	 26	 148.jpg	 1	 1	 52	 0	 
3	 69	 241.jpg	 0	 0	 0	 0	 
4	 9	 114.jpg	 1	 1	 43	 1	 
5	 28	 154.jpg	 1	 1	 18	 0	 
6	 3	 103.jpg	 1	 1	 44	 0	 
7	 14	 122.jpg	 1	 1	 12	 0	 
8	 55	 227.jpg	 0	 0	 0	 0	 
9	 71	 243.jpg	 0	 0	 0	 0	 
10	 62	 234.jpg	 0	 0	 0	 0	 
11	 16	 125.jpg	 1	 1	 10	 0	 
12	 80	 252.jpg	 0	 0	 0	 0	 
13	 70	 242.jpg	 0	 0	 0	 0	 
14	 87	 259.jpg	 0	 0	 0	 0	 
15	 56	 228.jpg	 0	 0	 0	 0	 
16	 22	 142.jpg	 1	 1	 16	 1	 
17	 63	 235.jpg	 0	 0	 0	 0	 
18	 53	 225.jpg	 0	 0	 0	 0	 
19	 57	 229.jpg	 0	 0	 0	 0	 
20	 46	 218.jpg	 0	 0	 0	 0	 
21	 61	 233.jpg	 0	 0	 0	 0	 
22	 30	 202.jpg	 0	 0	 0	 0	 
23	 84	 256.jpg	 0	 0	 0	 0	 
24	 68	 240.jpg	 0	 0	 0	 0	 
25	 27	 151.jpg	 1	 0	 9	 1	 
26	 76	 248.jpg	 0	 0	 0	 0	 
27	 7	 110.jpg	 1	 1	 17	 1	 
28	 18	 135.jpg	 1	 1	 11	 1	 
29	 51	 223.jpg	 0	 0	 0	 0	 
30	 75	 247.jpg	 0	 0	 0	 0	 
31	 81	 253.jpg	 0	 0	 0	 0	 
32	 6	 109.jpg	 1	 1	 50	 0	 
33	 88	 260.jpg	 0	 1	 0	 0	 
34	 52	 224.jpg	 0	 0	 0	 0	 
35	 42	 214.jpg	 0	 0	 0	 0	 
36	 23	 143.jpg	 1	 0	 55	 0	 
37	 73	 245.jpg	 0	 0	 0	 0	 
38	 35	 207.jpg	 0	 0	 0	 0	 
39	 13	 120.jpg	 1	 1	 8	 1	 
40	 45	 217.jpg	 0	 1	 0	 0	 
41	 48	 220.jpg	 0	 0	 0	 0	 
42	 64	 236.jpg	 0	 0	 0	 0	 
43	 72	 244.jpg	 0	 0	 0	 0	 
44	 49	 221.jpg	 0	 0	 0	 0	 
45	 41	 213.jpg	 0	 0	 0	 0	 
46	 31	 203.jpg	 0	 0	 0	 0	 
47	 82	 254.jpg	 0	 0	 0	 0	 
48	 40	 212.jpg	 0	 0	 0	 0	 
49	 2	 102.jpg	 1	 1	 14	 1	 
50	 38	 210.jpg	 0	 0	 0	 0	 
51	 19	 137.jpg	 1	 1	 46	 1	 
52	 24	 144.jpg	 1	 1	 54	 1	 
53	 83	 255.jpg	 0	 0	 0	 0	 
54	 36	 208.jpg	 0	 0	 0	 0	 
55	 29	 201.jpg	 0	 0	 0	 0	 
56	 50	 222.jpg	 0	 0	 0	 0	 
57	 54	 226.jpg	 0	 0	 0	 0	 
58	 74	 246.jpg	 0	 0	 0	 0	 
59	 17	 133.jpg	 1	 1	 5	 0	 
60	 25	 145.jpg	 1	 0	 56	 0	 
61	 66	 238.jpg	 0	 0	 0	 0	 
62	 21	 139.jpg	 1	 0	 48	 1	 
63	 59	 231.jpg	 0	 0	 0	 0	 
64	 8	 113.jpg	 1	 1	 13	 0	 
65	 44	 216.jpg	 0	 0	 0	 0	 
66	 34	 206.jpg	 0	 0	 0	 0	 
67	 11	 116.jpg	 1	 1	 15	 0	 
68	 1	 101.jpg	 1	 1	 45	 0	 
69	 32	 204.jpg	 0	 0	 0	 0	 
70	 58	 230.jpg	 0	 0	 0	 0	 
71	 10	 115.jpg	 1	 1	 49	 1	 
72	 15	 124.jpg	 1	 1	 6	 0	 
73	 78	 250.jpg	 0	 0	 0	 0	 
74	 65	 237.jpg	 0	 0	 0	 0	 
75	 5	 107.jpg	 1	 1	 53	 0	 
76	 39	 211.jpg	 0	 1	 0	 0	 
77	 77	 249.jpg	 0	 0	 0	 0	 
78	 47	 219.jpg	 0	 0	 0	 0	 
79	 20	 138.jpg	 1	 0	 47	 0	 
80	 67	 239.jpg	 0	 0	 0	 0	 
81	 60	 232.jpg	 0	 0	 0	 0	 
82	 12	 117.jpg	 1	 1	 51	 1	 
83	 4	 106.jpg	 1	 1	 7	 0	 
84	 85	 257.jpg	 0	 0	 0	 0	 
85	 37	 209.jpg	 0	 0	 0	 0	 
86	 43	 215.jpg	 0	 0	 0	 0	 
87	 86	 258.jpg	 0	 0	 0	 0	 
88	 79	 251.jpg	 0	 0	 0	 0	 
