1	21	143.jpg	1	1	1	0	16
2	8	116.jpg	1	1	1	0	49
3	13	130.jpg	1	1	1	1	14
4	26	153.jpg	1	0	0	0	6
5	19	141.jpg	1	1	0	1	56
6	16	136.jpg	1	1	0	1	53
7	20	142.jpg	1	1	0	0	15
8	15	135.jpg	1	1	0	0	47
9	2	102.jpg	1	1	0	0	12
10	5	108.jpg	1	1	1	1	46
11	4	104.jpg	1	1	0	0	52
12	45	217.jpg	0	1	0	0	0
13	22	144.jpg	1	1	0	0	5
14	23	145.jpg	1	1	0	0	10
15	27	157.jpg	1	0	0	0	18
16	7	113.jpg	1	1	1	1	9
17	6	109.jpg	1	1	1	0	8
18	3	103.jpg	1	1	0	0	13
19	41	213.jpg	0	1	0	0	0
20	51	223.jpg	0	1	0	0	0
21	87	259.jpg	0	1	0	0	0
22	62	234.jpg	0	1	0	0	0
23	24	148.jpg	1	1	0	0	55
24	11	124.jpg	1	1	1	0	43
25	12	129.jpg	1	1	1	1	51
26	1	101.jpg	1	1	1	1	17
27	18	139.jpg	1	1	0	1	7
28	9	118.jpg	1	1	0	1	44
29	14	133.jpg	1	1	1	1	54
30	25	152.jpg	1	1	1	1	11
31	17	138.jpg	1	0	0	0	45
32	10	119.jpg	1	1	1	0	48
33	61	233.jpg	0	1	0	0	0
34	28	160.jpg	1	1	0	0	50
