1	24	147.jpg	1	1	1	1	9
2	87	259.jpg	0	1	0	0	0
3	62	234.jpg	0	1	0	0	0
4	5	108.jpg	1	1	0	0	53
5	85	257.jpg	0	1	0	0	0
6	20	141.jpg	1	1	0	0	44
7	8	115.jpg	1	1	1	0	48
8	10	118.jpg	1	1	1	0	17
9	26	153.jpg	1	1	0	1	12
10	25	149.jpg	1	1	0	0	52
11	12	120.jpg	1	1	1	0	14
12	27	156.jpg	1	1	0	0	47
13	19	139.jpg	1	1	1	0	54
14	4	106.jpg	1	1	0	1	45
15	13	124.jpg	1	1	0	0	18
16	1	101.jpg	1	1	1	0	46
17	67	239.jpg	0	1	0	0	0
18	16	127.jpg	1	1	0	0	5
19	28	158.jpg	1	0	0	0	55
20	7	113.jpg	1	1	1	1	16
21	21	143.jpg	1	1	0	1	15
22	18	137.jpg	1	1	0	0	13
23	11	119.jpg	1	1	1	1	49
24	14	125.jpg	1	1	1	1	43
25	22	144.jpg	1	1	0	0	50
26	45	217.jpg	0	1	0	0	0
27	6	109.jpg	1	1	0	0	7
28	17	131.jpg	1	1	0	1	10
29	3	105.jpg	1	1	1	1	8
30	23	145.jpg	1	1	0	0	56
31	9	116.jpg	1	1	1	0	51
32	2	104.jpg	1	1	0	0	6
33	15	126.jpg	1	1	1	1	11
