1	11	121.jpg	1	1	0	0	11
2	27	159.jpg	1	1	0	1	46
3	10	120.jpg	1	1	1	1	12
4	12	122.jpg	1	1	0	1	14
5	6	115.jpg	1	1	0	1	56
6	5	114.jpg	1	1	1	0	45
7	23	152.jpg	1	1	1	1	10
8	2	106.jpg	1	1	1	1	13
9	9	119.jpg	1	1	1	1	47
10	14	126.jpg	1	1	1	1	7
11	13	125.jpg	1	0	1	0	52
12	25	157.jpg	1	0	1	1	53
13	18	138.jpg	1	1	0	1	48
14	1	101.jpg	1	1	0	1	43
15	8	118.jpg	1	1	0	0	6
16	15	127.jpg	1	1	1	1	15
17	20	147.jpg	1	1	0	1	17
18	26	158.jpg	1	1	0	0	49
19	22	151.jpg	1	1	1	1	44
20	16	130.jpg	1	1	0	0	9
21	17	131.jpg	1	0	0	0	55
22	28	160.jpg	1	1	0	1	16
23	67	239.jpg	0	1	0	1	0
24	19	142.jpg	1	1	0	0	5
25	4	112.jpg	1	1	0	0	8
26	21	150.jpg	1	1	0	1	54
27	3	108.jpg	1	1	1	0	50
28	7	117.jpg	1	1	0	0	51
29	24	155.jpg	1	1	1	1	18
