1	17	130.jpg	1	1	0	0	5
2	9	117.jpg	1	1	0	0	54
3	21	144.jpg	1	1	1	1	50
4	20	143.jpg	1	1	0	1	14
5	18	132.jpg	1	1	0	0	51
6	4	106.jpg	1	1	1	1	15
7	23	147.jpg	1	0	1	0	44
8	8	116.jpg	1	1	0	0	43
9	2	102.jpg	1	1	1	0	52
10	10	118.jpg	1	1	0	1	11
11	25	151.jpg	1	1	0	0	6
12	16	129.jpg	1	1	0	0	56
13	12	123.jpg	1	1	1	1	45
14	24	149.jpg	1	1	0	0	49
15	3	104.jpg	1	1	1	1	47
16	39	211.jpg	0	1	0	0	0
17	6	113.jpg	1	1	0	1	8
18	14	127.jpg	1	1	1	0	10
19	51	223.jpg	0	1	0	0	0
20	78	250.jpg	0	1	0	1	0
21	27	156.jpg	1	1	1	0	53
22	7	115.jpg	1	1	0	0	17
23	37	209.jpg	0	1	0	0	0
24	5	112.jpg	1	1	0	1	55
25	1	101.jpg	1	1	1	0	7
26	79	251.jpg	0	1	0	0	0
27	67	239.jpg	0	1	0	0	0
28	26	152.jpg	1	1	0	0	16
29	19	134.jpg	1	1	0	1	9
30	11	119.jpg	1	1	1	0	13
31	13	124.jpg	1	1	0	1	48
32	28	159.jpg	1	1	0	0	46
33	15	128.jpg	1	1	1	0	18
34	22	146.jpg	1	1	1	1	12
