subjectID	 order	 itemIndABC	 runtrial	 isOld?	 subjectAnswer	 onsettime	 Name	 resp_choice	 RT	 bidInd	 isBeep?
BMI_bfr_108	 2	 81	 1	 0	 0	 2.991695e-02	 253.jpg	 u	 2.104809e+00	 0	 0	 
BMI_bfr_108	 2	 8	 2	 1	 1	 3.183415e+00	 121.jpg	 i	 9.593134e-01	 14	 1	 
BMI_bfr_108	 2	 36	 3	 0	 0	 5.185757e+00	 208.jpg	 u	 1.188988e+00	 0	 0	 
BMI_bfr_108	 2	 56	 4	 0	 0	 7.421568e+00	 228.jpg	 u	 8.171645e-01	 0	 0	 
BMI_bfr_108	 2	 3	 5	 1	 1	 9.290343e+00	 111.jpg	 i	 7.323690e-01	 6	 0	 
BMI_bfr_108	 2	 66	 6	 0	 0	 1.107566e+01	 238.jpg	 u	 7.950627e-01	 0	 0	 
BMI_bfr_108	 2	 71	 7	 0	 0	 1.292774e+01	 243.jpg	 u	 7.829977e-01	 0	 0	 
BMI_bfr_108	 2	 40	 8	 0	 0	 1.476319e+01	 212.jpg	 u	 8.035467e-01	 0	 0	 
BMI_bfr_108	 2	 73	 9	 0	 0	 1.661521e+01	 245.jpg	 u	 8.235228e-01	 0	 0	 
BMI_bfr_108	 2	 72	 10	 0	 0	 1.848392e+01	 244.jpg	 u	 6.028140e-01	 0	 0	 
BMI_bfr_108	 2	 30	 11	 0	 0	 2.013583e+01	 202.jpg	 u	 1.054896e+00	 0	 0	 
BMI_bfr_108	 2	 2	 12	 1	 1	 2.223825e+01	 110.jpg	 i	 6.724776e-01	 46	 1	 
BMI_bfr_108	 2	 69	 13	 0	 0	 2.395693e+01	 241.jpg	 u	 1.129811e+00	 0	 0	 
BMI_bfr_108	 2	 38	 14	 0	 0	 2.614263e+01	 210.jpg	 u	 1.992088e+00	 0	 0	 
BMI_bfr_108	 2	 53	 15	 0	 0	 2.917938e+01	 225.jpg	 u	 1.131353e+00	 0	 0	 
BMI_bfr_108	 2	 23	 16	 1	 1	 3.136511e+01	 152.jpg	 i	 6.896344e-01	 5	 0	 
BMI_bfr_108	 2	 31	 17	 0	 0	 3.310054e+01	 203.jpg	 u	 7.221961e-01	 0	 0	 
BMI_bfr_108	 2	 33	 18	 0	 0	 3.486904e+01	 205.jpg	 u	 7.136909e-01	 0	 0	 
BMI_bfr_108	 2	 80	 19	 0	 0	 3.663772e+01	 252.jpg	 u	 6.410114e-01	 0	 0	 
BMI_bfr_108	 2	 18	 20	 1	 1	 3.832306e+01	 139.jpg	 i	 9.956682e-01	 48	 1	 
BMI_bfr_108	 2	 78	 21	 0	 0	 4.037518e+01	 250.jpg	 u	 1.135556e+00	 0	 0	 
BMI_bfr_108	 2	 61	 22	 0	 0	 4.256102e+01	 233.jpg	 u	 1.517712e+00	 0	 0	 
BMI_bfr_108	 2	 44	 23	 0	 0	 4.513053e+01	 216.jpg	 u	 6.042025e-01	 0	 0	 
BMI_bfr_108	 2	 63	 24	 0	 0	 4.678241e+01	 235.jpg	 u	 2.304315e+00	 0	 0	 
BMI_bfr_108	 2	 19	 25	 1	 1	 5.013614e+01	 141.jpg	 i	 9.745980e-01	 9	 1	 
BMI_bfr_108	 2	 54	 26	 0	 0	 5.215509e+01	 226.jpg	 u	 9.796368e-01	 0	 0	 
BMI_bfr_108	 2	 58	 27	 0	 0	 5.419074e+01	 230.jpg	 u	 1.351990e+00	 0	 0	 
BMI_bfr_108	 2	 60	 28	 0	 0	 5.659336e+01	 232.jpg	 u	 6.853640e-01	 0	 0	 
BMI_bfr_108	 2	 87	 29	 0	 0	 5.832875e+01	 259.jpg	 u	 1.318002e+00	 0	 0	 
BMI_bfr_108	 2	 50	 30	 0	 0	 6.069805e+01	 222.jpg	 u	 5.887223e-01	 0	 0	 
BMI_bfr_108	 2	 62	 31	 0	 0	 6.233323e+01	 234.jpg	 u	 1.009497e+00	 0	 0	 
BMI_bfr_108	 2	 20	 32	 1	 1	 6.438545e+01	 142.jpg	 i	 8.372752e-01	 10	 0	 
BMI_bfr_108	 2	 59	 33	 0	 0	 6.627098e+01	 231.jpg	 u	 7.117535e-01	 0	 0	 
BMI_bfr_108	 2	 48	 34	 0	 0	 6.803968e+01	 220.jpg	 u	 9.670435e-01	 0	 0	 
BMI_bfr_108	 2	 49	 35	 0	 0	 7.005850e+01	 221.jpg	 u	 7.242262e-01	 0	 0	 
BMI_bfr_108	 2	 26	 36	 1	 1	 7.182726e+01	 155.jpg	 i	 1.347467e+00	 43	 1	 
BMI_bfr_108	 2	 17	 37	 1	 1	 7.422987e+01	 138.jpg	 i	 1.000903e+00	 51	 1	 
BMI_bfr_108	 2	 28	 38	 1	 0	 7.628216e+01	 159.jpg	 u	 1.084565e+00	 56	 0	 
BMI_bfr_108	 2	 14	 39	 1	 1	 7.841797e+01	 133.jpg	 i	 1.100762e+00	 18	 0	 
BMI_bfr_108	 2	 68	 40	 0	 0	 8.057037e+01	 240.jpg	 u	 8.363585e-01	 0	 0	 
BMI_bfr_108	 2	 77	 41	 0	 0	 8.245574e+01	 249.jpg	 u	 1.094998e+00	 0	 0	 
BMI_bfr_108	 2	 13	 42	 1	 0	 8.460824e+01	 131.jpg	 u	 6.304920e-01	 55	 0	 
BMI_bfr_108	 2	 57	 43	 0	 0	 8.629340e+01	 229.jpg	 u	 6.333301e-01	 0	 0	 
BMI_bfr_108	 2	 84	 44	 0	 0	 8.797878e+01	 256.jpg	 u	 6.439822e-01	 0	 0	 
BMI_bfr_108	 2	 79	 45	 0	 0	 8.968059e+01	 251.jpg	 u	 5.581421e-01	 0	 0	 
BMI_bfr_108	 2	 16	 46	 1	 1	 9.128232e+01	 137.jpg	 i	 8.444042e-01	 45	 0	 
BMI_bfr_108	 2	 86	 47	 0	 0	 9.318454e+01	 258.jpg	 u	 7.501929e-01	 0	 0	 
BMI_bfr_108	 2	 43	 48	 0	 0	 9.498663e+01	 215.jpg	 u	 1.076129e+00	 0	 0	 
BMI_bfr_108	 2	 70	 49	 0	 0	 9.710557e+01	 242.jpg	 u	 7.651541e-01	 0	 0	 
BMI_bfr_108	 2	 85	 50	 0	 0	 9.892423e+01	 257.jpg	 u	 5.785028e-01	 0	 0	 
BMI_bfr_108	 2	 67	 51	 0	 0	 1.005595e+02	 239.jpg	 u	 5.031981e-01	 0	 0	 
BMI_bfr_108	 2	 88	 52	 0	 0	 1.021112e+02	 260.jpg	 u	 6.314972e-01	 0	 0	 
BMI_bfr_108	 2	 39	 53	 0	 0	 1.037964e+02	 211.jpg	 u	 6.423438e-01	 0	 0	 
BMI_bfr_108	 2	 46	 54	 0	 0	 1.054817e+02	 218.jpg	 u	 5.170351e-01	 0	 0	 
BMI_bfr_108	 2	 27	 55	 1	 0	 1.070501e+02	 157.jpg	 u	 1.028632e+00	 52	 0	 
BMI_bfr_108	 2	 74	 56	 0	 0	 1.091358e+02	 246.jpg	 u	 8.309638e-01	 0	 0	 
BMI_bfr_108	 2	 21	 57	 1	 0	 1.110212e+02	 145.jpg	 u	 9.535062e-01	 7	 0	 
BMI_bfr_108	 2	 64	 58	 0	 0	 1.130234e+02	 236.jpg	 u	 1.167337e+00	 0	 0	 
BMI_bfr_108	 2	 7	 59	 1	 1	 1.152426e+02	 120.jpg	 i	 7.560959e-01	 49	 1	 
BMI_bfr_108	 2	 75	 60	 0	 0	 1.170448e+02	 247.jpg	 u	 7.619653e-01	 0	 0	 
BMI_bfr_108	 2	 15	 61	 1	 1	 1.188634e+02	 136.jpg	 i	 1.039366e+00	 12	 0	 
BMI_bfr_108	 2	 10	 62	 1	 0	 1.209490e+02	 128.jpg	 u	 9.697786e-01	 13	 0	 
BMI_bfr_108	 2	 35	 63	 0	 0	 1.229680e+02	 207.jpg	 u	 5.987798e-01	 0	 0	 
BMI_bfr_108	 2	 12	 64	 1	 1	 1.246198e+02	 130.jpg	 i	 1.026964e+00	 47	 0	 
BMI_bfr_108	 2	 42	 65	 0	 0	 1.267055e+02	 214.jpg	 u	 5.972125e-01	 0	 0	 
BMI_bfr_108	 2	 82	 66	 0	 0	 1.283573e+02	 254.jpg	 u	 6.174297e-01	 0	 0	 
BMI_bfr_108	 2	 51	 67	 0	 0	 1.300259e+02	 223.jpg	 u	 6.848416e-01	 0	 0	 
BMI_bfr_108	 2	 4	 68	 1	 1	 1.317612e+02	 114.jpg	 i	 7.255735e-01	 15	 0	 
BMI_bfr_108	 2	 47	 69	 0	 0	 1.335300e+02	 219.jpg	 u	 1.164749e+00	 0	 0	 
BMI_bfr_108	 2	 6	 70	 1	 1	 1.357490e+02	 117.jpg	 i	 7.777754e-01	 11	 1	 
BMI_bfr_108	 2	 55	 71	 0	 0	 1.375843e+02	 227.jpg	 u	 5.264347e-01	 0	 0	 
BMI_bfr_108	 2	 32	 72	 0	 0	 1.391694e+02	 204.jpg	 u	 6.613045e-01	 0	 0	 
BMI_bfr_108	 2	 11	 73	 1	 1	 1.408880e+02	 129.jpg	 i	 7.347380e-01	 17	 1	 
BMI_bfr_108	 2	 45	 74	 0	 0	 1.426734e+02	 217.jpg	 u	 6.933049e-01	 0	 0	 
BMI_bfr_108	 2	 29	 75	 0	 0	 1.444254e+02	 201.jpg	 u	 1.157313e+00	 0	 0	 
BMI_bfr_108	 2	 5	 76	 1	 1	 1.466278e+02	 115.jpg	 i	 8.269255e-01	 50	 0	 
BMI_bfr_108	 2	 25	 77	 1	 1	 1.485132e+02	 154.jpg	 i	 8.214967e-01	 53	 0	 
BMI_bfr_108	 2	 34	 78	 0	 0	 1.503820e+02	 206.jpg	 u	 7.047202e-01	 0	 0	 
BMI_bfr_108	 2	 24	 79	 1	 0	 1.521341e+02	 153.jpg	 u	 7.606696e-01	 44	 0	 
BMI_bfr_108	 2	 52	 80	 0	 0	 1.539529e+02	 224.jpg	 u	 5.578667e-01	 0	 0	 
BMI_bfr_108	 2	 83	 81	 0	 0	 1.555546e+02	 255.jpg	 u	 7.081386e-01	 0	 0	 
BMI_bfr_108	 2	 1	 82	 1	 1	 1.573065e+02	 103.jpg	 i	 6.122200e-01	 16	 1	 
BMI_bfr_108	 2	 37	 83	 0	 0	 1.589751e+02	 209.jpg	 u	 7.276136e-01	 0	 0	 
BMI_bfr_108	 2	 76	 84	 0	 0	 1.607604e+02	 248.jpg	 u	 6.703016e-01	 0	 0	 
BMI_bfr_108	 2	 65	 85	 0	 0	 1.624789e+02	 237.jpg	 u	 9.037982e-01	 0	 0	 
BMI_bfr_108	 2	 9	 86	 1	 1	 1.644311e+02	 123.jpg	 i	 7.836248e-01	 8	 1	 
BMI_bfr_108	 2	 22	 87	 1	 1	 1.662666e+02	 149.jpg	 i	 9.321505e-01	 54	 1	 
BMI_bfr_108	 2	 41	 88	 0	 0	 1.682521e+02	 213.jpg	 u	 1.562655e+00	 0	 0	 
