1	 5	 111.jpg	 1	 1	 9	 1	 
2	 28	 160.jpg	 1	 1	 46	 1	 
3	 72	 244.jpg	 0	 0	 0	 0	 
4	 8	 115.jpg	 1	 1	 49	 1	 
5	 44	 216.jpg	 0	 0	 0	 0	 
6	 70	 242.jpg	 0	 0	 0	 0	 
7	 62	 234.jpg	 0	 0	 0	 0	 
8	 80	 252.jpg	 0	 0	 0	 0	 
9	 30	 202.jpg	 0	 0	 0	 0	 
10	 59	 231.jpg	 0	 0	 0	 0	 
11	 48	 220.jpg	 0	 0	 0	 0	 
12	 45	 217.jpg	 0	 0	 0	 0	 
13	 39	 211.jpg	 0	 0	 0	 0	 
14	 56	 228.jpg	 0	 0	 0	 0	 
15	 54	 226.jpg	 0	 0	 0	 0	 
16	 6	 112.jpg	 1	 1	 12	 0	 
17	 26	 158.jpg	 1	 1	 47	 0	 
18	 77	 249.jpg	 0	 0	 0	 0	 
19	 18	 139.jpg	 1	 1	 53	 0	 
20	 75	 247.jpg	 0	 0	 0	 0	 
21	 50	 222.jpg	 0	 0	 0	 0	 
22	 31	 203.jpg	 0	 0	 0	 0	 
23	 61	 233.jpg	 0	 0	 0	 0	 
24	 47	 219.jpg	 0	 0	 0	 0	 
25	 14	 129.jpg	 1	 1	 13	 0	 
26	 19	 140.jpg	 1	 1	 48	 1	 
27	 67	 239.jpg	 0	 0	 0	 0	 
28	 68	 240.jpg	 0	 0	 0	 0	 
29	 32	 204.jpg	 0	 0	 0	 0	 
30	 23	 153.jpg	 1	 1	 17	 1	 
31	 85	 257.jpg	 0	 0	 0	 0	 
32	 20	 143.jpg	 1	 1	 50	 0	 
33	 71	 243.jpg	 0	 0	 0	 0	 
34	 4	 107.jpg	 1	 1	 11	 1	 
35	 41	 213.jpg	 0	 0	 0	 0	 
36	 84	 256.jpg	 0	 0	 0	 0	 
37	 86	 258.jpg	 0	 0	 0	 0	 
38	 12	 127.jpg	 1	 0	 56	 0	 
39	 83	 255.jpg	 0	 0	 0	 0	 
40	 76	 248.jpg	 0	 0	 0	 0	 
41	 82	 254.jpg	 0	 0	 0	 0	 
42	 22	 152.jpg	 1	 1	 18	 0	 
43	 74	 246.jpg	 0	 0	 0	 0	 
44	 43	 215.jpg	 0	 0	 0	 0	 
45	 81	 253.jpg	 0	 0	 0	 0	 
46	 73	 245.jpg	 0	 0	 0	 0	 
47	 35	 207.jpg	 0	 0	 0	 0	 
48	 15	 133.jpg	 1	 1	 15	 0	 
49	 52	 224.jpg	 0	 0	 0	 0	 
50	 79	 251.jpg	 0	 0	 0	 0	 
51	 38	 210.jpg	 0	 0	 0	 0	 
52	 13	 128.jpg	 1	 0	 55	 0	 
53	 46	 218.jpg	 0	 0	 0	 0	 
54	 33	 205.jpg	 0	 0	 0	 0	 
55	 57	 229.jpg	 0	 0	 0	 0	 
56	 60	 232.jpg	 0	 0	 0	 0	 
57	 66	 238.jpg	 0	 0	 0	 0	 
58	 42	 214.jpg	 0	 0	 0	 0	 
59	 2	 102.jpg	 1	 1	 6	 0	 
60	 16	 136.jpg	 1	 1	 8	 1	 
61	 10	 122.jpg	 1	 1	 44	 0	 
62	 87	 259.jpg	 0	 0	 0	 0	 
63	 11	 123.jpg	 1	 1	 16	 1	 
64	 34	 206.jpg	 0	 0	 0	 0	 
65	 9	 116.jpg	 1	 1	 7	 0	 
66	 24	 156.jpg	 1	 1	 45	 0	 
67	 25	 157.jpg	 1	 0	 51	 1	 
68	 7	 113.jpg	 1	 1	 5	 0	 
69	 29	 201.jpg	 0	 0	 0	 0	 
70	 64	 236.jpg	 0	 0	 0	 0	 
71	 88	 260.jpg	 0	 0	 0	 0	 
72	 63	 235.jpg	 0	 0	 0	 0	 
73	 58	 230.jpg	 0	 0	 0	 0	 
74	 78	 250.jpg	 0	 0	 0	 0	 
75	 17	 138.jpg	 1	 1	 54	 1	 
76	 49	 221.jpg	 0	 0	 0	 0	 
77	 65	 237.jpg	 0	 0	 0	 0	 
78	 53	 225.jpg	 0	 0	 0	 0	 
79	 55	 227.jpg	 0	 0	 0	 0	 
80	 27	 159.jpg	 1	 1	 43	 1	 
81	 40	 212.jpg	 0	 0	 0	 0	 
82	 1	 101.jpg	 1	 1	 14	 1	 
83	 69	 241.jpg	 0	 0	 0	 0	 
84	 51	 223.jpg	 0	 0	 0	 0	 
85	 36	 208.jpg	 0	 0	 0	 0	 
86	 37	 209.jpg	 0	 0	 0	 0	 
87	 3	 106.jpg	 1	 1	 10	 0	 
88	 21	 144.jpg	 1	 1	 52	 0	 
