1	87	259.jpg	0	1	0	0	0
2	26	156.jpg	1	1	0	1	43
3	12	128.jpg	1	1	0	1	5
4	25	155.jpg	1	1	1	0	45
5	18	143.jpg	1	1	0	0	6
6	79	251.jpg	0	1	0	1	0
7	4	116.jpg	1	1	1	1	44
8	8	120.jpg	1	1	0	0	51
9	27	158.jpg	1	1	0	0	48
10	24	154.jpg	1	1	0	0	16
11	3	111.jpg	1	1	0	0	56
12	23	151.jpg	1	1	1	1	10
13	6	118.jpg	1	1	0	1	9
14	10	123.jpg	1	0	0	0	55
15	20	147.jpg	1	1	0	1	17
16	39	211.jpg	0	1	0	0	0
17	1	106.jpg	1	1	1	1	47
18	38	210.jpg	0	1	0	0	0
19	21	148.jpg	1	1	0	0	49
20	11	127.jpg	1	1	1	1	13
21	17	142.jpg	1	1	1	1	7
22	7	119.jpg	1	1	1	0	15
23	15	139.jpg	1	1	1	0	52
24	2	109.jpg	1	1	1	1	18
25	19	144.jpg	1	1	0	0	54
26	13	134.jpg	1	1	0	0	8
27	9	121.jpg	1	1	1	0	50
28	5	117.jpg	1	1	0	0	46
29	16	140.jpg	1	1	1	1	12
30	28	160.jpg	1	1	1	0	53
31	14	137.jpg	1	1	0	1	14
32	22	150.jpg	1	1	0	1	11
