1	21	144.jpg	1	1	0	0	52
2	15	133.jpg	1	1	0	1	15
3	18	139.jpg	1	1	0	0	53
4	1	101.jpg	1	1	1	1	14
5	16	136.jpg	1	1	1	1	8
6	8	115.jpg	1	1	1	0	49
7	17	138.jpg	1	1	1	0	54
8	12	127.jpg	1	0	0	0	56
9	22	152.jpg	1	1	0	1	18
10	2	102.jpg	1	1	0	0	6
11	11	123.jpg	1	1	1	1	16
12	13	128.jpg	1	0	0	1	55
13	5	111.jpg	1	1	1	1	9
14	3	106.jpg	1	1	0	1	10
15	25	157.jpg	1	0	1	0	51
16	7	113.jpg	1	1	0	1	5
17	28	160.jpg	1	1	1	0	46
18	4	107.jpg	1	1	1	1	11
19	26	158.jpg	1	1	0	1	47
20	10	122.jpg	1	1	0	1	44
21	20	143.jpg	1	1	0	0	50
22	14	129.jpg	1	1	0	0	13
23	9	116.jpg	1	1	0	1	7
24	24	156.jpg	1	1	0	0	45
25	27	159.jpg	1	1	1	1	43
26	23	153.jpg	1	1	1	1	17
27	19	140.jpg	1	1	1	1	48
28	6	112.jpg	1	1	0	0	12
