1	 51	 223.jpg	 0	 0	 0	 0	 
2	 87	 259.jpg	 0	 0	 0	 0	 
3	 76	 248.jpg	 0	 0	 0	 0	 
4	 74	 246.jpg	 0	 0	 0	 0	 
5	 68	 240.jpg	 0	 0	 0	 0	 
6	 42	 214.jpg	 0	 0	 0	 0	 
7	 53	 225.jpg	 0	 0	 0	 0	 
8	 88	 260.jpg	 0	 1	 0	 0	 
9	 57	 229.jpg	 0	 0	 0	 0	 
10	 26	 154.jpg	 1	 1	 51	 1	 
11	 35	 207.jpg	 0	 0	 0	 0	 
12	 62	 234.jpg	 0	 1	 0	 0	 
13	 18	 139.jpg	 1	 1	 11	 1	 
14	 69	 241.jpg	 0	 0	 0	 0	 
15	 43	 215.jpg	 0	 0	 0	 0	 
16	 79	 251.jpg	 0	 1	 0	 0	 
17	 36	 208.jpg	 0	 0	 0	 0	 
18	 39	 211.jpg	 0	 0	 0	 0	 
19	 24	 150.jpg	 1	 1	 54	 1	 
20	 66	 238.jpg	 0	 0	 0	 0	 
21	 82	 254.jpg	 0	 0	 0	 0	 
22	 50	 222.jpg	 0	 1	 0	 0	 
23	 17	 134.jpg	 1	 1	 48	 1	 
24	 83	 255.jpg	 0	 0	 0	 0	 
25	 13	 124.jpg	 1	 1	 12	 0	 
26	 5	 106.jpg	 1	 1	 49	 1	 
27	 14	 125.jpg	 1	 1	 14	 1	 
28	 32	 204.jpg	 0	 0	 0	 0	 
29	 11	 116.jpg	 1	 1	 52	 0	 
30	 10	 114.jpg	 1	 1	 43	 1	 
31	 30	 202.jpg	 0	 0	 0	 0	 
32	 9	 113.jpg	 1	 1	 53	 0	 
33	 12	 119.jpg	 1	 1	 56	 0	 
34	 20	 145.jpg	 1	 1	 16	 1	 
35	 56	 228.jpg	 0	 0	 0	 0	 
36	 84	 256.jpg	 0	 0	 0	 0	 
37	 58	 230.jpg	 0	 0	 0	 0	 
38	 72	 244.jpg	 0	 0	 0	 0	 
39	 41	 213.jpg	 0	 0	 0	 0	 
40	 28	 157.jpg	 1	 1	 50	 0	 
41	 52	 224.jpg	 0	 0	 0	 0	 
42	 78	 250.jpg	 0	 0	 0	 0	 
43	 19	 141.jpg	 1	 1	 5	 0	 
44	 77	 249.jpg	 0	 1	 0	 0	 
45	 16	 129.jpg	 1	 1	 10	 0	 
46	 33	 205.jpg	 0	 0	 0	 0	 
47	 40	 212.jpg	 0	 0	 0	 0	 
48	 45	 217.jpg	 0	 0	 0	 0	 
49	 75	 247.jpg	 0	 1	 0	 0	 
50	 81	 253.jpg	 0	 0	 0	 0	 
51	 27	 155.jpg	 1	 1	 15	 0	 
52	 47	 219.jpg	 0	 1	 0	 0	 
53	 6	 107.jpg	 1	 1	 8	 1	 
54	 44	 216.jpg	 0	 0	 0	 0	 
55	 64	 236.jpg	 0	 0	 0	 0	 
56	 86	 258.jpg	 0	 0	 0	 0	 
57	 1	 101.jpg	 1	 1	 44	 0	 
58	 31	 203.jpg	 0	 1	 0	 0	 
59	 73	 245.jpg	 0	 0	 0	 0	 
60	 29	 201.jpg	 0	 0	 0	 0	 
61	 7	 108.jpg	 1	 1	 13	 0	 
62	 49	 221.jpg	 0	 0	 0	 0	 
63	 4	 105.jpg	 1	 1	 55	 0	 
64	 46	 218.jpg	 0	 0	 0	 0	 
65	 59	 231.jpg	 0	 0	 0	 0	 
66	 60	 232.jpg	 0	 0	 0	 0	 
67	 80	 252.jpg	 0	 0	 0	 0	 
68	 71	 243.jpg	 0	 0	 0	 0	 
69	 3	 104.jpg	 1	 1	 17	 1	 
70	 55	 227.jpg	 0	 0	 0	 0	 
71	 8	 110.jpg	 1	 1	 46	 1	 
72	 23	 148.jpg	 1	 1	 18	 0	 
73	 63	 235.jpg	 0	 0	 0	 0	 
74	 54	 226.jpg	 0	 0	 0	 0	 
75	 2	 102.jpg	 1	 1	 45	 0	 
76	 15	 126.jpg	 1	 1	 47	 0	 
77	 21	 146.jpg	 1	 1	 6	 0	 
78	 48	 220.jpg	 0	 0	 0	 0	 
79	 25	 152.jpg	 1	 1	 7	 0	 
80	 37	 209.jpg	 0	 0	 0	 0	 
81	 38	 210.jpg	 0	 1	 0	 0	 
82	 61	 233.jpg	 0	 0	 0	 0	 
83	 85	 257.jpg	 0	 0	 0	 0	 
84	 70	 242.jpg	 0	 0	 0	 0	 
85	 22	 147.jpg	 1	 1	 9	 1	 
86	 34	 206.jpg	 0	 0	 0	 0	 
87	 67	 239.jpg	 0	 0	 0	 0	 
88	 65	 237.jpg	 0	 0	 0	 0	 
