1	 21	 143.jpg	 1	 1	 15	 0	 
2	 74	 246.jpg	 0	 0	 0	 0	 
3	 77	 249.jpg	 0	 0	 0	 0	 
4	 17	 131.jpg	 1	 1	 10	 0	 
5	 52	 224.jpg	 0	 0	 0	 0	 
6	 1	 101.jpg	 1	 1	 46	 1	 
7	 56	 228.jpg	 0	 0	 0	 0	 
8	 83	 255.jpg	 0	 0	 0	 0	 
9	 16	 127.jpg	 1	 1	 5	 0	 
10	 80	 252.jpg	 0	 0	 0	 0	 
11	 22	 144.jpg	 1	 1	 50	 0	 
12	 57	 229.jpg	 0	 0	 0	 0	 
13	 28	 158.jpg	 1	 0	 55	 0	 
14	 36	 208.jpg	 0	 0	 0	 0	 
15	 27	 156.jpg	 1	 1	 47	 0	 
16	 81	 253.jpg	 0	 0	 0	 0	 
17	 66	 238.jpg	 0	 0	 0	 0	 
18	 62	 234.jpg	 0	 1	 0	 0	 
19	 25	 149.jpg	 1	 1	 52	 0	 
20	 37	 209.jpg	 0	 0	 0	 0	 
21	 63	 235.jpg	 0	 0	 0	 0	 
22	 84	 256.jpg	 0	 0	 0	 0	 
23	 79	 251.jpg	 0	 0	 0	 0	 
24	 67	 239.jpg	 0	 1	 0	 0	 
25	 39	 211.jpg	 0	 0	 0	 0	 
26	 82	 254.jpg	 0	 0	 0	 0	 
27	 13	 124.jpg	 1	 1	 18	 0	 
28	 71	 243.jpg	 0	 0	 0	 0	 
29	 30	 202.jpg	 0	 0	 0	 0	 
30	 18	 137.jpg	 1	 1	 13	 0	 
31	 76	 248.jpg	 0	 0	 0	 0	 
32	 33	 205.jpg	 0	 0	 0	 0	 
33	 11	 119.jpg	 1	 1	 49	 1	 
34	 42	 214.jpg	 0	 0	 0	 0	 
35	 86	 258.jpg	 0	 0	 0	 0	 
36	 45	 217.jpg	 0	 1	 0	 0	 
37	 14	 125.jpg	 1	 1	 43	 1	 
38	 46	 218.jpg	 0	 0	 0	 0	 
39	 54	 226.jpg	 0	 0	 0	 0	 
40	 43	 215.jpg	 0	 0	 0	 0	 
41	 41	 213.jpg	 0	 0	 0	 0	 
42	 53	 225.jpg	 0	 0	 0	 0	 
43	 73	 245.jpg	 0	 0	 0	 0	 
44	 87	 259.jpg	 0	 1	 0	 0	 
45	 9	 116.jpg	 1	 1	 51	 1	 
46	 4	 106.jpg	 1	 1	 45	 0	 
47	 69	 241.jpg	 0	 0	 0	 0	 
48	 19	 139.jpg	 1	 1	 54	 1	 
49	 6	 109.jpg	 1	 1	 7	 0	 
50	 3	 105.jpg	 1	 1	 8	 1	 
51	 49	 221.jpg	 0	 0	 0	 0	 
52	 31	 203.jpg	 0	 0	 0	 0	 
53	 35	 207.jpg	 0	 0	 0	 0	 
54	 15	 126.jpg	 1	 1	 11	 1	 
55	 51	 223.jpg	 0	 0	 0	 0	 
56	 7	 113.jpg	 1	 1	 16	 1	 
57	 70	 242.jpg	 0	 0	 0	 0	 
58	 59	 231.jpg	 0	 0	 0	 0	 
59	 78	 250.jpg	 0	 0	 0	 0	 
60	 68	 240.jpg	 0	 0	 0	 0	 
61	 44	 216.jpg	 0	 0	 0	 0	 
62	 8	 115.jpg	 1	 1	 48	 1	 
63	 58	 230.jpg	 0	 0	 0	 0	 
64	 32	 204.jpg	 0	 0	 0	 0	 
65	 65	 237.jpg	 0	 0	 0	 0	 
66	 5	 108.jpg	 1	 1	 53	 0	 
67	 20	 141.jpg	 1	 1	 44	 0	 
68	 72	 244.jpg	 0	 0	 0	 0	 
69	 34	 206.jpg	 0	 0	 0	 0	 
70	 55	 227.jpg	 0	 0	 0	 0	 
71	 12	 120.jpg	 1	 1	 14	 1	 
72	 50	 222.jpg	 0	 0	 0	 0	 
73	 29	 201.jpg	 0	 0	 0	 0	 
74	 60	 232.jpg	 0	 0	 0	 0	 
75	 24	 147.jpg	 1	 1	 9	 1	 
76	 23	 145.jpg	 1	 1	 56	 0	 
77	 47	 219.jpg	 0	 0	 0	 0	 
78	 2	 104.jpg	 1	 1	 6	 0	 
79	 88	 260.jpg	 0	 0	 0	 0	 
80	 85	 257.jpg	 0	 1	 0	 0	 
81	 40	 212.jpg	 0	 0	 0	 0	 
82	 61	 233.jpg	 0	 0	 0	 0	 
83	 48	 220.jpg	 0	 0	 0	 0	 
84	 10	 118.jpg	 1	 1	 17	 1	 
85	 75	 247.jpg	 0	 0	 0	 0	 
86	 26	 153.jpg	 1	 1	 12	 0	 
87	 38	 210.jpg	 0	 0	 0	 0	 
88	 64	 236.jpg	 0	 0	 0	 0	 
