subjectID	 order	 runNum	 itemName	 onsetTime	 shuff_trialType	 RT	 respInTime	 AudioTime	 response	 fixationTime	 ladder1	 ladder2	 bidIndex	 itemNameIndex	 bidValue	 
BMI_bf_112	 2	 11	 118.tif	 2.041254e+03	 12	 999000	 120	 999000	 999	 2.042270e+03	 416.67	 416.67	 10.00	 48	 0.77	 
BMI_bf_112	 2	 11	 112.tif	 2.044254e+03	 24	 999000	 240	 999000	 999	 2.045270e+03	 416.67	 416.67	 34.00	 42	 0.45	 
BMI_bf_112	 2	 11	 130.tif	 2.048254e+03	 12	 999000	 120	 999000	 999	 2.049270e+03	 416.67	 416.67	 15.00	 60	 0.72	 
BMI_bf_112	 2	 11	 115.tif	 2.050254e+03	 12	 999000	 120	 999000	 999	 2.051270e+03	 416.67	 416.67	 6.00	 45	 0.82	 
BMI_bf_112	 2	 11	 009.tif	 2.052254e+03	 22	 1.036490e+03	 2200	 4.596917e+02	 98	 2.053270e+03	 416.67	 366.67	 38.00	 9	 0.40	 
BMI_bf_112	 2	 11	 002.tif	 2.056254e+03	 22	 8.683478e+02	 220	 4.092019e+02	 98	 2.057270e+03	 416.67	 383.33	 49.00	 2	 0.26	 
BMI_bf_112	 2	 11	 104.tif	 2.058253e+03	 11	 9.964668e+02	 110	 4.589835e+02	 98	 2.059270e+03	 433.33	 383.33	 16.00	 34	 0.70	 
BMI_bf_112	 2	 11	 117.tif	 2.063253e+03	 24	 999000	 240	 999000	 999	 2.064270e+03	 433.33	 383.33	 56.00	 47	 0.19	 
BMI_bf_112	 2	 11	 022.tif	 2.065253e+03	 11	 9.800232e+02	 110	 4.771132e+02	 98	 2.066270e+03	 450.00	 383.33	 17.00	 22	 0.67	 
BMI_bf_112	 2	 11	 119.tif	 2.068253e+03	 22	 9.159386e+02	 220	 4.241824e+02	 98	 2.069270e+03	 450.00	 400.00	 35.00	 49	 0.45	 
BMI_bf_112	 2	 11	 021.tif	 2.071253e+03	 22	 9.158021e+02	 220	 4.421310e+02	 98	 2.072270e+03	 450.00	 416.67	 41.00	 21	 0.35	 
BMI_bf_112	 2	 11	 101.tif	 2.075253e+03	 24	 999000	 240	 999000	 999	 2.076269e+03	 450.00	 416.67	 44.00	 31	 0.32	 
BMI_bf_112	 2	 11	 124.tif	 2.078253e+03	 24	 999000	 240	 999000	 999	 2.079269e+03	 450.00	 416.67	 45.00	 54	 0.32	 
BMI_bf_112	 2	 11	 110.tif	 2.080253e+03	 12	 999000	 120	 999000	 999	 2.081269e+03	 450.00	 416.67	 4.00	 40	 0.83	 
BMI_bf_112	 2	 11	 105.tif	 2.083253e+03	 22	 9.474078e+02	 220	 4.597626e+02	 98	 2.084269e+03	 450.00	 433.33	 43.00	 35	 0.34	 
BMI_bf_112	 2	 11	 116.tif	 2.087253e+03	 11	 9.552410e+02	 110	 4.907767e+02	 98	 2.088269e+03	 466.67	 433.33	 9.00	 46	 0.78	 
BMI_bf_112	 2	 11	 103.tif	 2.090253e+03	 11	 9.792164e+02	 110	 5.087171e+02	 98	 2.091269e+03	 483.33	 433.33	 19.00	 33	 0.66	 
BMI_bf_112	 2	 11	 015.tif	 2.092253e+03	 12	 999000	 120	 999000	 999	 2.093269e+03	 483.33	 433.33	 18.00	 15	 0.67	 
BMI_bf_112	 2	 11	 111.tif	 2.094253e+03	 24	 999000	 240	 999000	 999	 2.095269e+03	 483.33	 433.33	 31.00	 41	 0.49	 
BMI_bf_112	 2	 11	 001.tif	 2.099252e+03	 24	 999000	 240	 999000	 999	 2.100269e+03	 483.33	 433.33	 32.00	 1	 0.47	 
BMI_bf_112	 2	 11	 123.tif	 2.103252e+03	 11	 1.018654e+03	 1100	 5.253816e+02	 98	 2.104269e+03	 433.33	 433.33	 8.00	 53	 0.79	 
BMI_bf_112	 2	 11	 024.tif	 2.107252e+03	 24	 999000	 240	 999000	 999	 2.108269e+03	 433.33	 433.33	 58.00	 24	 0.17	 
BMI_bf_112	 2	 11	 108.tif	 2.113252e+03	 12	 999000	 120	 999000	 999	 2.114268e+03	 433.33	 433.33	 20.00	 38	 0.66	 
BMI_bf_112	 2	 11	 016.tif	 2.115252e+03	 22	 9.382459e+02	 220	 4.756912e+02	 98	 2.116268e+03	 433.33	 450.00	 40.00	 16	 0.36	 
BMI_bf_112	 2	 11	 026.tif	 2.117252e+03	 12	 999000	 120	 999000	 999	 2.118268e+03	 433.33	 450.00	 12.00	 26	 0.75	 
BMI_bf_112	 2	 11	 129.tif	 2.119252e+03	 12	 999000	 120	 999000	 999	 2.120268e+03	 433.33	 450.00	 28.00	 59	 0.52	 
BMI_bf_112	 2	 11	 107.tif	 2.121252e+03	 24	 999000	 240	 999000	 999	 2.122268e+03	 433.33	 450.00	 59.00	 37	 0.11	 
BMI_bf_112	 2	 11	 011.tif	 2.125252e+03	 12	 999000	 120	 999000	 999	 2.126268e+03	 433.33	 450.00	 2.00	 11	 0.85	 
BMI_bf_112	 2	 11	 023.tif	 2.127252e+03	 11	 7.778324e+02	 110	 4.746326e+02	 98	 2.128268e+03	 450.00	 450.00	 23.00	 23	 0.59	 
BMI_bf_112	 2	 11	 120.tif	 2.131252e+03	 24	 999000	 240	 999000	 999	 2.132268e+03	 450.00	 450.00	 36.00	 50	 0.42	 
BMI_bf_112	 2	 11	 027.tif	 2.133252e+03	 12	 999000	 120	 999000	 999	 2.134268e+03	 450.00	 450.00	 24.00	 27	 0.59	 
BMI_bf_112	 2	 11	 028.tif	 2.135251e+03	 12	 999000	 120	 999000	 999	 2.136268e+03	 450.00	 450.00	 13.00	 28	 0.75	 
BMI_bf_112	 2	 11	 017.tif	 2.137251e+03	 12	 999000	 120	 999000	 999	 2.138268e+03	 450.00	 450.00	 25.00	 17	 0.59	 
BMI_bf_112	 2	 11	 008.tif	 2.142251e+03	 24	 999000	 240	 999000	 999	 2.143268e+03	 450.00	 450.00	 60.00	 8	 0.10	 
BMI_bf_112	 2	 11	 127.tif	 2.144251e+03	 24	 999000	 240	 999000	 999	 2.145268e+03	 450.00	 450.00	 33.00	 57	 0.46	 
BMI_bf_112	 2	 11	 102.tif	 2.146251e+03	 12	 999000	 120	 999000	 999	 2.147268e+03	 450.00	 450.00	 1.00	 32	 0.91	 
BMI_bf_112	 2	 11	 006.tif	 2.149251e+03	 22	 9.690626e+02	 220	 4.924939e+02	 98	 2.150267e+03	 450.00	 466.67	 54.00	 6	 0.20	 
BMI_bf_112	 2	 11	 113.tif	 2.156251e+03	 12	 999000	 120	 999000	 999	 2.157267e+03	 450.00	 466.67	 3.00	 43	 0.84	 
BMI_bf_112	 2	 11	 125.tif	 2.160251e+03	 24	 999000	 240	 999000	 999	 2.161267e+03	 450.00	 466.67	 37.00	 55	 0.40	 
BMI_bf_112	 2	 11	 012.tif	 2.167251e+03	 12	 999000	 120	 999000	 999	 2.168267e+03	 450.00	 466.67	 27.00	 12	 0.52	 
BMI_bf_112	 2	 11	 018.tif	 2.169251e+03	 12	 999000	 120	 999000	 999	 2.170267e+03	 450.00	 466.67	 30.00	 18	 0.51	 
BMI_bf_112	 2	 11	 025.tif	 2.173250e+03	 24	 999000	 240	 999000	 999	 2.174267e+03	 450.00	 466.67	 42.00	 25	 0.34	 
BMI_bf_112	 2	 11	 114.tif	 2.177250e+03	 12	 999000	 120	 999000	 999	 2.178267e+03	 450.00	 466.67	 21.00	 44	 0.63	 
BMI_bf_112	 2	 11	 121.tif	 2.179250e+03	 12	 999000	 120	 999000	 999	 2.180267e+03	 450.00	 466.67	 5.00	 51	 0.83	 
BMI_bf_112	 2	 11	 030.tif	 2.183250e+03	 24	 999000	 240	 999000	 999	 2.184267e+03	 450.00	 466.67	 39.00	 30	 0.38	 
BMI_bf_112	 2	 11	 019.tif	 2.185250e+03	 24	 999000	 240	 999000	 999	 2.186266e+03	 450.00	 466.67	 50.00	 19	 0.25	 
BMI_bf_112	 2	 11	 029.tif	 2.187250e+03	 12	 999000	 120	 999000	 999	 2.188266e+03	 450.00	 466.67	 29.00	 29	 0.51	 
BMI_bf_112	 2	 11	 004.tif	 2.193250e+03	 11	 7.434847e+02	 110	 4.926280e+02	 98	 2.194266e+03	 466.67	 466.67	 11.00	 4	 0.76	 
BMI_bf_112	 2	 11	 106.tif	 2.195250e+03	 11	 1.015428e+03	 1100	 5.097670e+02	 98	 2.196266e+03	 416.67	 466.67	 22.00	 36	 0.61	 
BMI_bf_112	 2	 11	 003.tif	 2.198250e+03	 24	 999000	 240	 999000	 999	 2.199266e+03	 416.67	 466.67	 53.00	 3	 0.21	 
BMI_bf_112	 2	 11	 007.tif	 2.201250e+03	 24	 999000	 240	 999000	 999	 2.202266e+03	 416.67	 466.67	 52.00	 7	 0.21	 
BMI_bf_112	 2	 11	 109.tif	 2.203250e+03	 24	 999000	 240	 999000	 999	 2.204266e+03	 416.67	 466.67	 55.00	 39	 0.20	 
BMI_bf_112	 2	 11	 005.tif	 2.205250e+03	 24	 999000	 240	 999000	 999	 2.206266e+03	 416.67	 466.67	 57.00	 5	 0.19	 
BMI_bf_112	 2	 11	 014.tif	 2.207250e+03	 24	 999000	 240	 999000	 999	 2.208266e+03	 416.67	 466.67	 47.00	 14	 0.27	 
BMI_bf_112	 2	 11	 122.tif	 2.213249e+03	 12	 999000	 120	 999000	 999	 2.214266e+03	 416.67	 466.67	 7.00	 52	 0.80	 
BMI_bf_112	 2	 11	 020.tif	 2.215249e+03	 22	 9.507276e+02	 220	 5.095146e+02	 98	 2.216266e+03	 416.67	 483.33	 51.00	 20	 0.22	 
BMI_bf_112	 2	 11	 013.tif	 2.217249e+03	 22	 8.066680e+02	 220	 5.259539e+02	 98	 2.218266e+03	 416.67	 500.00	 48.00	 13	 0.26	 
BMI_bf_112	 2	 11	 128.tif	 2.219249e+03	 11	 7.665645e+02	 110	 4.583155e+02	 98	 2.220266e+03	 433.33	 500.00	 26.00	 58	 0.57	 
BMI_bf_112	 2	 11	 126.tif	 2.222249e+03	 11	 6.145142e+02	 110	 4.752396e+02	 98	 2.223266e+03	 450.00	 500.00	 14.00	 56	 0.73	 
BMI_bf_112	 2	 11	 010.tif	 2.225249e+03	 22	 1.206330e+03	 2200	 5.427754e+02	 98	 2.226265e+03	 450.00	 450.00	 46.00	 10	 0.28	 
