subjectID	 order	 runNum	 itemName	 onsetTime	 shuff_trialType	 RT	 respInTime	 AudioTime	 response	 fixationTime	 ladder1	 ladder2	 bidIndex	 itemNameIndex	 bidValue	 
BMI_bf_109	 1	 5	 120.tif	 8.214762e+02	 24	 999000	 240	 999000	 999	 8.224929e+02	 416.67	 416.67	 60.00	 50	 0.12	 
BMI_bf_109	 1	 5	 005.tif	 8.234765e+02	 24	 999000	 240	 999000	 999	 8.244928e+02	 416.67	 416.67	 31.00	 5	 0.48	 
BMI_bf_109	 1	 5	 012.tif	 8.274764e+02	 24	 999000	 240	 999000	 999	 8.284928e+02	 416.67	 416.67	 56.00	 12	 0.15	 
BMI_bf_109	 1	 5	 125.tif	 8.304764e+02	 22	 9.665042e+02	 220	 4.588146e+02	 98	 8.314927e+02	 416.67	 433.33	 52.00	 55	 0.20	 
BMI_bf_109	 1	 5	 101.tif	 8.324762e+02	 22	 9.986151e+02	 220	 4.768483e+02	 98	 8.334927e+02	 416.67	 450.00	 36.00	 31	 0.42	 
BMI_bf_109	 1	 5	 121.tif	 8.354763e+02	 11	 9.823744e+02	 110	 4.591427e+02	 98	 8.364926e+02	 433.33	 450.00	 7.00	 51	 0.75	 
BMI_bf_109	 1	 5	 003.tif	 8.394763e+02	 12	 999000	 120	 999000	 999	 8.404927e+02	 433.33	 450.00	 29.00	 3	 0.54	 
BMI_bf_109	 1	 5	 111.tif	 8.434762e+02	 12	 999000	 120	 999000	 999	 8.444925e+02	 433.33	 450.00	 2.00	 41	 0.84	 
BMI_bf_109	 1	 5	 016.tif	 8.454762e+02	 24	 999000	 240	 999000	 999	 8.464925e+02	 433.33	 450.00	 51.00	 16	 0.23	 
BMI_bf_109	 1	 5	 017.tif	 8.504761e+02	 22	 9.977662e+02	 220	 4.920526e+02	 98	 8.514925e+02	 433.33	 466.67	 42.00	 17	 0.35	 
BMI_bf_109	 1	 5	 004.tif	 8.524759e+02	 24	 999000	 240	 999000	 999	 8.534925e+02	 433.33	 466.67	 59.00	 4	 0.12	 
BMI_bf_109	 1	 5	 119.tif	 8.544761e+02	 11	 1.021651e+03	 1100	 4.766992e+02	 98	 8.554924e+02	 383.33	 466.67	 25.00	 49	 0.64	 
BMI_bf_109	 1	 5	 015.tif	 8.604760e+02	 22	 1.109475e+03	 2200	 5.095916e+02	 98	 8.614923e+02	 383.33	 416.67	 44.00	 15	 0.30	 
BMI_bf_109	 1	 5	 030.tif	 8.624760e+02	 11	 9.413801e+02	 110	 4.254682e+02	 98	 8.634923e+02	 400.00	 416.67	 21.00	 30	 0.65	 
BMI_bf_109	 1	 5	 123.tif	 8.644760e+02	 11	 9.332825e+02	 110	 4.415537e+02	 98	 8.654923e+02	 416.67	 416.67	 18.00	 53	 0.67	 
BMI_bf_109	 1	 5	 020.tif	 8.664757e+02	 12	 999000	 120	 999000	 999	 8.674923e+02	 416.67	 416.67	 23.00	 20	 0.65	 
BMI_bf_109	 1	 5	 103.tif	 8.704759e+02	 12	 999000	 120	 999000	 999	 8.714922e+02	 416.67	 416.67	 6.00	 33	 0.80	 
BMI_bf_109	 1	 5	 002.tif	 8.744758e+02	 12	 999000	 120	 999000	 999	 8.754922e+02	 416.67	 416.67	 14.00	 2	 0.70	 
BMI_bf_109	 1	 5	 128.tif	 8.774758e+02	 24	 999000	 240	 999000	 999	 8.784921e+02	 416.67	 416.67	 32.00	 58	 0.48	 
BMI_bf_109	 1	 5	 009.tif	 8.814758e+02	 22	 9.967004e+02	 220	 4.583745e+02	 98	 8.824921e+02	 416.67	 433.33	 53.00	 9	 0.18	 
BMI_bf_109	 1	 5	 127.tif	 8.844757e+02	 12	 999000	 120	 999000	 999	 8.854921e+02	 416.67	 433.33	 17.00	 57	 0.68	 
BMI_bf_109	 1	 5	 113.tif	 8.864757e+02	 11	 9.725525e+02	 110	 4.595804e+02	 98	 8.874920e+02	 433.33	 433.33	 20.00	 43	 0.65	 
BMI_bf_109	 1	 5	 114.tif	 8.904756e+02	 12	 999000	 120	 999000	 999	 8.914920e+02	 433.33	 433.33	 16.00	 44	 0.68	 
BMI_bf_109	 1	 5	 023.tif	 8.924756e+02	 22	 9.963520e+02	 220	 4.761435e+02	 98	 8.934919e+02	 433.33	 450.00	 50.00	 23	 0.23	 
BMI_bf_109	 1	 5	 024.tif	 8.944754e+02	 24	 999000	 240	 999000	 999	 8.954919e+02	 433.33	 450.00	 54.00	 24	 0.17	 
BMI_bf_109	 1	 5	 022.tif	 8.984755e+02	 24	 999000	 240	 999000	 999	 8.994919e+02	 433.33	 450.00	 40.00	 22	 0.39	 
BMI_bf_109	 1	 5	 014.tif	 9.004755e+02	 11	 9.800414e+02	 110	 4.762005e+02	 98	 9.014919e+02	 450.00	 450.00	 13.00	 14	 0.71	 
BMI_bf_109	 1	 5	 110.tif	 9.044754e+02	 12	 999000	 120	 999000	 999	 9.054918e+02	 450.00	 450.00	 3.00	 40	 0.82	 
BMI_bf_109	 1	 5	 021.tif	 9.084754e+02	 24	 999000	 240	 999000	 999	 9.094918e+02	 450.00	 450.00	 38.00	 21	 0.41	 
BMI_bf_109	 1	 5	 008.tif	 9.114754e+02	 22	 1.003621e+03	 2200	 4.923630e+02	 98	 9.124917e+02	 450.00	 400.00	 39.00	 8	 0.39	 
BMI_bf_109	 1	 5	 025.tif	 9.174753e+02	 11	 1.011466e+03	 1100	 4.918332e+02	 98	 9.184916e+02	 400.00	 400.00	 12.00	 25	 0.72	 
BMI_bf_109	 1	 5	 122.tif	 9.194753e+02	 24	 999000	 240	 999000	 999	 9.204916e+02	 400.00	 400.00	 34.00	 52	 0.46	 
BMI_bf_109	 1	 5	 109.tif	 9.234752e+02	 12	 999000	 120	 999000	 999	 9.244916e+02	 400.00	 400.00	 22.00	 39	 0.65	 
BMI_bf_109	 1	 5	 129.tif	 9.254752e+02	 22	 9.791829e+02	 220	 4.422960e+02	 98	 9.264915e+02	 400.00	 416.67	 37.00	 59	 0.42	 
BMI_bf_109	 1	 5	 029.tif	 9.274750e+02	 24	 999000	 240	 999000	 999	 9.284915e+02	 400.00	 416.67	 33.00	 29	 0.46	 
BMI_bf_109	 1	 5	 028.tif	 9.294751e+02	 12	 999000	 120	 999000	 999	 9.304915e+02	 400.00	 416.67	 1.00	 28	 0.93	 
BMI_bf_109	 1	 5	 027.tif	 9.344751e+02	 24	 999000	 240	 999000	 999	 9.354914e+02	 400.00	 416.67	 46.00	 27	 0.29	 
BMI_bf_109	 1	 5	 105.tif	 9.364750e+02	 12	 999000	 120	 999000	 999	 9.374914e+02	 400.00	 416.67	 28.00	 35	 0.58	 
BMI_bf_109	 1	 5	 006.tif	 9.384750e+02	 24	 999000	 240	 999000	 999	 9.394914e+02	 400.00	 416.67	 57.00	 6	 0.14	 
BMI_bf_109	 1	 5	 106.tif	 9.414750e+02	 12	 999000	 120	 999000	 999	 9.424913e+02	 400.00	 416.67	 30.00	 36	 0.50	 
BMI_bf_109	 1	 5	 013.tif	 9.444751e+02	 22	 9.863714e+02	 220	 4.584575e+02	 98	 9.454913e+02	 400.00	 433.33	 47.00	 13	 0.29	 
BMI_bf_109	 1	 5	 107.tif	 9.484749e+02	 24	 999000	 240	 999000	 999	 9.494912e+02	 400.00	 433.33	 58.00	 37	 0.14	 
BMI_bf_109	 1	 5	 124.tif	 9.504749e+02	 12	 999000	 120	 999000	 999	 9.514912e+02	 400.00	 433.33	 9.00	 54	 0.74	 
BMI_bf_109	 1	 5	 102.tif	 9.524748e+02	 12	 999000	 120	 999000	 999	 9.534912e+02	 400.00	 433.33	 5.00	 32	 0.80	 
BMI_bf_109	 1	 5	 007.tif	 9.554748e+02	 24	 999000	 240	 999000	 999	 9.564912e+02	 400.00	 433.33	 48.00	 7	 0.29	 
BMI_bf_109	 1	 5	 112.tif	 9.584748e+02	 24	 999000	 240	 999000	 999	 9.594911e+02	 400.00	 433.33	 41.00	 42	 0.39	 
BMI_bf_109	 1	 5	 126.tif	 9.604748e+02	 11	 9.779217e+02	 110	 4.415830e+02	 98	 9.614911e+02	 416.67	 433.33	 15.00	 56	 0.70	 
BMI_bf_109	 1	 5	 115.tif	 9.624746e+02	 12	 999000	 120	 999000	 999	 9.634910e+02	 416.67	 433.33	 11.00	 45	 0.72	 
BMI_bf_109	 1	 5	 118.tif	 9.644747e+02	 12	 999000	 120	 999000	 999	 9.654911e+02	 416.67	 433.33	 27.00	 48	 0.61	 
BMI_bf_109	 1	 5	 104.tif	 9.694746e+02	 11	 1.073613e+03	 1100	 5.553534e+02	 98	 9.704910e+02	 366.67	 433.33	 10.00	 34	 0.74	 
BMI_bf_109	 1	 5	 116.tif	 9.714745e+02	 12	 999000	 120	 999000	 999	 9.724910e+02	 366.67	 433.33	 19.00	 46	 0.66	 
BMI_bf_109	 1	 5	 026.tif	 9.734744e+02	 24	 999000	 240	 999000	 999	 9.744910e+02	 366.67	 433.33	 43.00	 26	 0.30	 
BMI_bf_109	 1	 5	 018.tif	 9.754746e+02	 24	 999000	 240	 999000	 999	 9.764909e+02	 366.67	 433.33	 35.00	 18	 0.45	 
BMI_bf_109	 1	 5	 019.tif	 9.824745e+02	 24	 999000	 240	 999000	 999	 9.834908e+02	 366.67	 433.33	 55.00	 19	 0.16	 
BMI_bf_109	 1	 5	 011.tif	 9.844744e+02	 12	 999000	 120	 999000	 999	 9.854908e+02	 366.67	 433.33	 4.00	 11	 0.81	 
BMI_bf_109	 1	 5	 117.tif	 9.914744e+02	 22	 9.768320e+02	 220	 4.757275e+02	 98	 9.924907e+02	 366.67	 450.00	 45.00	 47	 0.30	 
BMI_bf_109	 1	 5	 010.tif	 9.944743e+02	 11	 9.447930e+02	 110	 4.088587e+02	 98	 9.954908e+02	 383.33	 450.00	 24.00	 10	 0.64	 
BMI_bf_109	 1	 5	 001.tif	 9.974743e+02	 24	 999000	 240	 999000	 999	 9.984906e+02	 383.33	 450.00	 49.00	 1	 0.28	 
BMI_bf_109	 1	 5	 108.tif	 1.003474e+03	 12	 999000	 120	 999000	 999	 1.004491e+03	 383.33	 450.00	 8.00	 38	 0.74	 
BMI_bf_109	 1	 5	 130.tif	 1.005474e+03	 12	 999000	 120	 999000	 999	 1.006491e+03	 383.33	 450.00	 26.00	 60	 0.63	 
