subjectID	 order	 runNum	 itemName	 onsetTime	 shuff_trialType	 RT	 respInTime	 AudioTime	 response	 fixationTime	 ladder1	 ladder2	 bidIndex	 itemNameIndex	 bidValue	 
BMI_bf_126	 2	 7	 111.tif	 1.152905e+03	 11	 8.802460e+02	 110	 4.577377e+02	 98	 1.153921e+03	 433.33	 483.33	 22.00	 41	 0.65	 
BMI_bf_126	 2	 7	 010.tif	 1.154905e+03	 12	 999000	 120	 999000	 999	 1.155921e+03	 433.33	 483.33	 13.00	 10	 0.69	 
BMI_bf_126	 2	 7	 023.tif	 1.158905e+03	 24	 999000	 240	 999000	 999	 1.159921e+03	 433.33	 483.33	 60.00	 23	 0.13	 
BMI_bf_126	 2	 7	 020.tif	 1.161905e+03	 12	 999000	 120	 999000	 999	 1.162921e+03	 433.33	 483.33	 12.00	 20	 0.70	 
BMI_bf_126	 2	 7	 113.tif	 1.163905e+03	 11	 9.595108e+02	 110	 4.745339e+02	 98	 1.164921e+03	 450.00	 483.33	 16.00	 43	 0.67	 
BMI_bf_126	 2	 7	 116.tif	 1.166905e+03	 24	 999000	 240	 999000	 999	 1.167921e+03	 450.00	 483.33	 53.00	 46	 0.23	 
BMI_bf_126	 2	 7	 018.tif	 1.170905e+03	 22	 7.592911e+02	 220	 5.259068e+02	 98	 1.171921e+03	 450.00	 500.00	 40.00	 18	 0.38	 
BMI_bf_126	 2	 7	 114.tif	 1.174904e+03	 24	 999000	 240	 999000	 999	 1.175921e+03	 450.00	 500.00	 32.00	 44	 0.50	 
BMI_bf_126	 2	 7	 013.tif	 1.176904e+03	 11	 9.590326e+02	 110	 4.922230e+02	 98	 1.177921e+03	 466.67	 500.00	 14.00	 13	 0.69	 
BMI_bf_126	 2	 7	 115.tif	 1.181904e+03	 12	 999000	 120	 999000	 999	 1.182921e+03	 466.67	 500.00	 24.00	 45	 0.64	 
BMI_bf_126	 2	 7	 119.tif	 1.183904e+03	 12	 999000	 120	 999000	 999	 1.184921e+03	 466.67	 500.00	 28.00	 49	 0.56	 
BMI_bf_126	 2	 7	 112.tif	 1.185904e+03	 24	 999000	 240	 999000	 999	 1.186921e+03	 466.67	 500.00	 57.00	 42	 0.20	 
BMI_bf_126	 2	 7	 017.tif	 1.191904e+03	 24	 999000	 240	 999000	 999	 1.192920e+03	 466.67	 500.00	 33.00	 17	 0.48	 
BMI_bf_126	 2	 7	 008.tif	 1.193904e+03	 22	 9.744481e+02	 220	 5.424039e+02	 98	 1.194920e+03	 466.67	 516.67	 41.00	 8	 0.37	 
BMI_bf_126	 2	 7	 104.tif	 1.195904e+03	 12	 999000	 120	 999000	 999	 1.196920e+03	 466.67	 516.67	 2.00	 34	 0.87	 
BMI_bf_126	 2	 7	 030.tif	 1.197904e+03	 11	 8.863157e+02	 110	 5.080677e+02	 98	 1.198920e+03	 483.33	 516.67	 26.00	 30	 0.62	 
BMI_bf_126	 2	 7	 121.tif	 1.201904e+03	 12	 999000	 120	 999000	 999	 1.202920e+03	 483.33	 516.67	 30.00	 51	 0.53	 
BMI_bf_126	 2	 7	 108.tif	 1.205904e+03	 12	 999000	 120	 999000	 999	 1.206920e+03	 483.33	 516.67	 7.00	 38	 0.72	 
BMI_bf_126	 2	 7	 103.tif	 1.208904e+03	 24	 999000	 240	 999000	 999	 1.209920e+03	 483.33	 516.67	 36.00	 33	 0.41	 
BMI_bf_126	 2	 7	 012.tif	 1.212904e+03	 24	 999000	 240	 999000	 999	 1.213920e+03	 483.33	 516.67	 59.00	 12	 0.14	 
BMI_bf_126	 2	 7	 123.tif	 1.215904e+03	 22	 9.256865e+02	 220	 5.586595e+02	 98	 1.216920e+03	 483.33	 533.33	 35.00	 53	 0.44	 
BMI_bf_126	 2	 7	 009.tif	 1.217904e+03	 22	 1.013606e+03	 2200	 5.753866e+02	 98	 1.218920e+03	 483.33	 483.33	 46.00	 9	 0.32	 
BMI_bf_126	 2	 7	 128.tif	 1.221903e+03	 22	 1.021489e+03	 2200	 5.253541e+02	 98	 1.222920e+03	 483.33	 433.33	 51.00	 58	 0.24	 
BMI_bf_126	 2	 7	 124.tif	 1.223903e+03	 12	 999000	 120	 999000	 999	 1.224920e+03	 483.33	 433.33	 3.00	 54	 0.85	 
BMI_bf_126	 2	 7	 016.tif	 1.225903e+03	 11	 1.005303e+03	 1100	 5.258561e+02	 98	 1.226920e+03	 433.33	 433.33	 19.00	 16	 0.66	 
BMI_bf_126	 2	 7	 027.tif	 1.229903e+03	 22	 9.731988e+02	 220	 4.758949e+02	 98	 1.230920e+03	 433.33	 450.00	 48.00	 27	 0.27	 
BMI_bf_126	 2	 7	 024.tif	 1.231903e+03	 11	 8.851795e+02	 110	 4.751255e+02	 98	 1.232920e+03	 450.00	 450.00	 11.00	 24	 0.71	 
BMI_bf_126	 2	 7	 117.tif	 1.235903e+03	 24	 999000	 240	 999000	 999	 1.236919e+03	 450.00	 450.00	 44.00	 47	 0.34	 
BMI_bf_126	 2	 7	 025.tif	 1.239903e+03	 22	 8.768154e+02	 220	 4.921913e+02	 98	 1.240919e+03	 450.00	 466.67	 54.00	 25	 0.23	 
BMI_bf_126	 2	 7	 022.tif	 1.242903e+03	 12	 999000	 120	 999000	 999	 1.243919e+03	 450.00	 466.67	 20.00	 22	 0.66	 
BMI_bf_126	 2	 7	 003.tif	 1.248903e+03	 24	 999000	 240	 999000	 999	 1.249919e+03	 450.00	 466.67	 47.00	 3	 0.27	 
BMI_bf_126	 2	 7	 019.tif	 1.250903e+03	 24	 999000	 240	 999000	 999	 1.251919e+03	 450.00	 466.67	 58.00	 19	 0.19	 
BMI_bf_126	 2	 7	 026.tif	 1.254903e+03	 24	 999000	 240	 999000	 999	 1.255919e+03	 450.00	 466.67	 56.00	 26	 0.21	 
BMI_bf_126	 2	 7	 118.tif	 1.256903e+03	 24	 999000	 240	 999000	 999	 1.257919e+03	 450.00	 466.67	 39.00	 48	 0.40	 
BMI_bf_126	 2	 7	 021.tif	 1.258903e+03	 22	 9.641814e+02	 220	 5.091103e+02	 98	 1.259919e+03	 450.00	 483.33	 38.00	 21	 0.40	 
BMI_bf_126	 2	 7	 002.tif	 1.260903e+03	 12	 999000	 120	 999000	 999	 1.261919e+03	 450.00	 483.33	 15.00	 2	 0.68	 
BMI_bf_126	 2	 7	 109.tif	 1.265902e+03	 11	 7.719266e+02	 110	 4.930709e+02	 98	 1.266919e+03	 466.67	 483.33	 8.00	 39	 0.72	 
BMI_bf_126	 2	 7	 001.tif	 1.267902e+03	 12	 999000	 120	 999000	 999	 1.268919e+03	 466.67	 483.33	 6.00	 1	 0.72	 
BMI_bf_126	 2	 7	 125.tif	 1.269902e+03	 24	 999000	 240	 999000	 999	 1.270919e+03	 466.67	 483.33	 34.00	 55	 0.45	 
BMI_bf_126	 2	 7	 127.tif	 1.272902e+03	 11	 7.716784e+02	 110	 5.101098e+02	 98	 1.273919e+03	 483.33	 483.33	 9.00	 57	 0.71	 
BMI_bf_126	 2	 7	 028.tif	 1.275902e+03	 12	 999000	 120	 999000	 999	 1.276919e+03	 483.33	 483.33	 21.00	 28	 0.65	 
BMI_bf_126	 2	 7	 015.tif	 1.279902e+03	 24	 999000	 240	 999000	 999	 1.280919e+03	 483.33	 483.33	 37.00	 15	 0.40	 
BMI_bf_126	 2	 7	 110.tif	 1.281902e+03	 11	 8.913380e+02	 110	 5.257876e+02	 98	 1.282919e+03	 500.00	 483.33	 23.00	 40	 0.65	 
BMI_bf_126	 2	 7	 007.tif	 1.283919e+03	 12	 999000	 120	 999000	 999	 1.284935e+03	 500.00	 483.33	 10.00	 7	 0.71	 
BMI_bf_126	 2	 7	 005.tif	 1.286919e+03	 12	 999000	 120	 999000	 999	 1.287935e+03	 500.00	 483.33	 5.00	 5	 0.72	 
BMI_bf_126	 2	 7	 011.tif	 1.289919e+03	 11	 8.664249e+02	 110	 5.429044e+02	 98	 1.290935e+03	 516.67	 483.33	 17.00	 11	 0.67	 
BMI_bf_126	 2	 7	 004.tif	 1.291919e+03	 12	 999000	 120	 999000	 999	 1.292935e+03	 516.67	 483.33	 4.00	 4	 0.76	 
BMI_bf_126	 2	 7	 126.tif	 1.293919e+03	 12	 999000	 120	 999000	 999	 1.294935e+03	 516.67	 483.33	 27.00	 56	 0.59	 
BMI_bf_126	 2	 7	 130.tif	 1.295919e+03	 24	 999000	 240	 999000	 999	 1.296935e+03	 516.67	 483.33	 31.00	 60	 0.51	 
BMI_bf_126	 2	 7	 014.tif	 1.300918e+03	 12	 999000	 120	 999000	 999	 1.301935e+03	 516.67	 483.33	 25.00	 14	 0.63	 
BMI_bf_126	 2	 7	 107.tif	 1.302918e+03	 24	 999000	 240	 999000	 999	 1.303935e+03	 516.67	 483.33	 52.00	 37	 0.24	 
BMI_bf_126	 2	 7	 102.tif	 1.304918e+03	 12	 999000	 120	 999000	 999	 1.305935e+03	 516.67	 483.33	 1.00	 32	 0.87	 
BMI_bf_126	 2	 7	 105.tif	 1.306918e+03	 24	 999000	 240	 999000	 999	 1.307935e+03	 516.67	 483.33	 55.00	 35	 0.21	 
BMI_bf_126	 2	 7	 129.tif	 1.313918e+03	 22	 9.855553e+02	 220	 5.256892e+02	 98	 1.314934e+03	 516.67	 500.00	 43.00	 59	 0.34	 
BMI_bf_126	 2	 7	 106.tif	 1.315918e+03	 12	 999000	 120	 999000	 999	 1.316934e+03	 516.67	 500.00	 29.00	 36	 0.54	 
BMI_bf_126	 2	 7	 120.tif	 1.322918e+03	 24	 999000	 240	 999000	 999	 1.323934e+03	 516.67	 500.00	 45.00	 50	 0.34	 
BMI_bf_126	 2	 7	 122.tif	 1.325918e+03	 24	 999000	 240	 999000	 999	 1.326934e+03	 516.67	 500.00	 42.00	 52	 0.36	 
BMI_bf_126	 2	 7	 101.tif	 1.328918e+03	 12	 999000	 120	 999000	 999	 1.329934e+03	 516.67	 500.00	 18.00	 31	 0.67	 
BMI_bf_126	 2	 7	 006.tif	 1.334918e+03	 24	 999000	 240	 999000	 999	 1.335934e+03	 516.67	 500.00	 50.00	 6	 0.25	 
BMI_bf_126	 2	 7	 029.tif	 1.336918e+03	 22	 9.927817e+02	 220	 5.435817e+02	 98	 1.337934e+03	 516.67	 516.67	 49.00	 29	 0.25	 
