subjectID	 order	 runNum	 itemName	 onsetTime	 shuff_trialType	 RT	 respInTime	 AudioTime	 response	 fixationTime	 ladder1	 ladder2	 bidIndex	 itemNameIndex	 bidValue	 
BMI_bf_115	 1	 5	 026.tif	 7.759693e+02	 24	 999000	 240	 999000	 999	 7.769860e+02	 216.67	 283.33	 54.00	 26	 0.19	 
BMI_bf_115	 1	 5	 120.tif	 7.789696e+02	 12	 999000	 120	 999000	 999	 7.799859e+02	 216.67	 283.33	 16.00	 50	 0.69	 
BMI_bf_115	 1	 5	 126.tif	 7.829694e+02	 12	 999000	 120	 999000	 999	 7.839857e+02	 216.67	 283.33	 8.00	 56	 0.83	 
BMI_bf_115	 1	 5	 004.tif	 7.849694e+02	 12	 999000	 120	 999000	 999	 7.859857e+02	 216.67	 283.33	 27.00	 4	 0.52	 
BMI_bf_115	 1	 5	 024.tif	 7.869693e+02	 24	 999000	 240	 999000	 999	 7.879856e+02	 216.67	 283.33	 32.00	 24	 0.49	 
BMI_bf_115	 1	 5	 130.tif	 7.909692e+02	 12	 999000	 120	 999000	 999	 7.919855e+02	 216.67	 283.33	 2.00	 60	 0.92	 
BMI_bf_115	 1	 5	 030.tif	 7.929691e+02	 22	 1.010904e+03	 2200	 3.257803e+02	 98	 7.939854e+02	 216.67	 233.33	 42.00	 30	 0.33	 
BMI_bf_115	 1	 5	 107.tif	 7.979690e+02	 24	 999000	 240	 999000	 999	 7.989853e+02	 216.67	 233.33	 58.00	 37	 0.11	 
BMI_bf_115	 1	 5	 016.tif	 7.999689e+02	 11	 8.666592e+02	 110	 2.585455e+02	 98	 8.009852e+02	 233.33	 233.33	 20.00	 16	 0.65	 
BMI_bf_115	 1	 5	 108.tif	 8.029688e+02	 22	 9.465651e+02	 220	 2.768185e+02	 98	 8.039851e+02	 233.33	 250.00	 39.00	 38	 0.40	 
BMI_bf_115	 1	 5	 023.tif	 8.059687e+02	 22	 8.504575e+02	 220	 2.928031e+02	 98	 8.069850e+02	 233.33	 266.67	 44.00	 23	 0.31	 
BMI_bf_115	 1	 5	 001.tif	 8.099685e+02	 24	 999000	 240	 999000	 999	 8.109849e+02	 233.33	 266.67	 59.00	 1	 0.07	 
BMI_bf_115	 1	 5	 114.tif	 8.129685e+02	 11	 8.662477e+02	 110	 2.764119e+02	 98	 8.139848e+02	 250.00	 266.67	 10.00	 44	 0.78	 
BMI_bf_115	 1	 5	 006.tif	 8.149684e+02	 24	 999000	 240	 999000	 999	 8.159847e+02	 250.00	 266.67	 60.00	 6	 0.06	 
BMI_bf_115	 1	 5	 121.tif	 8.179683e+02	 12	 999000	 120	 999000	 999	 8.189846e+02	 250.00	 266.67	 5.00	 51	 0.86	 
BMI_bf_115	 1	 5	 113.tif	 8.219682e+02	 11	 1.009837e+03	 1100	 2.927892e+02	 98	 8.229846e+02	 200.00	 266.67	 7.00	 43	 0.83	 
BMI_bf_115	 1	 5	 027.tif	 8.249681e+02	 22	 9.698120e+02	 220	 3.084385e+02	 98	 8.259844e+02	 200.00	 283.33	 36.00	 27	 0.42	 
BMI_bf_115	 1	 5	 109.tif	 8.269680e+02	 12	 999000	 120	 999000	 999	 8.279844e+02	 200.00	 283.33	 1.00	 39	 0.92	 
BMI_bf_115	 1	 5	 015.tif	 8.289679e+02	 22	 9.216574e+02	 220	 3.259901e+02	 98	 8.299842e+02	 200.00	 300.00	 47.00	 15	 0.29	 
BMI_bf_115	 1	 5	 009.tif	 8.339678e+02	 24	 999000	 240	 999000	 999	 8.349841e+02	 200.00	 300.00	 31.00	 9	 0.49	 
BMI_bf_115	 1	 5	 019.tif	 8.379677e+02	 22	 9.052668e+02	 220	 3.430777e+02	 98	 8.389840e+02	 200.00	 316.67	 50.00	 19	 0.26	 
BMI_bf_115	 1	 5	 112.tif	 8.419675e+02	 24	 999000	 240	 999000	 999	 8.429839e+02	 200.00	 316.67	 43.00	 42	 0.33	 
BMI_bf_115	 1	 5	 119.tif	 8.479673e+02	 11	 7.849128e+02	 110	 2.432214e+02	 98	 8.489837e+02	 216.67	 316.67	 24.00	 49	 0.60	 
BMI_bf_115	 1	 5	 128.tif	 8.499673e+02	 12	 999000	 120	 999000	 999	 8.509836e+02	 216.67	 316.67	 30.00	 58	 0.50	 
BMI_bf_115	 1	 5	 011.tif	 8.519672e+02	 12	 999000	 120	 999000	 999	 8.529835e+02	 216.67	 316.67	 29.00	 11	 0.51	 
BMI_bf_115	 1	 5	 115.tif	 8.539671e+02	 12	 999000	 120	 999000	 999	 8.549835e+02	 216.67	 316.67	 9.00	 45	 0.78	 
BMI_bf_115	 1	 5	 014.tif	 8.559671e+02	 12	 999000	 120	 999000	 999	 8.569834e+02	 216.67	 316.67	 26.00	 14	 0.53	 
BMI_bf_115	 1	 5	 013.tif	 8.599669e+02	 24	 999000	 240	 999000	 999	 8.609833e+02	 216.67	 316.67	 38.00	 13	 0.40	 
BMI_bf_115	 1	 5	 117.tif	 8.619669e+02	 24	 999000	 240	 999000	 999	 8.629832e+02	 216.67	 316.67	 48.00	 47	 0.27	 
BMI_bf_115	 1	 5	 005.tif	 8.659668e+02	 12	 999000	 120	 999000	 999	 8.669831e+02	 216.67	 316.67	 4.00	 5	 0.86	 
BMI_bf_115	 1	 5	 017.tif	 8.679667e+02	 24	 999000	 240	 999000	 999	 8.689830e+02	 216.67	 316.67	 51.00	 17	 0.22	 
BMI_bf_115	 1	 5	 018.tif	 8.699666e+02	 24	 999000	 240	 999000	 999	 8.709830e+02	 216.67	 316.67	 56.00	 18	 0.15	 
BMI_bf_115	 1	 5	 007.tif	 8.719666e+02	 24	 999000	 240	 999000	 999	 8.729829e+02	 216.67	 316.67	 34.00	 7	 0.46	 
BMI_bf_115	 1	 5	 010.tif	 8.769664e+02	 11	 9.038948e+02	 110	 2.598722e+02	 98	 8.779828e+02	 233.33	 316.67	 18.00	 10	 0.67	 
BMI_bf_115	 1	 5	 021.tif	 8.789663e+02	 22	 9.918542e+02	 220	 3.589624e+02	 98	 8.799826e+02	 233.33	 333.33	 53.00	 21	 0.19	 
BMI_bf_115	 1	 5	 122.tif	 8.809663e+02	 11	 9.357766e+02	 110	 2.757850e+02	 98	 8.819827e+02	 250.00	 333.33	 21.00	 52	 0.64	 
BMI_bf_115	 1	 5	 029.tif	 8.839662e+02	 24	 999000	 240	 999000	 999	 8.849825e+02	 250.00	 333.33	 57.00	 29	 0.15	 
BMI_bf_115	 1	 5	 103.tif	 8.909659e+02	 11	 1.071408e+03	 1100	 2.929858e+02	 98	 8.919824e+02	 200.00	 333.33	 13.00	 33	 0.75	 
BMI_bf_115	 1	 5	 008.tif	 8.949658e+02	 12	 999000	 120	 999000	 999	 8.959821e+02	 200.00	 333.33	 28.00	 8	 0.52	 
BMI_bf_115	 1	 5	 116.tif	 9.019656e+02	 12	 999000	 120	 999000	 999	 9.029819e+02	 200.00	 333.33	 14.00	 46	 0.73	 
BMI_bf_115	 1	 5	 129.tif	 9.039655e+02	 24	 999000	 240	 999000	 999	 9.049818e+02	 200.00	 333.33	 41.00	 59	 0.34	 
BMI_bf_115	 1	 5	 111.tif	 9.079654e+02	 12	 999000	 120	 999000	 999	 9.089817e+02	 200.00	 333.33	 6.00	 41	 0.85	 
BMI_bf_115	 1	 5	 127.tif	 9.119653e+02	 12	 999000	 120	 999000	 999	 9.129816e+02	 200.00	 333.33	 3.00	 57	 0.86	 
BMI_bf_115	 1	 5	 110.tif	 9.139652e+02	 12	 999000	 120	 999000	 999	 9.149815e+02	 200.00	 333.33	 17.00	 40	 0.68	 
BMI_bf_115	 1	 5	 105.tif	 9.179651e+02	 11	 8.864323e+02	 110	 2.424646e+02	 98	 9.189814e+02	 216.67	 333.33	 15.00	 35	 0.71	 
BMI_bf_115	 1	 5	 020.tif	 9.199650e+02	 22	 1.110361e+03	 2200	 3.762525e+02	 98	 9.209814e+02	 216.67	 283.33	 52.00	 20	 0.21	 
BMI_bf_115	 1	 5	 106.tif	 9.219649e+02	 12	 999000	 120	 999000	 999	 9.229813e+02	 216.67	 283.33	 23.00	 36	 0.63	 
BMI_bf_115	 1	 5	 102.tif	 9.279647e+02	 12	 999000	 120	 999000	 999	 9.289811e+02	 216.67	 283.33	 11.00	 32	 0.76	 
BMI_bf_115	 1	 5	 003.tif	 9.299647e+02	 22	 1.005921e+03	 2200	 3.268208e+02	 98	 9.309810e+02	 216.67	 233.33	 45.00	 3	 0.29	 
BMI_bf_115	 1	 5	 104.tif	 9.329646e+02	 12	 999000	 120	 999000	 999	 9.339809e+02	 216.67	 233.33	 19.00	 34	 0.66	 
BMI_bf_115	 1	 5	 002.tif	 9.359645e+02	 11	 8.617664e+02	 110	 2.599510e+02	 98	 9.369808e+02	 233.33	 233.33	 25.00	 2	 0.53	 
BMI_bf_115	 1	 5	 012.tif	 9.379644e+02	 24	 999000	 240	 999000	 999	 9.389808e+02	 233.33	 233.33	 35.00	 12	 0.43	 
BMI_bf_115	 1	 5	 124.tif	 9.399643e+02	 24	 999000	 240	 999000	 999	 9.409806e+02	 233.33	 233.33	 49.00	 54	 0.26	 
BMI_bf_115	 1	 5	 125.tif	 9.419643e+02	 24	 999000	 240	 999000	 999	 9.429806e+02	 233.33	 233.33	 40.00	 55	 0.39	 
BMI_bf_115	 1	 5	 022.tif	 9.479641e+02	 24	 999000	 240	 999000	 999	 9.489804e+02	 233.33	 233.33	 55.00	 22	 0.17	 
BMI_bf_115	 1	 5	 025.tif	 9.499640e+02	 24	 999000	 240	 999000	 999	 9.509804e+02	 233.33	 233.33	 33.00	 25	 0.47	 
BMI_bf_115	 1	 5	 101.tif	 9.519640e+02	 24	 999000	 240	 999000	 999	 9.529803e+02	 233.33	 233.33	 46.00	 31	 0.29	 
BMI_bf_115	 1	 5	 028.tif	 9.539639e+02	 22	 9.731281e+02	 220	 2.754481e+02	 98	 9.549803e+02	 233.33	 250.00	 37.00	 28	 0.42	 
BMI_bf_115	 1	 5	 118.tif	 9.569638e+02	 12	 999000	 120	 999000	 999	 9.579801e+02	 233.33	 250.00	 22.00	 48	 0.63	 
BMI_bf_115	 1	 5	 123.tif	 9.599637e+02	 11	 9.648649e+02	 110	 2.755432e+02	 98	 9.609801e+02	 250.00	 250.00	 12.00	 53	 0.76	 
