subjectID	 order	 runNum	 itemName	 onsetTime	 shuff_trialType	 RT	 respInTime	 AudioTime	 response	 fixationTime	 ladder1	 ladder2	 bidIndex	 itemNameIndex	 bidValue	 
BMI_bf_120	 2	 1	 106.tif	 1.111503e+00	 24	 999000	 240	 999000	 999	 2.127830e+00	 750.00	 750.00	 34.00	 36	 0.47	 
BMI_bf_120	 2	 1	 025.tif	 3.094747e+00	 12	 999000	 120	 999000	 999	 4.111058e+00	 750.00	 750.00	 30.00	 25	 0.49	 
BMI_bf_120	 2	 1	 116.tif	 7.094690e+00	 12	 999000	 120	 999000	 999	 8.111037e+00	 750.00	 750.00	 7.00	 46	 0.75	 
BMI_bf_120	 2	 1	 005.tif	 1.009462e+01	 24	 999000	 240	 999000	 999	 1.111094e+01	 750.00	 750.00	 52.00	 5	 0.28	 
BMI_bf_120	 2	 1	 113.tif	 1.209457e+01	 11	 1.323601e+03	 1100	 7.956473e+02	 98	 1.311096e+01	 700.00	 750.00	 22.00	 43	 0.59	 
BMI_bf_120	 2	 1	 103.tif	 1.509452e+01	 11	 1.307476e+03	 1100	 7.419293e+02	 98	 1.611082e+01	 650.00	 750.00	 19.00	 33	 0.60	 
BMI_bf_120	 2	 1	 110.tif	 1.909442e+01	 11	 1.267388e+03	 1100	 6.920106e+02	 98	 2.011082e+01	 600.00	 750.00	 17.00	 40	 0.62	 
BMI_bf_120	 2	 1	 001.tif	 2.309434e+01	 24	 999000	 240	 999000	 999	 2.411067e+01	 600.00	 750.00	 42.00	 1	 0.40	 
BMI_bf_120	 2	 1	 003.tif	 2.509433e+01	 11	 1.155091e+03	 1100	 6.423640e+02	 98	 2.611062e+01	 550.00	 750.00	 16.00	 3	 0.63	 
BMI_bf_120	 2	 1	 120.tif	 3.009420e+01	 22	 1.322979e+03	 2200	 7.946407e+02	 98	 3.111053e+01	 550.00	 700.00	 41.00	 50	 0.41	 
BMI_bf_120	 2	 1	 118.tif	 3.209416e+01	 11	 1.130899e+03	 1100	 5.918018e+02	 98	 3.311054e+01	 500.00	 700.00	 23.00	 48	 0.57	 
BMI_bf_120	 2	 1	 022.tif	 3.409412e+01	 24	 999000	 240	 999000	 999	 3.511044e+01	 500.00	 700.00	 39.00	 22	 0.43	 
BMI_bf_120	 2	 1	 108.tif	 4.009400e+01	 11	 1.082562e+03	 1100	 5.421280e+02	 98	 4.111040e+01	 450.00	 700.00	 14.00	 38	 0.65	 
BMI_bf_120	 2	 1	 019.tif	 4.209395e+01	 22	 1.266502e+03	 2200	 7.415918e+02	 98	 4.311031e+01	 450.00	 650.00	 35.00	 19	 0.47	 
BMI_bf_120	 2	 1	 028.tif	 4.409391e+01	 24	 999000	 240	 999000	 999	 4.511027e+01	 450.00	 650.00	 31.00	 28	 0.48	 
BMI_bf_120	 2	 1	 122.tif	 4.609386e+01	 12	 999000	 120	 999000	 999	 4.711018e+01	 450.00	 650.00	 6.00	 52	 0.77	 
BMI_bf_120	 2	 1	 023.tif	 5.009377e+01	 24	 999000	 240	 999000	 999	 5.111012e+01	 450.00	 650.00	 60.00	 23	 0.10	 
BMI_bf_120	 2	 1	 121.tif	 5.409369e+01	 12	 999000	 120	 999000	 999	 5.511001e+01	 450.00	 650.00	 21.00	 51	 0.59	 
BMI_bf_120	 2	 1	 114.tif	 5.709364e+01	 12	 999000	 120	 999000	 999	 5.810998e+01	 450.00	 650.00	 24.00	 44	 0.55	 
BMI_bf_120	 2	 1	 105.tif	 6.109355e+01	 24	 999000	 240	 999000	 999	 6.210986e+01	 450.00	 650.00	 56.00	 35	 0.21	 
BMI_bf_120	 2	 1	 117.tif	 6.409348e+01	 22	 1.249732e+03	 2200	 6.920665e+02	 98	 6.510982e+01	 450.00	 600.00	 54.00	 47	 0.24	 
BMI_bf_120	 2	 1	 021.tif	 6.611010e+01	 22	 1.217033e+03	 2200	 6.416344e+02	 98	 6.712642e+01	 450.00	 550.00	 48.00	 21	 0.32	 
BMI_bf_120	 2	 1	 128.tif	 7.011003e+01	 12	 999000	 120	 999000	 999	 7.112643e+01	 450.00	 550.00	 12.00	 58	 0.71	 
BMI_bf_120	 2	 1	 107.tif	 7.210998e+01	 24	 999000	 240	 999000	 999	 7.312630e+01	 450.00	 550.00	 53.00	 37	 0.26	 
BMI_bf_120	 2	 1	 115.tif	 7.410993e+01	 22	 1.136734e+03	 2200	 5.920086e+02	 98	 7.512628e+01	 450.00	 500.00	 43.00	 45	 0.40	 
BMI_bf_120	 2	 1	 015.tif	 7.810986e+01	 24	 999000	 240	 999000	 999	 7.912618e+01	 450.00	 500.00	 36.00	 15	 0.46	 
BMI_bf_120	 2	 1	 024.tif	 8.010982e+01	 24	 999000	 240	 999000	 999	 8.112615e+01	 450.00	 500.00	 37.00	 24	 0.44	 
BMI_bf_120	 2	 1	 004.tif	 8.410974e+01	 24	 999000	 240	 999000	 999	 8.512605e+01	 450.00	 500.00	 57.00	 4	 0.20	 
BMI_bf_120	 2	 1	 008.tif	 8.810966e+01	 22	 1.088183e+03	 2200	 5.428072e+02	 98	 8.912603e+01	 450.00	 450.00	 49.00	 8	 0.32	 
BMI_bf_120	 2	 1	 002.tif	 9.110950e+01	 22	 1.096241e+03	 2200	 4.921541e+02	 98	 9.212589e+01	 450.00	 400.00	 51.00	 2	 0.30	 
BMI_bf_120	 2	 1	 026.tif	 9.710953e+01	 12	 999000	 120	 999000	 999	 9.812581e+01	 450.00	 400.00	 28.00	 26	 0.50	 
BMI_bf_120	 2	 1	 111.tif	 9.910940e+01	 12	 999000	 120	 999000	 999	 1.001257e+02	 450.00	 400.00	 3.00	 41	 0.80	 
BMI_bf_120	 2	 1	 119.tif	 1.031093e+02	 12	 999000	 120	 999000	 999	 1.041257e+02	 450.00	 400.00	 13.00	 49	 0.69	 
BMI_bf_120	 2	 1	 009.tif	 1.051093e+02	 24	 999000	 240	 999000	 999	 1.061256e+02	 450.00	 400.00	 44.00	 9	 0.39	 
BMI_bf_120	 2	 1	 130.tif	 1.071093e+02	 12	 999000	 120	 999000	 999	 1.081256e+02	 450.00	 400.00	 1.00	 60	 0.94	 
BMI_bf_120	 2	 1	 007.tif	 1.091090e+02	 24	 999000	 240	 999000	 999	 1.101255e+02	 450.00	 400.00	 32.00	 7	 0.48	 
BMI_bf_120	 2	 1	 102.tif	 1.141091e+02	 11	 1.055311e+03	 1100	 4.958247e+02	 98	 1.151254e+02	 400.00	 400.00	 8.00	 32	 0.74	 
BMI_bf_120	 2	 1	 027.tif	 1.161091e+02	 11	 9.512164e+02	 110	 4.423258e+02	 98	 1.171254e+02	 416.67	 400.00	 26.00	 27	 0.54	 
BMI_bf_120	 2	 1	 029.tif	 1.181088e+02	 24	 999000	 240	 999000	 999	 1.191254e+02	 416.67	 400.00	 45.00	 29	 0.38	 
BMI_bf_120	 2	 1	 013.tif	 1.211088e+02	 12	 999000	 120	 999000	 999	 1.221253e+02	 416.67	 400.00	 29.00	 13	 0.49	 
BMI_bf_120	 2	 1	 014.tif	 1.241089e+02	 24	 999000	 240	 999000	 999	 1.251253e+02	 416.67	 400.00	 47.00	 14	 0.35	 
BMI_bf_120	 2	 1	 012.tif	 1.281088e+02	 24	 999000	 240	 999000	 999	 1.291251e+02	 416.67	 400.00	 58.00	 12	 0.15	 
BMI_bf_120	 2	 1	 126.tif	 1.301088e+02	 12	 999000	 120	 999000	 999	 1.311251e+02	 416.67	 400.00	 2.00	 56	 0.81	 
BMI_bf_120	 2	 1	 018.tif	 1.321087e+02	 24	 999000	 240	 999000	 999	 1.331250e+02	 416.67	 400.00	 55.00	 18	 0.21	 
BMI_bf_120	 2	 1	 129.tif	 1.351087e+02	 11	 1.062571e+03	 1100	 4.594109e+02	 98	 1.361250e+02	 366.67	 400.00	 11.00	 59	 0.72	 
BMI_bf_120	 2	 1	 101.tif	 1.381086e+02	 11	 9.984853e+02	 110	 4.090108e+02	 98	 1.391249e+02	 383.33	 400.00	 9.00	 31	 0.74	 
BMI_bf_120	 2	 1	 010.tif	 1.401086e+02	 12	 999000	 120	 999000	 999	 1.411249e+02	 383.33	 400.00	 20.00	 10	 0.59	 
BMI_bf_120	 2	 1	 017.tif	 1.421083e+02	 24	 999000	 240	 999000	 999	 1.431248e+02	 383.33	 400.00	 50.00	 17	 0.32	 
BMI_bf_120	 2	 1	 104.tif	 1.441085e+02	 12	 999000	 120	 999000	 999	 1.451248e+02	 383.33	 400.00	 15.00	 34	 0.64	 
BMI_bf_120	 2	 1	 125.tif	 1.491084e+02	 22	 1.158056e+03	 2200	 4.420490e+02	 98	 1.501247e+02	 383.33	 350.00	 46.00	 55	 0.37	 
BMI_bf_120	 2	 1	 016.tif	 1.511081e+02	 22	 1.070269e+03	 2200	 3.924434e+02	 98	 1.521247e+02	 383.33	 300.00	 40.00	 16	 0.42	 
BMI_bf_120	 2	 1	 020.tif	 1.531083e+02	 12	 999000	 120	 999000	 999	 1.541246e+02	 383.33	 300.00	 18.00	 20	 0.61	 
BMI_bf_120	 2	 1	 112.tif	 1.551082e+02	 22	 -4.580567e+02	 22	 3.429220e+02	 98	 1.561246e+02	 383.33	 316.67	 38.00	 42	 0.44	 
BMI_bf_120	 2	 1	 127.tif	 1.621081e+02	 12	 -5.929780e+03	 12	 999000	 98	 1.631244e+02	 383.33	 316.67	 10.00	 57	 0.74	 
BMI_bf_120	 2	 1	 030.tif	 1.641080e+02	 12	 999000	 120	 999000	 999	 1.651244e+02	 383.33	 316.67	 25.00	 30	 0.54	 
BMI_bf_120	 2	 1	 123.tif	 1.711079e+02	 24	 999000	 240	 999000	 999	 1.721242e+02	 383.33	 316.67	 33.00	 53	 0.47	 
BMI_bf_120	 2	 1	 011.tif	 1.741078e+02	 12	 999000	 120	 999000	 999	 1.751242e+02	 383.33	 316.67	 27.00	 11	 0.52	 
BMI_bf_120	 2	 1	 006.tif	 1.771078e+02	 24	 999000	 240	 999000	 999	 1.781241e+02	 383.33	 316.67	 59.00	 6	 0.15	 
BMI_bf_120	 2	 1	 124.tif	 1.831076e+02	 12	 999000	 120	 999000	 999	 1.841240e+02	 383.33	 316.67	 4.00	 54	 0.78	 
BMI_bf_120	 2	 1	 109.tif	 1.851076e+02	 12	 999000	 120	 999000	 999	 1.861239e+02	 383.33	 316.67	 5.00	 39	 0.78	 
