subjectID	 order	 runNum	 itemName	 onsetTime	 shuff_trialType	 RT	 respInTime	 AudioTime	 response	 fixationTime	 ladder1	 ladder2	 bidIndex	 itemNameIndex	 bidValue	 
BMI_bf_107	 1	 5	 004.tif	 8.053000e+02	 24	 999000	 240	 999000	 999	 8.063167e+02	 283.33	 283.33	 43.00	 4	 0.31	 
BMI_bf_107	 1	 5	 002.tif	 8.083003e+02	 11	 8.991956e+02	 110	 3.254316e+02	 98	 8.093166e+02	 300.00	 283.33	 13.00	 2	 0.73	 
BMI_bf_107	 1	 5	 025.tif	 8.123002e+02	 22	 8.991235e+02	 2	 3.257763e+02	 115	 8.133166e+02	 300.00	 233.33	 42.00	 25	 0.31	 
BMI_bf_107	 1	 5	 129.tif	 8.143002e+02	 11	 8.990408e+02	 110	 3.431132e+02	 98	 8.153165e+02	 316.67	 233.33	 25.00	 59	 0.59	 
BMI_bf_107	 1	 5	 021.tif	 8.163002e+02	 22	 8.189350e+02	 220	 2.762198e+02	 98	 8.173165e+02	 316.67	 250.00	 45.00	 21	 0.29	 
BMI_bf_107	 1	 5	 127.tif	 8.203001e+02	 11	 9.147820e+02	 110	 3.592046e+02	 98	 8.213164e+02	 333.33	 250.00	 12.00	 57	 0.74	 
BMI_bf_107	 1	 5	 016.tif	 8.223001e+02	 22	 8.747533e+02	 220	 2.921742e+02	 98	 8.233164e+02	 333.33	 266.67	 53.00	 16	 0.22	 
BMI_bf_107	 1	 5	 028.tif	 8.273000e+02	 22	 9.465827e+02	 220	 3.097628e+02	 98	 8.283163e+02	 333.33	 283.33	 39.00	 28	 0.36	 
BMI_bf_107	 1	 5	 115.tif	 8.292999e+02	 11	 9.865085e+02	 110	 3.755236e+02	 98	 8.303163e+02	 350.00	 283.33	 15.00	 45	 0.73	 
BMI_bf_107	 1	 5	 104.tif	 8.322999e+02	 12	 999000	 120	 999000	 999	 8.333162e+02	 350.00	 283.33	 19.00	 34	 0.66	 
BMI_bf_107	 1	 5	 008.tif	 8.352998e+02	 24	 999000	 240	 999000	 999	 8.363161e+02	 350.00	 283.33	 51.00	 8	 0.25	 
BMI_bf_107	 1	 5	 020.tif	 8.392997e+02	 12	 999000	 120	 999000	 999	 8.403161e+02	 350.00	 283.33	 3.00	 20	 0.85	 
BMI_bf_107	 1	 5	 029.tif	 8.422997e+02	 24	 999000	 240	 999000	 999	 8.433160e+02	 350.00	 283.33	 59.00	 29	 0.10	 
BMI_bf_107	 1	 5	 015.tif	 8.442995e+02	 22	 8.821639e+02	 220	 3.258790e+02	 98	 8.453160e+02	 350.00	 300.00	 44.00	 15	 0.31	 
BMI_bf_107	 1	 5	 003.tif	 8.472996e+02	 22	 9.298861e+02	 2	 3.430773e+02	 115	 8.483159e+02	 350.00	 250.00	 52.00	 3	 0.24	 
BMI_bf_107	 1	 5	 123.tif	 8.512995e+02	 12	 999000	 120	 999000	 999	 8.523158e+02	 350.00	 250.00	 9.00	 53	 0.78	 
BMI_bf_107	 1	 5	 121.tif	 8.542995e+02	 12	 999000	 120	 999000	 999	 8.553158e+02	 350.00	 250.00	 11.00	 51	 0.74	 
BMI_bf_107	 1	 5	 005.tif	 8.562993e+02	 12	 999000	 120	 999000	 999	 8.573158e+02	 350.00	 250.00	 30.00	 5	 0.51	 
BMI_bf_107	 1	 5	 130.tif	 8.582994e+02	 12	 999000	 120	 999000	 999	 8.593157e+02	 350.00	 250.00	 4.00	 60	 0.83	 
BMI_bf_107	 1	 5	 107.tif	 8.632993e+02	 24	 999000	 240	 999000	 999	 8.643156e+02	 350.00	 250.00	 58.00	 37	 0.11	 
BMI_bf_107	 1	 5	 116.tif	 8.672992e+02	 11	 1.009106e+03	 1100	 3.923169e+02	 98	 8.683156e+02	 300.00	 250.00	 10.00	 46	 0.74	 
BMI_bf_107	 1	 5	 022.tif	 8.712991e+02	 24	 999000	 240	 999000	 999	 8.723155e+02	 300.00	 250.00	 38.00	 22	 0.41	 
BMI_bf_107	 1	 5	 128.tif	 8.772991e+02	 12	 999000	 120	 999000	 999	 8.783154e+02	 300.00	 250.00	 28.00	 58	 0.56	 
BMI_bf_107	 1	 5	 024.tif	 8.792990e+02	 12	 999000	 120	 999000	 999	 8.803153e+02	 300.00	 250.00	 27.00	 24	 0.56	 
BMI_bf_107	 1	 5	 001.tif	 8.812990e+02	 24	 999000	 240	 999000	 999	 8.823153e+02	 300.00	 250.00	 46.00	 1	 0.28	 
BMI_bf_107	 1	 5	 125.tif	 8.832989e+02	 12	 999000	 120	 999000	 999	 8.843152e+02	 300.00	 250.00	 22.00	 55	 0.63	 
BMI_bf_107	 1	 5	 101.tif	 8.852989e+02	 12	 999000	 120	 999000	 999	 8.863152e+02	 300.00	 250.00	 8.00	 31	 0.80	 
BMI_bf_107	 1	 5	 011.tif	 8.892988e+02	 12	 999000	 120	 999000	 999	 8.903151e+02	 300.00	 250.00	 17.00	 11	 0.71	 
BMI_bf_107	 1	 5	 119.tif	 8.912988e+02	 22	 8.322786e+02	 220	 2.920912e+02	 98	 8.923151e+02	 300.00	 266.67	 50.00	 49	 0.26	 
BMI_bf_107	 1	 5	 102.tif	 8.952987e+02	 12	 999000	 120	 999000	 999	 8.963150e+02	 300.00	 266.67	 1.00	 32	 0.86	 
BMI_bf_107	 1	 5	 009.tif	 8.972987e+02	 24	 999000	 240	 999000	 999	 8.983150e+02	 300.00	 266.67	 34.00	 9	 0.47	 
BMI_bf_107	 1	 5	 012.tif	 8.992986e+02	 24	 999000	 240	 999000	 999	 9.003149e+02	 300.00	 266.67	 40.00	 12	 0.33	 
BMI_bf_107	 1	 5	 018.tif	 9.012986e+02	 24	 999000	 240	 999000	 999	 9.023149e+02	 300.00	 266.67	 49.00	 18	 0.26	 
BMI_bf_107	 1	 5	 105.tif	 9.062985e+02	 24	 4.478043e+02	 24	 999000	 98	 9.073148e+02	 300.00	 266.67	 60.00	 35	 0.10	 
BMI_bf_107	 1	 5	 113.tif	 9.082985e+02	 12	 999000	 120	 999000	 999	 9.093148e+02	 300.00	 266.67	 5.00	 43	 0.81	 
BMI_bf_107	 1	 5	 013.tif	 9.102984e+02	 24	 999000	 240	 999000	 999	 9.113148e+02	 300.00	 266.67	 35.00	 13	 0.46	 
BMI_bf_107	 1	 5	 111.tif	 9.132984e+02	 24	 999000	 240	 999000	 999	 9.143147e+02	 300.00	 266.67	 33.00	 41	 0.48	 
BMI_bf_107	 1	 5	 108.tif	 9.202982e+02	 12	 999000	 120	 999000	 999	 9.213146e+02	 300.00	 266.67	 23.00	 38	 0.63	 
BMI_bf_107	 1	 5	 026.tif	 9.242982e+02	 24	 999000	 240	 999000	 999	 9.253145e+02	 300.00	 266.67	 41.00	 26	 0.33	 
BMI_bf_107	 1	 5	 120.tif	 9.312980e+02	 11	 1.014879e+03	 1100	 3.427715e+02	 98	 9.323144e+02	 250.00	 266.67	 24.00	 50	 0.63	 
BMI_bf_107	 1	 5	 112.tif	 9.332980e+02	 24	 999000	 240	 999000	 999	 9.343143e+02	 250.00	 266.67	 32.00	 42	 0.49	 
BMI_bf_107	 1	 5	 118.tif	 9.372979e+02	 12	 999000	 120	 999000	 999	 9.383142e+02	 250.00	 266.67	 6.00	 48	 0.81	 
BMI_bf_107	 1	 5	 006.tif	 9.412979e+02	 24	 999000	 240	 999000	 999	 9.423142e+02	 250.00	 266.67	 57.00	 6	 0.11	 
BMI_bf_107	 1	 5	 114.tif	 9.432978e+02	 11	 9.904975e+02	 110	 2.922889e+02	 98	 9.443141e+02	 266.67	 266.67	 18.00	 44	 0.68	 
BMI_bf_107	 1	 5	 109.tif	 9.472977e+02	 12	 999000	 120	 999000	 999	 9.483141e+02	 266.67	 266.67	 2.00	 39	 0.85	 
BMI_bf_107	 1	 5	 010.tif	 9.492977e+02	 22	 9.263039e+02	 220	 3.085125e+02	 98	 9.503140e+02	 266.67	 283.33	 36.00	 10	 0.44	 
BMI_bf_107	 1	 5	 030.tif	 9.512977e+02	 12	 999000	 120	 999000	 999	 9.523140e+02	 266.67	 283.33	 29.00	 30	 0.56	 
BMI_bf_107	 1	 5	 014.tif	 9.572975e+02	 12	 999000	 120	 999000	 999	 9.583139e+02	 266.67	 283.33	 14.00	 14	 0.73	 
BMI_bf_107	 1	 5	 124.tif	 9.592975e+02	 22	 9.579431e+02	 220	 3.259215e+02	 98	 9.603139e+02	 266.67	 300.00	 37.00	 54	 0.43	 
BMI_bf_107	 1	 5	 017.tif	 9.622975e+02	 24	 999000	 240	 999000	 999	 9.633138e+02	 266.67	 300.00	 56.00	 17	 0.12	 
BMI_bf_107	 1	 5	 023.tif	 9.652974e+02	 24	 999000	 240	 999000	 999	 9.663137e+02	 266.67	 300.00	 55.00	 23	 0.19	 
BMI_bf_107	 1	 5	 126.tif	 9.672974e+02	 11	 1.037650e+03	 1100	 3.095005e+02	 98	 9.683137e+02	 216.67	 300.00	 21.00	 56	 0.64	 
BMI_bf_107	 1	 5	 106.tif	 9.692973e+02	 24	 999000	 240	 999000	 999	 9.703137e+02	 216.67	 300.00	 31.00	 36	 0.49	 
BMI_bf_107	 1	 5	 122.tif	 9.712973e+02	 12	 999000	 120	 999000	 999	 9.723136e+02	 216.67	 300.00	 16.00	 52	 0.71	 
BMI_bf_107	 1	 5	 117.tif	 9.772972e+02	 22	 1.029312e+03	 2200	 3.422861e+02	 98	 9.783136e+02	 216.67	 250.00	 47.00	 47	 0.28	 
BMI_bf_107	 1	 5	 027.tif	 9.792971e+02	 24	 999000	 240	 999000	 999	 9.803135e+02	 216.67	 250.00	 48.00	 27	 0.27	 
BMI_bf_107	 1	 5	 103.tif	 9.812971e+02	 11	 8.451728e+02	 1	 2.674780e+02	 115	 9.823135e+02	 166.67	 250.00	 20.00	 33	 0.64	 
BMI_bf_107	 1	 5	 007.tif	 9.832971e+02	 12	 999000	 120	 999000	 999	 9.843134e+02	 166.67	 250.00	 26.00	 7	 0.59	 
BMI_bf_107	 1	 5	 019.tif	 9.862970e+02	 24	 999000	 240	 999000	 999	 9.873134e+02	 166.67	 250.00	 54.00	 19	 0.22	 
BMI_bf_107	 1	 5	 110.tif	 9.892970e+02	 11	 7.328924e+02	 1	 2.081132e+02	 115	 9.903133e+02	 116.67	 250.00	 7.00	 40	 0.80	 
