subjectID	 order	 runNum	 itemName	 onsetTime	 shuff_trialType	 RT	 respInTime	 AudioTime	 response	 fixationTime	 ladder1	 ladder2	 bidIndex	 itemNameIndex	 bidValue	 
BMI_bf_114	 2	 6	 009.tif	 9.841550e+02	 11	 9.377114e+02	 110	 4.257315e+02	 98	 9.851717e+02	 400.00	 383.33	 19.00	 9	 0.64	 
BMI_bf_114	 2	 6	 003.tif	 9.891552e+02	 24	 999000	 240	 999000	 999	 9.901716e+02	 400.00	 383.33	 60.00	 3	 0.08	 
BMI_bf_114	 2	 6	 115.tif	 9.911552e+02	 12	 999000	 120	 999000	 999	 9.921715e+02	 400.00	 383.33	 1.00	 45	 0.81	 
BMI_bf_114	 2	 6	 107.tif	 9.931551e+02	 24	 999000	 240	 999000	 999	 9.941715e+02	 400.00	 383.33	 53.00	 37	 0.26	 
BMI_bf_114	 2	 6	 002.tif	 9.991550e+02	 22	 3.769397e+02	 22	 4.261876e+02	 98	 1.000171e+03	 400.00	 400.00	 54.00	 2	 0.21	 
BMI_bf_114	 2	 6	 007.tif	 1.001155e+03	 24	 999000	 240	 999000	 999	 1.002171e+03	 400.00	 400.00	 33.00	 7	 0.51	 
BMI_bf_114	 2	 6	 130.tif	 1.004155e+03	 12	 999000	 120	 999000	 999	 1.005171e+03	 400.00	 400.00	 15.00	 60	 0.69	 
BMI_bf_114	 2	 6	 005.tif	 1.006155e+03	 22	 1.016699e+03	 2200	 4.420006e+02	 98	 1.007171e+03	 400.00	 350.00	 43.00	 5	 0.38	 
BMI_bf_114	 2	 6	 028.tif	 1.010155e+03	 22	 9.044986e+02	 220	 3.921136e+02	 98	 1.011171e+03	 400.00	 366.67	 48.00	 28	 0.31	 
BMI_bf_114	 2	 6	 110.tif	 1.012155e+03	 12	 999000	 120	 999000	 999	 1.013171e+03	 400.00	 366.67	 18.00	 40	 0.64	 
BMI_bf_114	 2	 6	 103.tif	 1.017154e+03	 12	 999000	 120	 999000	 999	 1.018171e+03	 400.00	 366.67	 4.00	 33	 0.75	 
BMI_bf_114	 2	 6	 027.tif	 1.024154e+03	 24	 999000	 240	 999000	 999	 1.025171e+03	 400.00	 366.67	 34.00	 27	 0.50	 
BMI_bf_114	 2	 6	 112.tif	 1.026154e+03	 24	 999000	 240	 999000	 999	 1.027171e+03	 400.00	 366.67	 56.00	 42	 0.19	 
BMI_bf_114	 2	 6	 015.tif	 1.029154e+03	 12	 999000	 120	 999000	 999	 1.030170e+03	 400.00	 366.67	 27.00	 15	 0.55	 
BMI_bf_114	 2	 6	 102.tif	 1.032154e+03	 12	 999000	 120	 999000	 999	 1.033170e+03	 400.00	 366.67	 2.00	 32	 0.78	 
BMI_bf_114	 2	 6	 104.tif	 1.036154e+03	 22	 9.275865e+02	 220	 4.096278e+02	 98	 1.037170e+03	 400.00	 383.33	 38.00	 34	 0.46	 
BMI_bf_114	 2	 6	 121.tif	 1.040154e+03	 12	 999000	 120	 999000	 999	 1.041170e+03	 400.00	 383.33	 5.00	 51	 0.73	 
BMI_bf_114	 2	 6	 119.tif	 1.044154e+03	 12	 999000	 120	 999000	 999	 1.045170e+03	 400.00	 383.33	 28.00	 49	 0.54	 
BMI_bf_114	 2	 6	 114.tif	 1.047154e+03	 22	 9.831713e+02	 220	 4.257547e+02	 98	 1.048170e+03	 400.00	 400.00	 46.00	 44	 0.32	 
BMI_bf_114	 2	 6	 023.tif	 1.053153e+03	 24	 999000	 240	 999000	 999	 1.054170e+03	 400.00	 400.00	 57.00	 23	 0.16	 
BMI_bf_114	 2	 6	 011.tif	 1.055153e+03	 12	 999000	 120	 999000	 999	 1.056170e+03	 400.00	 400.00	 20.00	 11	 0.64	 
BMI_bf_114	 2	 6	 122.tif	 1.058153e+03	 11	 1.054834e+03	 1100	 4.424769e+02	 98	 1.059170e+03	 350.00	 400.00	 11.00	 52	 0.70	 
BMI_bf_114	 2	 6	 001.tif	 1.060153e+03	 24	 999000	 240	 999000	 999	 1.061170e+03	 350.00	 400.00	 37.00	 1	 0.47	 
BMI_bf_114	 2	 6	 125.tif	 1.062153e+03	 22	 1.006641e+03	 2200	 4.432285e+02	 98	 1.063170e+03	 350.00	 350.00	 41.00	 55	 0.41	 
BMI_bf_114	 2	 6	 116.tif	 1.064153e+03	 11	 9.107243e+02	 110	 3.924158e+02	 98	 1.065170e+03	 366.67	 350.00	 23.00	 46	 0.60	 
BMI_bf_114	 2	 6	 020.tif	 1.067153e+03	 22	 8.784974e+02	 220	 3.921553e+02	 98	 1.068169e+03	 366.67	 366.67	 49.00	 20	 0.29	 
BMI_bf_114	 2	 6	 004.tif	 1.071153e+03	 11	 9.343073e+02	 110	 4.089601e+02	 98	 1.072169e+03	 383.33	 366.67	 17.00	 4	 0.65	 
BMI_bf_114	 2	 6	 016.tif	 1.073153e+03	 22	 9.262753e+02	 220	 4.091074e+02	 98	 1.074169e+03	 383.33	 383.33	 51.00	 16	 0.29	 
BMI_bf_114	 2	 6	 120.tif	 1.075153e+03	 24	 999000	 240	 999000	 999	 1.076169e+03	 383.33	 383.33	 32.00	 50	 0.51	 
BMI_bf_114	 2	 6	 118.tif	 1.077153e+03	 11	 9.261029e+02	 110	 4.261112e+02	 98	 1.078169e+03	 400.00	 383.33	 8.00	 48	 0.72	 
BMI_bf_114	 2	 6	 026.tif	 1.079153e+03	 24	 999000	 240	 999000	 999	 1.080169e+03	 400.00	 383.33	 58.00	 26	 0.16	 
BMI_bf_114	 2	 6	 111.tif	 1.081153e+03	 11	 9.900020e+02	 110	 4.418762e+02	 98	 1.082169e+03	 416.67	 383.33	 14.00	 41	 0.69	 
BMI_bf_114	 2	 6	 021.tif	 1.085153e+03	 24	 999000	 240	 999000	 999	 1.086169e+03	 416.67	 383.33	 44.00	 21	 0.36	 
BMI_bf_114	 2	 6	 014.tif	 1.089153e+03	 24	 8.057613e+02	 24	 999000	 98	 1.090169e+03	 416.67	 383.33	 36.00	 14	 0.48	 
BMI_bf_114	 2	 6	 008.tif	 1.091152e+03	 24	 999000	 240	 999000	 999	 1.092169e+03	 416.67	 383.33	 31.00	 8	 0.51	 
BMI_bf_114	 2	 6	 113.tif	 1.093152e+03	 12	 999000	 120	 999000	 999	 1.094169e+03	 416.67	 383.33	 7.00	 43	 0.72	 
BMI_bf_114	 2	 6	 025.tif	 1.095152e+03	 11	 1.077518e+03	 1100	 4.585241e+02	 98	 1.096169e+03	 366.67	 383.33	 22.00	 25	 0.62	 
BMI_bf_114	 2	 6	 106.tif	 1.097152e+03	 12	 999000	 120	 999000	 999	 1.098169e+03	 366.67	 383.33	 10.00	 36	 0.71	 
BMI_bf_114	 2	 6	 128.tif	 1.103152e+03	 22	 9.492313e+02	 220	 4.256775e+02	 98	 1.104168e+03	 366.67	 400.00	 40.00	 58	 0.43	 
BMI_bf_114	 2	 6	 129.tif	 1.105152e+03	 11	 9.011658e+02	 110	 4.095358e+02	 98	 1.106168e+03	 383.33	 400.00	 26.00	 59	 0.57	 
BMI_bf_114	 2	 6	 117.tif	 1.107152e+03	 24	 999000	 240	 999000	 999	 1.108168e+03	 383.33	 400.00	 42.00	 47	 0.39	 
BMI_bf_114	 2	 6	 101.tif	 1.109152e+03	 12	 999000	 120	 999000	 999	 1.110168e+03	 383.33	 400.00	 24.00	 31	 0.58	 
BMI_bf_114	 2	 6	 022.tif	 1.112152e+03	 24	 999000	 240	 999000	 999	 1.113168e+03	 383.33	 400.00	 45.00	 22	 0.35	 
BMI_bf_114	 2	 6	 105.tif	 1.114152e+03	 24	 999000	 240	 999000	 999	 1.115168e+03	 383.33	 400.00	 39.00	 35	 0.44	 
BMI_bf_114	 2	 6	 123.tif	 1.121152e+03	 12	 999000	 120	 999000	 999	 1.122168e+03	 383.33	 400.00	 13.00	 53	 0.70	 
BMI_bf_114	 2	 6	 126.tif	 1.123152e+03	 12	 999000	 120	 999000	 999	 1.124168e+03	 383.33	 400.00	 25.00	 56	 0.58	 
BMI_bf_114	 2	 6	 030.tif	 1.127151e+03	 22	 1.036376e+03	 2200	 4.417002e+02	 98	 1.128168e+03	 383.33	 350.00	 35.00	 30	 0.48	 
BMI_bf_114	 2	 6	 019.tif	 1.131168e+03	 24	 999000	 240	 999000	 999	 1.132184e+03	 383.33	 350.00	 59.00	 19	 0.10	 
BMI_bf_114	 2	 6	 024.tif	 1.134168e+03	 12	 999000	 120	 999000	 999	 1.135184e+03	 383.33	 350.00	 21.00	 24	 0.63	 
BMI_bf_114	 2	 6	 010.tif	 1.136168e+03	 12	 999000	 120	 999000	 999	 1.137184e+03	 383.33	 350.00	 3.00	 10	 0.78	 
BMI_bf_114	 2	 6	 017.tif	 1.140168e+03	 24	 999000	 240	 999000	 999	 1.141184e+03	 383.33	 350.00	 50.00	 17	 0.29	 
BMI_bf_114	 2	 6	 124.tif	 1.142168e+03	 12	 999000	 120	 999000	 999	 1.143184e+03	 383.33	 350.00	 6.00	 54	 0.73	 
BMI_bf_114	 2	 6	 018.tif	 1.145168e+03	 24	 999000	 240	 999000	 999	 1.146184e+03	 383.33	 350.00	 47.00	 18	 0.32	 
BMI_bf_114	 2	 6	 029.tif	 1.149168e+03	 12	 999000	 120	 999000	 999	 1.150184e+03	 383.33	 350.00	 29.00	 29	 0.54	 
BMI_bf_114	 2	 6	 127.tif	 1.151168e+03	 11	 1.066880e+03	 1100	 4.300815e+02	 98	 1.152184e+03	 333.33	 350.00	 9.00	 57	 0.71	 
BMI_bf_114	 2	 6	 013.tif	 1.156167e+03	 12	 999000	 120	 999000	 999	 1.157184e+03	 333.33	 350.00	 30.00	 13	 0.53	 
BMI_bf_114	 2	 6	 109.tif	 1.158167e+03	 12	 999000	 120	 999000	 999	 1.159184e+03	 333.33	 350.00	 12.00	 39	 0.70	 
BMI_bf_114	 2	 6	 006.tif	 1.162167e+03	 24	 999000	 240	 999000	 999	 1.163184e+03	 333.33	 350.00	 55.00	 6	 0.20	 
BMI_bf_114	 2	 6	 012.tif	 1.165167e+03	 24	 999000	 240	 999000	 999	 1.166183e+03	 333.33	 350.00	 52.00	 12	 0.27	 
BMI_bf_114	 2	 6	 108.tif	 1.168167e+03	 11	 9.062792e+02	 110	 3.743474e+02	 98	 1.169183e+03	 350.00	 350.00	 16.00	 38	 0.66	 
