subjectID	 order	 runNum	 itemName	 onsetTime	 shuff_trialType	 RT	 respInTime	 AudioTime	 response	 fixationTime	 ladder1	 ladder2	 bidIndex	 itemNameIndex	 bidValue	 
BMI_bf_123	 1	 2	 016.tif	 1.887389e+02	 22	 9.639875e+02	 220	 6.830491e+02	 98	 1.897889e+02	 583.33	 666.67	 53.00	 16	 0.20	 
BMI_bf_123	 1	 2	 011.tif	 1.917391e+02	 11	 8.995756e+02	 110	 6.154623e+02	 98	 1.927888e+02	 600.00	 666.67	 21.00	 11	 0.59	 
BMI_bf_123	 1	 2	 008.tif	 1.957390e+02	 22	 9.714385e+02	 220	 6.993107e+02	 98	 1.968054e+02	 600.00	 683.33	 45.00	 8	 0.35	 
BMI_bf_123	 1	 2	 023.tif	 1.977390e+02	 24	 999000	 240	 999000	 999	 1.987720e+02	 600.00	 683.33	 58.00	 23	 0.13	 
BMI_bf_123	 1	 2	 017.tif	 1.997389e+02	 12	 999000	 120	 999000	 999	 2.007719e+02	 600.00	 683.33	 16.00	 17	 0.67	 
BMI_bf_123	 1	 2	 028.tif	 2.037388e+02	 24	 999000	 240	 999000	 999	 2.047718e+02	 600.00	 683.33	 43.00	 28	 0.36	 
BMI_bf_123	 1	 2	 107.tif	 2.057388e+02	 24	 999000	 240	 999000	 999	 2.067717e+02	 600.00	 683.33	 41.00	 37	 0.40	 
BMI_bf_123	 1	 2	 122.tif	 2.107386e+02	 11	 9.948935e+02	 110	 6.323282e+02	 98	 2.117883e+02	 616.67	 683.33	 18.00	 52	 0.63	 
BMI_bf_123	 1	 2	 106.tif	 2.127386e+02	 24	 999000	 240	 999000	 999	 2.137716e+02	 616.67	 683.33	 32.00	 36	 0.51	 
BMI_bf_123	 1	 2	 125.tif	 2.157385e+02	 12	 999000	 120	 999000	 999	 2.167715e+02	 616.67	 683.33	 26.00	 55	 0.57	 
BMI_bf_123	 1	 2	 105.tif	 2.187384e+02	 12	 999000	 120	 999000	 999	 2.197714e+02	 616.67	 683.33	 4.00	 35	 0.83	 
BMI_bf_123	 1	 2	 001.tif	 2.227383e+02	 12	 999000	 120	 999000	 999	 2.237713e+02	 616.67	 683.33	 28.00	 1	 0.55	 
BMI_bf_123	 1	 2	 104.tif	 2.257382e+02	 24	 999000	 240	 999000	 999	 2.267712e+02	 616.67	 683.33	 31.00	 34	 0.52	 
BMI_bf_123	 1	 2	 013.tif	 2.277382e+02	 12	 999000	 120	 999000	 999	 2.287712e+02	 616.67	 683.33	 23.00	 13	 0.58	 
BMI_bf_123	 1	 2	 029.tif	 2.307381e+02	 24	 999000	 240	 999000	 999	 2.317711e+02	 616.67	 683.33	 51.00	 29	 0.22	 
BMI_bf_123	 1	 2	 130.tif	 2.347380e+02	 24	 999000	 240	 999000	 999	 2.357710e+02	 616.67	 683.33	 38.00	 60	 0.45	 
BMI_bf_123	 1	 2	 003.tif	 2.377379e+02	 12	 999000	 120	 999000	 999	 2.387709e+02	 616.67	 683.33	 30.00	 3	 0.52	 
BMI_bf_123	 1	 2	 123.tif	 2.397378e+02	 24	 999000	 240	 999000	 999	 2.407709e+02	 616.67	 683.33	 40.00	 53	 0.40	 
BMI_bf_123	 1	 2	 128.tif	 2.417378e+02	 11	 9.538144e+02	 110	 6.490283e+02	 98	 2.427875e+02	 633.33	 683.33	 24.00	 58	 0.58	 
BMI_bf_123	 1	 2	 026.tif	 2.467377e+02	 12	 999000	 120	 999000	 999	 2.477706e+02	 633.33	 683.33	 29.00	 26	 0.52	 
BMI_bf_123	 1	 2	 018.tif	 2.507376e+02	 11	 1.041398e+03	 1100	 6.657432e+02	 98	 2.517872e+02	 583.33	 683.33	 10.00	 18	 0.73	 
BMI_bf_123	 1	 2	 110.tif	 2.547374e+02	 24	 999000	 240	 999000	 999	 2.557704e+02	 583.33	 683.33	 33.00	 40	 0.50	 
BMI_bf_123	 1	 2	 007.tif	 2.607373e+02	 24	 999000	 240	 999000	 999	 2.617703e+02	 583.33	 683.33	 54.00	 7	 0.18	 
BMI_bf_123	 1	 2	 126.tif	 2.627372e+02	 12	 999000	 120	 999000	 999	 2.637702e+02	 583.33	 683.33	 19.00	 56	 0.61	 
BMI_bf_123	 1	 2	 010.tif	 2.647372e+02	 11	 9.449332e+02	 110	 6.155707e+02	 98	 2.657869e+02	 600.00	 683.33	 15.00	 10	 0.69	 
BMI_bf_123	 1	 2	 116.tif	 2.667371e+02	 24	 999000	 240	 999000	 999	 2.677701e+02	 600.00	 683.33	 46.00	 46	 0.34	 
BMI_bf_123	 1	 2	 014.tif	 2.687371e+02	 12	 999000	 120	 999000	 999	 2.697700e+02	 600.00	 683.33	 27.00	 14	 0.57	 
BMI_bf_123	 1	 2	 114.tif	 2.727370e+02	 12	 999000	 120	 999000	 999	 2.737699e+02	 600.00	 683.33	 14.00	 44	 0.70	 
BMI_bf_123	 1	 2	 118.tif	 2.747369e+02	 22	 1.024615e+03	 2200	 7.157113e+02	 98	 2.757866e+02	 600.00	 633.33	 44.00	 48	 0.35	 
BMI_bf_123	 1	 2	 020.tif	 2.787368e+02	 12	 4.725211e+02	 12	 999000	 98	 2.797698e+02	 600.00	 633.33	 2.00	 20	 0.91	 
BMI_bf_123	 1	 2	 127.tif	 2.807367e+02	 12	 999000	 120	 999000	 999	 2.817697e+02	 600.00	 633.33	 5.00	 57	 0.80	 
BMI_bf_123	 1	 2	 109.tif	 2.827365e+02	 24	 999000	 240	 999000	 999	 2.837697e+02	 600.00	 633.33	 60.00	 39	 0.05	 
BMI_bf_123	 1	 2	 004.tif	 2.847366e+02	 22	 9.682781e+02	 220	 6.667124e+02	 98	 2.857863e+02	 600.00	 650.00	 36.00	 4	 0.49	 
BMI_bf_123	 1	 2	 120.tif	 2.897365e+02	 11	 9.440820e+02	 110	 6.319207e+02	 98	 2.907862e+02	 616.67	 650.00	 25.00	 50	 0.57	 
BMI_bf_123	 1	 2	 012.tif	 2.917364e+02	 11	 9.200381e+02	 110	 6.489933e+02	 98	 2.927861e+02	 633.33	 650.00	 20.00	 12	 0.61	 
BMI_bf_123	 1	 2	 019.tif	 2.937364e+02	 12	 999000	 120	 999000	 999	 2.947694e+02	 633.33	 650.00	 6.00	 19	 0.80	 
BMI_bf_123	 1	 2	 030.tif	 2.967363e+02	 12	 999000	 120	 999000	 999	 2.977693e+02	 633.33	 650.00	 17.00	 30	 0.63	 
BMI_bf_123	 1	 2	 129.tif	 3.037361e+02	 24	 999000	 240	 999000	 999	 3.047691e+02	 633.33	 650.00	 49.00	 59	 0.25	 
BMI_bf_123	 1	 2	 022.tif	 3.077360e+02	 11	 1.031396e+03	 1100	 6.664845e+02	 98	 3.087857e+02	 583.33	 650.00	 13.00	 22	 0.71	 
BMI_bf_123	 1	 2	 108.tif	 3.147358e+02	 12	 999000	 120	 999000	 999	 3.157689e+02	 583.33	 650.00	 9.00	 38	 0.75	 
BMI_bf_123	 1	 2	 115.tif	 3.167358e+02	 11	 9.831354e+02	 110	 6.163649e+02	 98	 3.177855e+02	 600.00	 650.00	 12.00	 45	 0.72	 
BMI_bf_123	 1	 2	 021.tif	 3.207357e+02	 22	 9.749956e+02	 220	 6.820763e+02	 98	 3.217853e+02	 600.00	 666.67	 42.00	 21	 0.37	 
BMI_bf_123	 1	 2	 124.tif	 3.247355e+02	 24	 999000	 240	 999000	 999	 3.257685e+02	 600.00	 666.67	 57.00	 54	 0.14	 
BMI_bf_123	 1	 2	 119.tif	 3.267355e+02	 22	 1.046723e+03	 2200	 6.984235e+02	 98	 3.277852e+02	 600.00	 616.67	 52.00	 49	 0.20	 
BMI_bf_123	 1	 2	 024.tif	 3.307354e+02	 22	 9.426425e+02	 220	 6.494578e+02	 98	 3.317851e+02	 600.00	 633.33	 37.00	 24	 0.46	 
BMI_bf_123	 1	 2	 121.tif	 3.327353e+02	 12	 999000	 120	 999000	 999	 3.337683e+02	 600.00	 633.33	 1.00	 51	 0.92	 
BMI_bf_123	 1	 2	 103.tif	 3.347353e+02	 22	 9.744558e+02	 220	 6.657073e+02	 98	 3.357849e+02	 600.00	 650.00	 50.00	 33	 0.25	 
BMI_bf_123	 1	 2	 002.tif	 3.407351e+02	 11	 9.342928e+02	 110	 6.312970e+02	 98	 3.417848e+02	 616.67	 650.00	 7.00	 2	 0.77	 
BMI_bf_123	 1	 2	 025.tif	 3.427351e+02	 22	 1.046217e+03	 2200	 6.819951e+02	 98	 3.437848e+02	 616.67	 600.00	 47.00	 25	 0.29	 
BMI_bf_123	 1	 2	 006.tif	 3.457350e+02	 24	 999000	 240	 999000	 999	 3.467680e+02	 616.67	 600.00	 59.00	 6	 0.12	 
BMI_bf_123	 1	 2	 102.tif	 3.487349e+02	 24	 999000	 240	 999000	 999	 3.497679e+02	 616.67	 600.00	 56.00	 32	 0.14	 
BMI_bf_123	 1	 2	 015.tif	 3.507348e+02	 12	 999000	 120	 999000	 999	 3.517678e+02	 616.67	 600.00	 3.00	 15	 0.88	 
BMI_bf_123	 1	 2	 101.tif	 3.527348e+02	 24	 999000	 240	 999000	 999	 3.537678e+02	 616.67	 600.00	 48.00	 31	 0.29	 
BMI_bf_123	 1	 2	 005.tif	 3.547347e+02	 24	 999000	 240	 999000	 999	 3.557678e+02	 616.67	 600.00	 55.00	 5	 0.16	 
BMI_bf_123	 1	 2	 112.tif	 3.607346e+02	 24	 999000	 240	 999000	 999	 3.617676e+02	 616.67	 600.00	 35.00	 42	 0.49	 
BMI_bf_123	 1	 2	 111.tif	 3.627345e+02	 12	 999000	 120	 999000	 999	 3.637675e+02	 616.67	 600.00	 8.00	 41	 0.76	 
BMI_bf_123	 1	 2	 009.tif	 3.647345e+02	 12	 999000	 120	 999000	 999	 3.657675e+02	 616.67	 600.00	 22.00	 9	 0.58	 
BMI_bf_123	 1	 2	 117.tif	 3.667344e+02	 22	 1.021292e+03	 2200	 6.324963e+02	 98	 3.677841e+02	 616.67	 550.00	 39.00	 47	 0.41	 
BMI_bf_123	 1	 2	 027.tif	 3.697343e+02	 12	 999000	 120	 999000	 999	 3.707673e+02	 616.67	 550.00	 11.00	 27	 0.72	 
BMI_bf_123	 1	 2	 113.tif	 3.727509e+02	 24	 999000	 240	 999000	 999	 3.737839e+02	 616.67	 550.00	 34.00	 43	 0.49	 
