subjectID	 order	 runNum	 itemName	 onsetTime	 shuff_trialType	 RT	 respInTime	 AudioTime	 response	 fixationTime	 ladder1	 ladder2	 bidIndex	 itemNameIndex	 bidValue	 
BMI_bf_120	 2	 7	 119.tif	 1.195469e+03	 12	 999000	 120	 999000	 999	 1.196486e+03	 350.00	 350.00	 13.00	 49	 0.69	 
BMI_bf_120	 2	 7	 021.tif	 1.198469e+03	 22	 1.001659e+03	 2200	 3.923420e+02	 98	 1.199486e+03	 350.00	 300.00	 48.00	 21	 0.32	 
BMI_bf_120	 2	 7	 028.tif	 1.200469e+03	 24	 999000	 240	 999000	 999	 1.201486e+03	 350.00	 300.00	 31.00	 28	 0.48	 
BMI_bf_120	 2	 7	 102.tif	 1.202469e+03	 11	 1.025460e+03	 1100	 3.918729e+02	 98	 1.203486e+03	 300.00	 300.00	 8.00	 32	 0.74	 
BMI_bf_120	 2	 7	 011.tif	 1.204469e+03	 12	 999000	 120	 999000	 999	 1.205486e+03	 300.00	 300.00	 27.00	 11	 0.52	 
BMI_bf_120	 2	 7	 110.tif	 1.207469e+03	 11	 9.212994e+02	 110	 3.426697e+02	 98	 1.208486e+03	 316.67	 300.00	 17.00	 40	 0.62	 
BMI_bf_120	 2	 7	 006.tif	 1.209469e+03	 24	 999000	 240	 999000	 999	 1.210485e+03	 316.67	 300.00	 59.00	 6	 0.15	 
BMI_bf_120	 2	 7	 128.tif	 1.213469e+03	 12	 999000	 120	 999000	 999	 1.214485e+03	 316.67	 300.00	 12.00	 58	 0.71	 
BMI_bf_120	 2	 7	 024.tif	 1.215469e+03	 24	 999000	 240	 999000	 999	 1.216485e+03	 316.67	 300.00	 37.00	 24	 0.44	 
BMI_bf_120	 2	 7	 118.tif	 1.220469e+03	 11	 9.207835e+02	 110	 3.588884e+02	 98	 1.221485e+03	 333.33	 300.00	 23.00	 48	 0.57	 
BMI_bf_120	 2	 7	 104.tif	 1.222469e+03	 12	 999000	 120	 999000	 999	 1.223485e+03	 333.33	 300.00	 15.00	 34	 0.64	 
BMI_bf_120	 2	 7	 019.tif	 1.226469e+03	 22	 8.966178e+02	 220	 3.423784e+02	 98	 1.227485e+03	 333.33	 316.67	 35.00	 19	 0.47	 
BMI_bf_120	 2	 7	 007.tif	 1.228469e+03	 24	 999000	 240	 999000	 999	 1.229485e+03	 333.33	 316.67	 32.00	 7	 0.48	 
BMI_bf_120	 2	 7	 009.tif	 1.231469e+03	 24	 999000	 240	 999000	 999	 1.232485e+03	 333.33	 316.67	 44.00	 9	 0.39	 
BMI_bf_120	 2	 7	 122.tif	 1.236469e+03	 12	 999000	 120	 999000	 999	 1.237485e+03	 333.33	 316.67	 6.00	 52	 0.77	 
BMI_bf_120	 2	 7	 013.tif	 1.238469e+03	 12	 999000	 120	 999000	 999	 1.239485e+03	 333.33	 316.67	 29.00	 13	 0.49	 
BMI_bf_120	 2	 7	 127.tif	 1.240469e+03	 12	 999000	 120	 999000	 999	 1.241485e+03	 333.33	 316.67	 10.00	 57	 0.74	 
BMI_bf_120	 2	 7	 018.tif	 1.244468e+03	 24	 999000	 240	 999000	 999	 1.245485e+03	 333.33	 316.67	 55.00	 18	 0.21	 
BMI_bf_120	 2	 7	 014.tif	 1.248468e+03	 24	 999000	 240	 999000	 999	 1.249485e+03	 333.33	 316.67	 47.00	 14	 0.35	 
BMI_bf_120	 2	 7	 115.tif	 1.252468e+03	 22	 9.756595e+02	 220	 3.582587e+02	 98	 1.253485e+03	 333.33	 333.33	 43.00	 45	 0.40	 
BMI_bf_120	 2	 7	 107.tif	 1.254468e+03	 24	 999000	 240	 999000	 999	 1.255485e+03	 333.33	 333.33	 53.00	 37	 0.26	 
BMI_bf_120	 2	 7	 108.tif	 1.256468e+03	 11	 9.515590e+02	 110	 3.744853e+02	 98	 1.257485e+03	 350.00	 333.33	 14.00	 38	 0.65	 
BMI_bf_120	 2	 7	 123.tif	 1.258468e+03	 24	 999000	 240	 999000	 999	 1.259484e+03	 350.00	 333.33	 33.00	 53	 0.47	 
BMI_bf_120	 2	 7	 002.tif	 1.260468e+03	 22	 9.754050e+02	 220	 3.757175e+02	 98	 1.261484e+03	 350.00	 350.00	 51.00	 2	 0.30	 
BMI_bf_120	 2	 7	 109.tif	 1.266468e+03	 12	 999000	 120	 999000	 999	 1.267484e+03	 350.00	 350.00	 5.00	 39	 0.78	 
BMI_bf_120	 2	 7	 106.tif	 1.269468e+03	 24	 999000	 240	 999000	 999	 1.270484e+03	 350.00	 350.00	 34.00	 36	 0.47	 
BMI_bf_120	 2	 7	 125.tif	 1.271468e+03	 22	 1.023017e+03	 2200	 3.933906e+02	 98	 1.272484e+03	 350.00	 300.00	 46.00	 55	 0.37	 
BMI_bf_120	 2	 7	 113.tif	 1.273468e+03	 11	 9.589212e+02	 110	 3.909540e+02	 98	 1.274484e+03	 366.67	 300.00	 22.00	 43	 0.59	 
BMI_bf_120	 2	 7	 030.tif	 1.276468e+03	 12	 999000	 120	 999000	 999	 1.277484e+03	 366.67	 300.00	 25.00	 30	 0.54	 
BMI_bf_120	 2	 7	 005.tif	 1.278468e+03	 24	 999000	 240	 999000	 999	 1.279484e+03	 366.67	 300.00	 52.00	 5	 0.28	 
BMI_bf_120	 2	 7	 012.tif	 1.280468e+03	 24	 999000	 240	 999000	 999	 1.281484e+03	 366.67	 300.00	 58.00	 12	 0.15	 
BMI_bf_120	 2	 7	 129.tif	 1.282469e+03	 11	 1.020782e+03	 1100	 4.085725e+02	 98	 1.283484e+03	 316.67	 300.00	 11.00	 59	 0.72	 
BMI_bf_120	 2	 7	 023.tif	 1.285470e+03	 24	 999000	 240	 999000	 999	 1.286484e+03	 316.67	 300.00	 60.00	 23	 0.10	 
BMI_bf_120	 2	 7	 103.tif	 1.287470e+03	 11	 9.723481e+02	 110	 3.589636e+02	 98	 1.288484e+03	 333.33	 300.00	 19.00	 33	 0.60	 
BMI_bf_120	 2	 7	 026.tif	 1.289468e+03	 12	 999000	 120	 999000	 999	 1.290484e+03	 333.33	 300.00	 28.00	 26	 0.50	 
BMI_bf_120	 2	 7	 029.tif	 1.291469e+03	 24	 999000	 240	 999000	 999	 1.292484e+03	 333.33	 300.00	 45.00	 29	 0.38	 
BMI_bf_120	 2	 7	 121.tif	 1.293468e+03	 12	 999000	 120	 999000	 999	 1.294484e+03	 333.33	 300.00	 21.00	 51	 0.59	 
BMI_bf_120	 2	 7	 111.tif	 1.299468e+03	 12	 999000	 120	 999000	 999	 1.300484e+03	 333.33	 300.00	 3.00	 41	 0.80	 
BMI_bf_120	 2	 7	 114.tif	 1.302468e+03	 12	 999000	 120	 999000	 999	 1.303484e+03	 333.33	 300.00	 24.00	 44	 0.55	 
BMI_bf_120	 2	 7	 025.tif	 1.306468e+03	 12	 999000	 120	 999000	 999	 1.307483e+03	 333.33	 300.00	 30.00	 25	 0.49	 
BMI_bf_120	 2	 7	 117.tif	 1.312468e+03	 22	 9.481573e+02	 220	 3.421257e+02	 98	 1.313483e+03	 333.33	 316.67	 54.00	 47	 0.24	 
BMI_bf_120	 2	 7	 027.tif	 1.314469e+03	 11	 9.479316e+02	 110	 3.747793e+02	 98	 1.315483e+03	 350.00	 316.67	 26.00	 27	 0.54	 
BMI_bf_120	 2	 7	 020.tif	 1.319468e+03	 12	 999000	 120	 999000	 999	 1.320483e+03	 350.00	 316.67	 18.00	 20	 0.61	 
BMI_bf_120	 2	 7	 022.tif	 1.322467e+03	 24	 999000	 240	 999000	 999	 1.323483e+03	 350.00	 316.67	 39.00	 22	 0.43	 
BMI_bf_120	 2	 7	 004.tif	 1.324467e+03	 24	 999000	 240	 999000	 999	 1.325483e+03	 350.00	 316.67	 57.00	 4	 0.20	 
BMI_bf_120	 2	 7	 116.tif	 1.327467e+03	 12	 999000	 120	 999000	 999	 1.328483e+03	 350.00	 316.67	 7.00	 46	 0.75	 
BMI_bf_120	 2	 7	 003.tif	 1.329467e+03	 11	 1.036928e+03	 1100	 3.916969e+02	 98	 1.330483e+03	 300.00	 316.67	 16.00	 3	 0.63	 
BMI_bf_120	 2	 7	 010.tif	 1.333467e+03	 12	 999000	 120	 999000	 999	 1.334483e+03	 300.00	 316.67	 20.00	 10	 0.59	 
BMI_bf_120	 2	 7	 101.tif	 1.337483e+03	 11	 9.399704e+02	 110	 3.424324e+02	 98	 1.338499e+03	 316.67	 316.67	 9.00	 31	 0.74	 
BMI_bf_120	 2	 7	 015.tif	 1.339483e+03	 24	 999000	 240	 999000	 999	 1.340499e+03	 316.67	 316.67	 36.00	 15	 0.46	 
BMI_bf_120	 2	 7	 017.tif	 1.346483e+03	 24	 999000	 240	 999000	 999	 1.347499e+03	 316.67	 316.67	 50.00	 17	 0.32	 
BMI_bf_120	 2	 7	 112.tif	 1.348483e+03	 22	 9.475594e+02	 220	 3.593502e+02	 98	 1.349499e+03	 316.67	 333.33	 38.00	 42	 0.44	 
BMI_bf_120	 2	 7	 120.tif	 1.351483e+03	 22	 9.555193e+02	 220	 3.756686e+02	 98	 1.352499e+03	 316.67	 350.00	 41.00	 50	 0.41	 
BMI_bf_120	 2	 7	 001.tif	 1.355483e+03	 24	 999000	 240	 999000	 999	 1.356499e+03	 316.67	 350.00	 42.00	 1	 0.40	 
BMI_bf_120	 2	 7	 105.tif	 1.359483e+03	 24	 999000	 240	 999000	 999	 1.360499e+03	 316.67	 350.00	 56.00	 35	 0.21	 
BMI_bf_120	 2	 7	 016.tif	 1.363483e+03	 22	 9.550886e+02	 220	 3.922602e+02	 98	 1.364499e+03	 316.67	 366.67	 40.00	 16	 0.42	 
BMI_bf_120	 2	 7	 130.tif	 1.366483e+03	 12	 999000	 120	 999000	 999	 1.367499e+03	 316.67	 366.67	 1.00	 60	 0.94	 
BMI_bf_120	 2	 7	 126.tif	 1.368482e+03	 12	 999000	 120	 999000	 999	 1.369499e+03	 316.67	 366.67	 2.00	 56	 0.81	 
BMI_bf_120	 2	 7	 008.tif	 1.372482e+03	 22	 1.002905e+03	 2200	 4.083558e+02	 98	 1.373499e+03	 316.67	 316.67	 49.00	 8	 0.32	 
BMI_bf_120	 2	 7	 124.tif	 1.379482e+03	 12	 999000	 120	 999000	 999	 1.380499e+03	 316.67	 316.67	 4.00	 54	 0.78	 
