1	 34	 120.tif	 1	 1	 16	 0	 
2	 22	 105.tif	 1	 1	 15	 1	 
3	 27	 113.tif	 1	 1	 7	 1	 
4	 56	 416.tif	 0	 0	 0	 0	 
5	 33	 119.tif	 1	 1	 24	 1	 
6	 43	 403.tif	 0	 0	 0	 0	 
7	 2	 003.tif	 1	 1	 45	 1	 
8	 39	 126.tif	 1	 1	 8	 0	 
9	 13	 023.tif	 1	 1	 44	 1	 
10	 3	 010.tif	 1	 1	 18	 1	 
11	 31	 117.tif	 1	 1	 48	 0	 
12	 41	 401.tif	 0	 0	 0	 0	 
13	 32	 118.tif	 1	 1	 22	 0	 
14	 42	 402.tif	 0	 0	 0	 0	 
15	 44	 404.tif	 0	 0	 0	 0	 
16	 45	 405.tif	 0	 0	 0	 0	 
17	 54	 414.tif	 0	 0	 0	 0	 
18	 15	 027.tif	 1	 1	 36	 1	 
19	 46	 406.tif	 0	 0	 0	 0	 
20	 55	 415.tif	 0	 0	 0	 0	 
21	 49	 409.tif	 0	 0	 0	 0	 
22	 50	 410.tif	 0	 0	 0	 0	 
23	 16	 028.tif	 1	 1	 37	 1	 
24	 21	 104.tif	 1	 1	 19	 0	 
25	 5	 013.tif	 1	 1	 38	 0	 
26	 60	 420.tif	 0	 0	 0	 0	 
27	 28	 114.tif	 1	 1	 10	 1	 
28	 48	 408.tif	 0	 0	 0	 0	 
29	 47	 407.tif	 0	 0	 0	 0	 
30	 20	 103.tif	 1	 1	 13	 1	 
31	 1	 002.tif	 1	 1	 25	 1	 
32	 35	 122.tif	 1	 1	 21	 1	 
33	 24	 108.tif	 1	 1	 39	 1	 
34	 8	 016.tif	 1	 1	 20	 1	 
35	 11	 020.tif	 1	 1	 52	 1	 
36	 25	 110.tif	 1	 1	 17	 0	 
37	 18	 101.tif	 1	 1	 46	 0	 
38	 38	 125.tif	 1	 1	 40	 0	 
39	 53	 413.tif	 0	 0	 0	 0	 
40	 59	 419.tif	 0	 0	 0	 0	 
41	 6	 014.tif	 1	 0	 26	 0	 
42	 26	 112.tif	 1	 1	 43	 0	 
43	 40	 129.tif	 1	 1	 41	 0	 
44	 12	 021.tif	 1	 1	 53	 1	 
45	 36	 123.tif	 1	 1	 12	 1	 
46	 23	 106.tif	 1	 1	 23	 0	 
47	 9	 017.tif	 1	 1	 51	 0	 
48	 30	 116.tif	 1	 1	 14	 0	 
49	 52	 412.tif	 0	 0	 0	 0	 
50	 58	 418.tif	 0	 0	 0	 0	 
51	 37	 124.tif	 1	 1	 49	 0	 
52	 10	 019.tif	 1	 1	 50	 1	 
53	 19	 102.tif	 1	 1	 11	 0	 
54	 29	 115.tif	 1	 1	 9	 0	 
55	 4	 012.tif	 1	 1	 35	 0	 
56	 17	 030.tif	 1	 1	 42	 1	 
57	 51	 411.tif	 0	 0	 0	 0	 
58	 57	 417.tif	 0	 0	 0	 0	 
59	 14	 026.tif	 1	 1	 54	 0	 
60	 7	 015.tif	 1	 1	 47	 1	 
