subjectID	 order	 runNum	 itemName	 onsetTime	 shuff_trialType	 RT	 respInTime	 AudioTime	 response	 fixationTime	 ladder1	 ladder2	 bidIndex	 itemNameIndex	 bidValue	 
BMI_bf_115	 1	 6	 127.tif	 9.635799e+02	 12	 999000	 120	 999000	 999	 9.645966e+02	 250.00	 250.00	 3.00	 57	 0.86	 
BMI_bf_115	 1	 6	 024.tif	 9.685801e+02	 24	 999000	 240	 999000	 999	 9.695964e+02	 250.00	 250.00	 32.00	 24	 0.49	 
BMI_bf_115	 1	 6	 012.tif	 9.705800e+02	 24	 999000	 240	 999000	 999	 9.715964e+02	 250.00	 250.00	 35.00	 12	 0.43	 
BMI_bf_115	 1	 6	 019.tif	 9.725800e+02	 22	 8.997875e+02	 220	 2.914363e+02	 98	 9.735963e+02	 250.00	 266.67	 50.00	 19	 0.26	 
BMI_bf_115	 1	 6	 105.tif	 9.785798e+02	 11	 9.715332e+02	 110	 2.930500e+02	 98	 9.795961e+02	 266.67	 266.67	 15.00	 35	 0.71	 
BMI_bf_115	 1	 6	 117.tif	 9.805797e+02	 24	 999000	 240	 999000	 999	 9.815961e+02	 266.67	 266.67	 48.00	 47	 0.27	 
BMI_bf_115	 1	 6	 125.tif	 9.835796e+02	 24	 999000	 240	 999000	 999	 9.845959e+02	 266.67	 266.67	 40.00	 55	 0.39	 
BMI_bf_115	 1	 6	 118.tif	 9.855796e+02	 12	 999000	 120	 999000	 999	 9.865959e+02	 266.67	 266.67	 22.00	 48	 0.63	 
BMI_bf_115	 1	 6	 119.tif	 9.895794e+02	 11	 1.075174e+03	 1100	 3.090455e+02	 98	 9.905957e+02	 216.67	 266.67	 24.00	 49	 0.60	 
BMI_bf_115	 1	 6	 020.tif	 9.915794e+02	 22	 9.391383e+02	 220	 3.103737e+02	 98	 9.925957e+02	 216.67	 283.33	 52.00	 20	 0.21	 
BMI_bf_115	 1	 6	 108.tif	 9.965792e+02	 22	 9.309255e+02	 220	 3.266034e+02	 98	 9.975955e+02	 216.67	 300.00	 39.00	 38	 0.40	 
BMI_bf_115	 1	 6	 122.tif	 1.003579e+03	 11	 8.346866e+02	 110	 2.592833e+02	 98	 1.004595e+03	 233.33	 300.00	 21.00	 52	 0.64	 
BMI_bf_115	 1	 6	 126.tif	 1.005579e+03	 12	 999000	 120	 999000	 999	 1.006595e+03	 233.33	 300.00	 8.00	 56	 0.83	 
BMI_bf_115	 1	 6	 014.tif	 1.008579e+03	 12	 999000	 120	 999000	 999	 1.009595e+03	 233.33	 300.00	 26.00	 14	 0.53	 
BMI_bf_115	 1	 6	 104.tif	 1.011579e+03	 12	 999000	 120	 999000	 999	 1.012595e+03	 233.33	 300.00	 19.00	 34	 0.66	 
BMI_bf_115	 1	 6	 107.tif	 1.015579e+03	 24	 999000	 240	 999000	 999	 1.016595e+03	 233.33	 300.00	 58.00	 37	 0.11	 
BMI_bf_115	 1	 6	 124.tif	 1.019578e+03	 24	 999000	 240	 999000	 999	 1.020595e+03	 233.33	 300.00	 49.00	 54	 0.26	 
BMI_bf_115	 1	 6	 015.tif	 1.023578e+03	 22	 1.033958e+03	 2200	 3.432352e+02	 98	 1.024595e+03	 233.33	 250.00	 47.00	 15	 0.29	 
BMI_bf_115	 1	 6	 007.tif	 1.026578e+03	 24	 999000	 240	 999000	 999	 1.027595e+03	 233.33	 250.00	 34.00	 7	 0.46	 
BMI_bf_115	 1	 6	 114.tif	 1.032578e+03	 11	 8.736117e+02	 110	 2.758607e+02	 98	 1.033594e+03	 250.00	 250.00	 10.00	 44	 0.78	 
BMI_bf_115	 1	 6	 023.tif	 1.034578e+03	 22	 1.001603e+03	 2200	 2.924895e+02	 98	 1.035594e+03	 250.00	 200.00	 44.00	 23	 0.31	 
BMI_bf_115	 1	 6	 001.tif	 1.037578e+03	 24	 999000	 240	 999000	 999	 1.038594e+03	 250.00	 200.00	 59.00	 1	 0.07	 
BMI_bf_115	 1	 6	 123.tif	 1.039578e+03	 11	 8.733826e+02	 110	 3.007760e+02	 98	 1.040594e+03	 266.67	 200.00	 12.00	 53	 0.76	 
BMI_bf_115	 1	 6	 017.tif	 1.041578e+03	 24	 999000	 240	 999000	 999	 1.042594e+03	 266.67	 200.00	 51.00	 17	 0.22	 
BMI_bf_115	 1	 6	 026.tif	 1.043578e+03	 24	 999000	 240	 999000	 999	 1.044594e+03	 266.67	 200.00	 54.00	 26	 0.19	 
BMI_bf_115	 1	 6	 106.tif	 1.046578e+03	 12	 999000	 120	 999000	 999	 1.047594e+03	 266.67	 200.00	 23.00	 36	 0.63	 
BMI_bf_115	 1	 6	 112.tif	 1.050577e+03	 24	 999000	 240	 999000	 999	 1.051594e+03	 266.67	 200.00	 43.00	 42	 0.33	 
BMI_bf_115	 1	 6	 002.tif	 1.052577e+03	 11	 9.849581e+02	 110	 3.099297e+02	 98	 1.053594e+03	 283.33	 200.00	 25.00	 2	 0.53	 
BMI_bf_115	 1	 6	 009.tif	 1.054577e+03	 24	 999000	 240	 999000	 999	 1.055594e+03	 283.33	 200.00	 31.00	 9	 0.49	 
BMI_bf_115	 1	 6	 008.tif	 1.056577e+03	 12	 999000	 120	 999000	 999	 1.057594e+03	 283.33	 200.00	 28.00	 8	 0.52	 
BMI_bf_115	 1	 6	 021.tif	 1.058577e+03	 22	 9.207745e+02	 220	 2.423547e+02	 98	 1.059594e+03	 283.33	 216.67	 53.00	 21	 0.19	 
BMI_bf_115	 1	 6	 003.tif	 1.060577e+03	 22	 8.886117e+02	 220	 2.591643e+02	 98	 1.061594e+03	 283.33	 233.33	 45.00	 3	 0.29	 
BMI_bf_115	 1	 6	 025.tif	 1.064577e+03	 24	 999000	 240	 999000	 999	 1.065593e+03	 283.33	 233.33	 33.00	 25	 0.47	 
BMI_bf_115	 1	 6	 030.tif	 1.068577e+03	 22	 8.642766e+02	 220	 2.759407e+02	 98	 1.069593e+03	 283.33	 250.00	 42.00	 30	 0.33	 
BMI_bf_115	 1	 6	 121.tif	 1.070577e+03	 12	 999000	 120	 999000	 999	 1.071593e+03	 283.33	 250.00	 5.00	 51	 0.86	 
BMI_bf_115	 1	 6	 130.tif	 1.072577e+03	 12	 999000	 120	 999000	 999	 1.073593e+03	 283.33	 250.00	 2.00	 60	 0.92	 
BMI_bf_115	 1	 6	 016.tif	 1.074577e+03	 11	 9.441146e+02	 110	 3.260006e+02	 98	 1.075593e+03	 300.00	 250.00	 20.00	 16	 0.65	 
BMI_bf_115	 1	 6	 005.tif	 1.076577e+03	 12	 999000	 120	 999000	 999	 1.077593e+03	 300.00	 250.00	 4.00	 5	 0.86	 
BMI_bf_115	 1	 6	 018.tif	 1.082576e+03	 24	 999000	 240	 999000	 999	 1.083593e+03	 300.00	 250.00	 56.00	 18	 0.15	 
BMI_bf_115	 1	 6	 110.tif	 1.084576e+03	 12	 999000	 120	 999000	 999	 1.085593e+03	 300.00	 250.00	 17.00	 40	 0.68	 
BMI_bf_115	 1	 6	 103.tif	 1.086576e+03	 11	 1.007599e+03	 1100	 3.433282e+02	 98	 1.087593e+03	 250.00	 250.00	 13.00	 33	 0.75	 
BMI_bf_115	 1	 6	 116.tif	 1.088576e+03	 12	 999000	 120	 999000	 999	 1.089593e+03	 250.00	 250.00	 14.00	 46	 0.73	 
BMI_bf_115	 1	 6	 027.tif	 1.091576e+03	 22	 9.674968e+02	 220	 2.925321e+02	 98	 1.092592e+03	 250.00	 266.67	 36.00	 27	 0.42	 
BMI_bf_115	 1	 6	 109.tif	 1.093576e+03	 12	 999000	 120	 999000	 999	 1.094592e+03	 250.00	 266.67	 1.00	 39	 0.92	 
BMI_bf_115	 1	 6	 102.tif	 1.100576e+03	 12	 999000	 120	 999000	 999	 1.101592e+03	 250.00	 266.67	 11.00	 32	 0.76	 
BMI_bf_115	 1	 6	 010.tif	 1.102576e+03	 11	 9.511040e+02	 110	 2.923262e+02	 98	 1.103592e+03	 266.67	 266.67	 18.00	 10	 0.67	 
BMI_bf_115	 1	 6	 011.tif	 1.106576e+03	 12	 999000	 120	 999000	 999	 1.107592e+03	 266.67	 266.67	 29.00	 11	 0.51	 
BMI_bf_115	 1	 6	 115.tif	 1.110576e+03	 12	 999000	 120	 999000	 999	 1.111592e+03	 266.67	 266.67	 9.00	 45	 0.78	 
BMI_bf_115	 1	 6	 111.tif	 1.113575e+03	 12	 999000	 120	 999000	 999	 1.114592e+03	 266.67	 266.67	 6.00	 41	 0.85	 
BMI_bf_115	 1	 6	 128.tif	 1.115575e+03	 12	 999000	 120	 999000	 999	 1.116592e+03	 266.67	 266.67	 30.00	 58	 0.50	 
BMI_bf_115	 1	 6	 004.tif	 1.119575e+03	 12	 999000	 120	 999000	 999	 1.120592e+03	 266.67	 266.67	 27.00	 4	 0.52	 
BMI_bf_115	 1	 6	 013.tif	 1.121575e+03	 24	 999000	 240	 999000	 999	 1.122592e+03	 266.67	 266.67	 38.00	 13	 0.40	 
BMI_bf_115	 1	 6	 022.tif	 1.124575e+03	 24	 999000	 240	 999000	 999	 1.125591e+03	 266.67	 266.67	 55.00	 22	 0.17	 
BMI_bf_115	 1	 6	 028.tif	 1.128575e+03	 22	 1.110162e+03	 2200	 3.107127e+02	 98	 1.129591e+03	 266.67	 216.67	 37.00	 28	 0.42	 
BMI_bf_115	 1	 6	 101.tif	 1.130575e+03	 24	 999000	 240	 999000	 999	 1.131591e+03	 266.67	 216.67	 46.00	 31	 0.29	 
BMI_bf_115	 1	 6	 113.tif	 1.135575e+03	 11	 1.109884e+03	 1100	 3.137744e+02	 98	 1.136591e+03	 216.67	 216.67	 7.00	 43	 0.83	 
BMI_bf_115	 1	 6	 029.tif	 1.137575e+03	 24	 999000	 240	 999000	 999	 1.138591e+03	 216.67	 216.67	 57.00	 29	 0.15	 
BMI_bf_115	 1	 6	 006.tif	 1.141575e+03	 24	 999000	 240	 999000	 999	 1.142591e+03	 216.67	 216.67	 60.00	 6	 0.06	 
BMI_bf_115	 1	 6	 120.tif	 1.144574e+03	 12	 999000	 120	 999000	 999	 1.145591e+03	 216.67	 216.67	 16.00	 50	 0.69	 
BMI_bf_115	 1	 6	 129.tif	 1.147574e+03	 24	 999000	 240	 999000	 999	 1.148591e+03	 216.67	 216.67	 41.00	 59	 0.34	 
