subjectID	 order	 runNum	 itemName	 onsetTime	 shuff_trialType	 RT	 respInTime	 AudioTime	 response	 fixationTime	 ladder1	 ladder2	 bidIndex	 itemNameIndex	 bidValue	 
BMI_bf_117	 1	 12	 024.tif	 2.260145e+03	 22	 9.526541e+02	 220	 4.255863e+02	 98	 2.261162e+03	 383.33	 400.00	 37.00	 24	 0.40	 
BMI_bf_117	 1	 12	 022.tif	 2.263145e+03	 24	 999000	 240	 999000	 999	 2.264162e+03	 383.33	 400.00	 49.00	 22	 0.32	 
BMI_bf_117	 1	 12	 113.tif	 2.265145e+03	 12	 999000	 120	 999000	 999	 2.266162e+03	 383.33	 400.00	 23.00	 43	 0.57	 
BMI_bf_117	 1	 12	 110.tif	 2.267145e+03	 11	 9.280820e+02	 110	 4.250062e+02	 98	 2.268162e+03	 400.00	 400.00	 10.00	 40	 0.73	 
BMI_bf_117	 1	 12	 119.tif	 2.269145e+03	 11	 1.048244e+03	 1100	 4.422419e+02	 98	 2.270162e+03	 350.00	 400.00	 24.00	 49	 0.57	 
BMI_bf_117	 1	 12	 023.tif	 2.272145e+03	 22	 9.519317e+02	 220	 4.424469e+02	 98	 2.273162e+03	 350.00	 416.67	 47.00	 23	 0.36	 
BMI_bf_117	 1	 12	 129.tif	 2.274145e+03	 12	 999000	 120	 999000	 999	 2.275162e+03	 350.00	 416.67	 16.00	 59	 0.68	 
BMI_bf_117	 1	 12	 004.tif	 2.278146e+03	 11	 8.717211e+02	 110	 3.924255e+02	 98	 2.279162e+03	 366.67	 416.67	 25.00	 4	 0.57	 
BMI_bf_117	 1	 12	 101.tif	 2.280146e+03	 12	 999000	 120	 999000	 999	 2.281162e+03	 366.67	 416.67	 28.00	 31	 0.52	 
BMI_bf_117	 1	 12	 128.tif	 2.285146e+03	 24	 999000	 240	 999000	 999	 2.286162e+03	 366.67	 416.67	 34.00	 58	 0.46	 
BMI_bf_117	 1	 12	 006.tif	 2.287146e+03	 24	 999000	 240	 999000	 999	 2.288162e+03	 366.67	 416.67	 59.00	 6	 0.07	 
BMI_bf_117	 1	 12	 001.tif	 2.291146e+03	 24	 999000	 240	 999000	 999	 2.292162e+03	 366.67	 416.67	 43.00	 1	 0.37	 
BMI_bf_117	 1	 12	 120.tif	 2.293146e+03	 22	 9.671836e+02	 220	 4.591991e+02	 98	 2.294162e+03	 366.67	 433.33	 52.00	 50	 0.26	 
BMI_bf_117	 1	 12	 007.tif	 2.296146e+03	 24	 999000	 240	 999000	 999	 2.297162e+03	 366.67	 433.33	 48.00	 7	 0.34	 
BMI_bf_117	 1	 12	 021.tif	 2.301146e+03	 12	 999000	 120	 999000	 999	 2.302162e+03	 366.67	 433.33	 19.00	 21	 0.62	 
BMI_bf_117	 1	 12	 028.tif	 2.303146e+03	 11	 9.028504e+02	 110	 4.085625e+02	 98	 2.304162e+03	 383.33	 433.33	 20.00	 28	 0.61	 
BMI_bf_117	 1	 12	 027.tif	 2.305146e+03	 24	 999000	 240	 999000	 999	 2.306162e+03	 383.33	 433.33	 35.00	 27	 0.45	 
BMI_bf_117	 1	 12	 106.tif	 2.309146e+03	 22	 9.826444e+02	 220	 4.767469e+02	 98	 2.310162e+03	 383.33	 450.00	 42.00	 36	 0.38	 
BMI_bf_117	 1	 12	 029.tif	 2.313146e+03	 22	 9.985227e+02	 220	 4.919985e+02	 98	 2.314163e+03	 383.33	 466.67	 45.00	 29	 0.36	 
BMI_bf_117	 1	 12	 002.tif	 2.317146e+03	 12	 999000	 120	 999000	 999	 2.318163e+03	 383.33	 466.67	 9.00	 2	 0.74	 
BMI_bf_117	 1	 12	 115.tif	 2.319146e+03	 11	 9.182692e+02	 110	 4.266592e+02	 98	 2.320163e+03	 400.00	 466.67	 18.00	 45	 0.63	 
BMI_bf_117	 1	 12	 114.tif	 2.321146e+03	 24	 999000	 240	 999000	 999	 2.322163e+03	 400.00	 466.67	 55.00	 44	 0.16	 
BMI_bf_117	 1	 12	 102.tif	 2.323146e+03	 12	 999000	 120	 999000	 999	 2.324163e+03	 400.00	 466.67	 5.00	 32	 0.85	 
BMI_bf_117	 1	 12	 017.tif	 2.325146e+03	 11	 9.260499e+02	 110	 4.413001e+02	 98	 2.326163e+03	 416.67	 466.67	 15.00	 17	 0.68	 
BMI_bf_117	 1	 12	 026.tif	 2.331146e+03	 11	 9.657959e+02	 110	 4.610386e+02	 98	 2.332163e+03	 433.33	 466.67	 21.00	 26	 0.59	 
BMI_bf_117	 1	 12	 117.tif	 2.334147e+03	 24	 999000	 240	 999000	 999	 2.335163e+03	 433.33	 466.67	 58.00	 47	 0.13	 
BMI_bf_117	 1	 12	 003.tif	 2.336147e+03	 12	 999000	 120	 999000	 999	 2.337163e+03	 433.33	 466.67	 29.00	 3	 0.47	 
BMI_bf_117	 1	 12	 121.tif	 2.338147e+03	 24	 999000	 240	 999000	 999	 2.339163e+03	 433.33	 466.67	 46.00	 51	 0.36	 
BMI_bf_117	 1	 12	 103.tif	 2.341147e+03	 24	 999000	 240	 999000	 999	 2.342163e+03	 433.33	 466.67	 31.00	 33	 0.47	 
BMI_bf_117	 1	 12	 123.tif	 2.343147e+03	 12	 999000	 120	 999000	 999	 2.344163e+03	 433.33	 466.67	 22.00	 53	 0.58	 
BMI_bf_117	 1	 12	 025.tif	 2.345147e+03	 12	 999000	 120	 999000	 999	 2.346163e+03	 433.33	 466.67	 30.00	 25	 0.47	 
BMI_bf_117	 1	 12	 126.tif	 2.347147e+03	 12	 999000	 120	 999000	 999	 2.348163e+03	 433.33	 466.67	 4.00	 56	 0.89	 
BMI_bf_117	 1	 12	 124.tif	 2.350147e+03	 12	 999000	 120	 999000	 999	 2.351163e+03	 433.33	 466.67	 6.00	 54	 0.81	 
BMI_bf_117	 1	 12	 030.tif	 2.352147e+03	 12	 999000	 120	 999000	 999	 2.353163e+03	 433.33	 466.67	 2.00	 30	 0.93	 
BMI_bf_117	 1	 12	 010.tif	 2.354147e+03	 12	 999000	 120	 999000	 999	 2.355163e+03	 433.33	 466.67	 14.00	 10	 0.68	 
BMI_bf_117	 1	 12	 108.tif	 2.356147e+03	 11	 8.931517e+02	 110	 4.766159e+02	 98	 2.357163e+03	 450.00	 466.67	 7.00	 38	 0.81	 
BMI_bf_117	 1	 12	 109.tif	 2.358147e+03	 11	 8.530572e+02	 110	 4.919110e+02	 98	 2.359163e+03	 466.67	 466.67	 12.00	 39	 0.70	 
BMI_bf_117	 1	 12	 104.tif	 2.364147e+03	 22	 1.052710e+03	 2200	 5.081180e+02	 98	 2.365163e+03	 466.67	 416.67	 36.00	 34	 0.40	 
BMI_bf_117	 1	 12	 014.tif	 2.367147e+03	 12	 999000	 120	 999000	 999	 2.368163e+03	 466.67	 416.67	 8.00	 14	 0.80	 
BMI_bf_117	 1	 12	 125.tif	 2.371147e+03	 24	 999000	 240	 999000	 999	 2.372163e+03	 466.67	 416.67	 56.00	 55	 0.14	 
BMI_bf_117	 1	 12	 015.tif	 2.377147e+03	 24	 999000	 240	 999000	 999	 2.378164e+03	 466.67	 416.67	 51.00	 15	 0.29	 
BMI_bf_117	 1	 12	 013.tif	 2.379147e+03	 24	 999000	 240	 999000	 999	 2.380164e+03	 466.67	 416.67	 41.00	 13	 0.38	 
BMI_bf_117	 1	 12	 105.tif	 2.384147e+03	 22	 1.068043e+03	 2200	 4.583997e+02	 98	 2.385164e+03	 466.67	 366.67	 44.00	 35	 0.37	 
BMI_bf_117	 1	 12	 112.tif	 2.387147e+03	 24	 999000	 240	 999000	 999	 2.388164e+03	 466.67	 366.67	 57.00	 42	 0.13	 
BMI_bf_117	 1	 12	 005.tif	 2.389147e+03	 12	 999000	 120	 999000	 999	 2.390164e+03	 466.67	 366.67	 11.00	 5	 0.71	 
BMI_bf_117	 1	 12	 122.tif	 2.392147e+03	 24	 999000	 240	 999000	 999	 2.393164e+03	 466.67	 366.67	 32.00	 52	 0.47	 
BMI_bf_117	 1	 12	 111.tif	 2.394148e+03	 24	 999000	 240	 999000	 999	 2.395164e+03	 466.67	 366.67	 33.00	 41	 0.46	 
BMI_bf_117	 1	 12	 009.tif	 2.398148e+03	 22	 8.914890e+02	 220	 4.091336e+02	 98	 2.399164e+03	 466.67	 383.33	 50.00	 9	 0.30	 
BMI_bf_117	 1	 12	 012.tif	 2.402148e+03	 24	 999000	 240	 999000	 999	 2.403164e+03	 466.67	 383.33	 38.00	 12	 0.40	 
BMI_bf_117	 1	 12	 020.tif	 2.404148e+03	 12	 999000	 120	 999000	 999	 2.405164e+03	 466.67	 383.33	 1.00	 20	 0.97	 
BMI_bf_117	 1	 12	 016.tif	 2.411148e+03	 22	 8.830177e+02	 220	 4.248323e+02	 98	 2.412164e+03	 466.67	 400.00	 39.00	 16	 0.40	 
BMI_bf_117	 1	 12	 118.tif	 2.413148e+03	 12	 6.270100e+02	 12	 999000	 98	 2.414164e+03	 466.67	 400.00	 27.00	 48	 0.55	 
BMI_bf_117	 1	 12	 018.tif	 2.416148e+03	 12	 999000	 120	 999000	 999	 2.417164e+03	 466.67	 400.00	 17.00	 18	 0.65	 
BMI_bf_117	 1	 12	 116.tif	 2.420148e+03	 24	 999000	 240	 999000	 999	 2.421164e+03	 466.67	 400.00	 54.00	 46	 0.19	 
BMI_bf_117	 1	 12	 019.tif	 2.424148e+03	 22	 9.625747e+02	 220	 4.423071e+02	 98	 2.425164e+03	 466.67	 416.67	 53.00	 19	 0.25	 
BMI_bf_117	 1	 12	 008.tif	 2.428148e+03	 24	 999000	 240	 999000	 999	 2.429164e+03	 466.67	 416.67	 40.00	 8	 0.39	 
BMI_bf_117	 1	 12	 107.tif	 2.431148e+03	 24	 999000	 240	 999000	 999	 2.432165e+03	 466.67	 416.67	 60.00	 37	 0.05	 
BMI_bf_117	 1	 12	 011.tif	 2.433148e+03	 12	 999000	 120	 999000	 999	 2.434165e+03	 466.67	 416.67	 3.00	 11	 0.90	 
BMI_bf_117	 1	 12	 127.tif	 2.437148e+03	 11	 1.058160e+03	 1100	 5.085225e+02	 98	 2.438165e+03	 416.67	 416.67	 13.00	 57	 0.69	 
BMI_bf_117	 1	 12	 130.tif	 2.444148e+03	 12	 999000	 120	 999000	 999	 2.445165e+03	 416.67	 416.67	 26.00	 60	 0.55	 
