subjectID	 order	 runNum	 itemName	 onsetTime	 shuff_trialType	 RT	 respInTime	 AudioTime	 response	 fixationTime	 ladder1	 ladder2	 bidIndex	 itemNameIndex	 bidValue	 
BMI_bf_106	 2	 12	 001.tif	 2.163905e+03	 22	 8.935681e+02	 220	 4.253546e+02	 98	 2.164922e+03	 450.00	 400.00	 35.00	 1	 0.47	 
BMI_bf_106	 2	 12	 105.tif	 2.166906e+03	 24	 999000	 240	 999000	 999	 2.167922e+03	 450.00	 400.00	 47.00	 35	 0.29	 
BMI_bf_106	 2	 12	 128.tif	 2.168906e+03	 22	 9.331359e+02	 220	 4.423736e+02	 98	 2.169922e+03	 450.00	 416.67	 48.00	 58	 0.28	 
BMI_bf_106	 2	 12	 023.tif	 2.170905e+03	 24	 999000	 240	 999000	 999	 2.171922e+03	 450.00	 416.67	 55.00	 23	 0.19	 
BMI_bf_106	 2	 12	 003.tif	 2.172906e+03	 11	 9.969473e+02	 110	 4.925396e+02	 98	 2.173922e+03	 466.67	 416.67	 16.00	 3	 0.69	 
BMI_bf_106	 2	 12	 015.tif	 2.175905e+03	 11	 9.969678e+02	 110	 5.087403e+02	 98	 2.176922e+03	 483.33	 416.67	 17.00	 15	 0.67	 
BMI_bf_106	 2	 12	 122.tif	 2.177905e+03	 24	 999000	 240	 999000	 999	 2.178922e+03	 483.33	 416.67	 57.00	 52	 0.12	 
BMI_bf_106	 2	 12	 114.tif	 2.181905e+03	 11	 9.967107e+02	 110	 5.250134e+02	 98	 2.182922e+03	 500.00	 416.67	 14.00	 44	 0.73	 
BMI_bf_106	 2	 12	 127.tif	 2.183905e+03	 12	 999000	 120	 999000	 999	 2.184922e+03	 500.00	 416.67	 4.00	 57	 0.85	 
BMI_bf_106	 2	 12	 028.tif	 2.188905e+03	 22	 9.164015e+02	 220	 4.583554e+02	 98	 2.189922e+03	 500.00	 433.33	 46.00	 28	 0.30	 
BMI_bf_106	 2	 12	 124.tif	 2.190905e+03	 12	 999000	 120	 999000	 999	 2.191922e+03	 500.00	 433.33	 5.00	 54	 0.85	 
BMI_bf_106	 2	 12	 006.tif	 2.194905e+03	 24	 999000	 240	 999000	 999	 2.195921e+03	 500.00	 433.33	 59.00	 6	 0.10	 
BMI_bf_106	 2	 12	 110.tif	 2.196905e+03	 12	 999000	 120	 999000	 999	 2.197921e+03	 500.00	 433.33	 10.00	 40	 0.76	 
BMI_bf_106	 2	 12	 027.tif	 2.199905e+03	 12	 999000	 120	 999000	 999	 2.200921e+03	 500.00	 433.33	 29.00	 27	 0.50	 
BMI_bf_106	 2	 12	 123.tif	 2.204905e+03	 12	 9.319085e+02	 12	 999000	 98	 2.205921e+03	 500.00	 433.33	 21.00	 53	 0.66	 
BMI_bf_106	 2	 12	 024.tif	 2.206905e+03	 24	 999000	 240	 999000	 999	 2.207921e+03	 500.00	 433.33	 31.00	 24	 0.48	 
BMI_bf_106	 2	 12	 018.tif	 2.208905e+03	 22	 9.556801e+02	 220	 4.754798e+02	 98	 2.209921e+03	 500.00	 450.00	 41.00	 18	 0.36	 
BMI_bf_106	 2	 12	 125.tif	 2.212905e+03	 22	 9.795280e+02	 220	 4.928191e+02	 98	 2.213921e+03	 500.00	 466.67	 49.00	 55	 0.27	 
BMI_bf_106	 2	 12	 012.tif	 2.216905e+03	 24	 999000	 240	 999000	 999	 2.217921e+03	 500.00	 466.67	 60.00	 12	 0.01	 
BMI_bf_106	 2	 12	 021.tif	 2.220905e+03	 24	 1.091284e+03	 24	 999000	 98	 2.221921e+03	 500.00	 466.67	 39.00	 21	 0.39	 
BMI_bf_106	 2	 12	 007.tif	 2.222905e+03	 12	 999000	 120	 999000	 999	 2.223921e+03	 500.00	 466.67	 18.00	 7	 0.67	 
BMI_bf_106	 2	 12	 017.tif	 2.224905e+03	 24	 999000	 240	 999000	 999	 2.225921e+03	 500.00	 466.67	 56.00	 17	 0.17	 
BMI_bf_106	 2	 12	 119.tif	 2.226905e+03	 12	 999000	 120	 999000	 999	 2.227921e+03	 500.00	 466.67	 12.00	 49	 0.73	 
BMI_bf_106	 2	 12	 106.tif	 2.228904e+03	 12	 999000	 120	 999000	 999	 2.229921e+03	 500.00	 466.67	 28.00	 36	 0.52	 
BMI_bf_106	 2	 12	 022.tif	 2.234904e+03	 24	 999000	 240	 999000	 999	 2.235921e+03	 500.00	 466.67	 45.00	 22	 0.30	 
BMI_bf_106	 2	 12	 103.tif	 2.237904e+03	 11	 1.034644e+03	 1100	 5.445397e+02	 98	 2.238921e+03	 450.00	 466.67	 22.00	 33	 0.61	 
BMI_bf_106	 2	 12	 104.tif	 2.239904e+03	 11	 9.866226e+02	 110	 4.930866e+02	 98	 2.240921e+03	 466.67	 466.67	 9.00	 34	 0.79	 
BMI_bf_106	 2	 12	 002.tif	 2.241904e+03	 11	 8.665455e+02	 110	 5.081589e+02	 98	 2.242921e+03	 483.33	 466.67	 26.00	 2	 0.54	 
BMI_bf_106	 2	 12	 029.tif	 2.244904e+03	 22	 1.026430e+03	 2200	 5.097811e+02	 98	 2.245921e+03	 483.33	 416.67	 51.00	 29	 0.23	 
BMI_bf_106	 2	 12	 019.tif	 2.246904e+03	 24	 7.945619e+02	 24	 999000	 98	 2.247920e+03	 483.33	 416.67	 36.00	 19	 0.46	 
BMI_bf_106	 2	 12	 108.tif	 2.248904e+03	 22	 9.542828e+02	 220	 4.608609e+02	 98	 2.249920e+03	 483.33	 433.33	 43.00	 38	 0.33	 
BMI_bf_106	 2	 12	 129.tif	 2.250904e+03	 24	 999000	 240	 999000	 999	 2.251920e+03	 483.33	 433.33	 42.00	 59	 0.34	 
BMI_bf_106	 2	 12	 011.tif	 2.253904e+03	 12	 999000	 120	 999000	 999	 2.254920e+03	 483.33	 433.33	 30.00	 11	 0.49	 
BMI_bf_106	 2	 12	 101.tif	 2.255904e+03	 12	 999000	 120	 999000	 999	 2.256920e+03	 483.33	 433.33	 7.00	 31	 0.83	 
BMI_bf_106	 2	 12	 008.tif	 2.257904e+03	 22	 9.859869e+02	 220	 4.752305e+02	 98	 2.258920e+03	 483.33	 450.00	 40.00	 8	 0.36	 
BMI_bf_106	 2	 12	 120.tif	 2.259904e+03	 24	 999000	 240	 999000	 999	 2.260920e+03	 483.33	 450.00	 58.00	 50	 0.11	 
BMI_bf_106	 2	 12	 112.tif	 2.261904e+03	 24	 999000	 240	 999000	 999	 2.262920e+03	 483.33	 450.00	 53.00	 42	 0.20	 
BMI_bf_106	 2	 12	 121.tif	 2.267903e+03	 22	 9.699453e+02	 220	 4.925188e+02	 98	 2.268920e+03	 483.33	 466.67	 38.00	 51	 0.41	 
BMI_bf_106	 2	 12	 102.tif	 2.270904e+03	 12	 999000	 120	 999000	 999	 2.271920e+03	 483.33	 466.67	 6.00	 32	 0.83	 
BMI_bf_106	 2	 12	 025.tif	 2.274904e+03	 12	 999000	 120	 999000	 999	 2.275920e+03	 483.33	 466.67	 20.00	 25	 0.67	 
BMI_bf_106	 2	 12	 117.tif	 2.280904e+03	 12	 999000	 120	 999000	 999	 2.281920e+03	 483.33	 466.67	 24.00	 47	 0.55	 
BMI_bf_106	 2	 12	 026.tif	 2.282903e+03	 24	 999000	 240	 999000	 999	 2.283920e+03	 483.33	 466.67	 52.00	 26	 0.22	 
BMI_bf_106	 2	 12	 126.tif	 2.287903e+03	 11	 1.056912e+03	 1100	 5.266691e+02	 98	 2.288920e+03	 433.33	 466.67	 8.00	 56	 0.82	 
BMI_bf_106	 2	 12	 111.tif	 2.290903e+03	 12	 999000	 120	 999000	 999	 2.291920e+03	 433.33	 466.67	 1.00	 41	 0.93	 
BMI_bf_106	 2	 12	 016.tif	 2.292903e+03	 24	 999000	 240	 999000	 999	 2.293920e+03	 433.33	 466.67	 33.00	 16	 0.47	 
BMI_bf_106	 2	 12	 004.tif	 2.295903e+03	 24	 8.006878e+02	 24	 999000	 98	 2.296920e+03	 433.33	 466.67	 44.00	 4	 0.31	 
BMI_bf_106	 2	 12	 013.tif	 2.297903e+03	 12	 999000	 120	 999000	 999	 2.298920e+03	 433.33	 466.67	 13.00	 13	 0.73	 
BMI_bf_106	 2	 12	 010.tif	 2.301903e+03	 24	 999000	 240	 999000	 999	 2.302919e+03	 433.33	 466.67	 37.00	 10	 0.44	 
BMI_bf_106	 2	 12	 009.tif	 2.305903e+03	 24	 999000	 240	 999000	 999	 2.306919e+03	 433.33	 466.67	 34.00	 9	 0.47	 
BMI_bf_106	 2	 12	 030.tif	 2.307903e+03	 12	 999000	 120	 999000	 999	 2.308919e+03	 433.33	 466.67	 3.00	 30	 0.91	 
BMI_bf_106	 2	 12	 020.tif	 2.314903e+03	 11	 9.600477e+02	 110	 4.754200e+02	 98	 2.315919e+03	 450.00	 466.67	 11.00	 20	 0.74	 
BMI_bf_106	 2	 12	 113.tif	 2.316903e+03	 12	 999000	 120	 999000	 999	 2.317919e+03	 450.00	 466.67	 2.00	 43	 0.91	 
BMI_bf_106	 2	 12	 118.tif	 2.319903e+03	 12	 999000	 120	 999000	 999	 2.320919e+03	 450.00	 466.67	 25.00	 48	 0.55	 
BMI_bf_106	 2	 12	 109.tif	 2.323903e+03	 12	 999000	 120	 999000	 999	 2.324919e+03	 450.00	 466.67	 27.00	 39	 0.53	 
BMI_bf_106	 2	 12	 116.tif	 2.327903e+03	 11	 9.674715e+02	 110	 4.930307e+02	 98	 2.328919e+03	 466.67	 466.67	 23.00	 46	 0.60	 
BMI_bf_106	 2	 12	 014.tif	 2.331903e+03	 12	 999000	 120	 999000	 999	 2.332919e+03	 466.67	 466.67	 15.00	 14	 0.71	 
BMI_bf_106	 2	 12	 107.tif	 2.334903e+03	 22	 9.912615e+02	 220	 5.094913e+02	 98	 2.335919e+03	 466.67	 483.33	 54.00	 37	 0.19	 
BMI_bf_106	 2	 12	 130.tif	 2.336902e+03	 11	 1.023178e+03	 1100	 5.094675e+02	 98	 2.337919e+03	 416.67	 483.33	 19.00	 60	 0.67	 
BMI_bf_106	 2	 12	 115.tif	 2.340902e+03	 24	 999000	 240	 999000	 999	 2.341919e+03	 416.67	 483.33	 32.00	 45	 0.47	 
BMI_bf_106	 2	 12	 005.tif	 2.347902e+03	 24	 999000	 240	 999000	 999	 2.348919e+03	 416.67	 483.33	 50.00	 5	 0.24	 
