subjectID	 order	 runNum	 itemName	 onsetTime	 shuff_trialType	 RT	 respInTime	 AudioTime	 response	 fixationTime	 ladder1	 ladder2	 bidIndex	 itemNameIndex	 bidValue	 
BMI_bf_134	 2	 4	 125.tif	 5.706907e+02	 24	 999000	 240	 999000	 999	 5.717073e+02	 383.33	 316.67	 52.00	 55	 0.22	 
BMI_bf_134	 2	 4	 103.tif	 5.726909e+02	 11	 9.383029e+02	 110	 4.258588e+02	 98	 5.737072e+02	 400.00	 316.67	 23.00	 33	 0.58	 
BMI_bf_134	 2	 4	 008.tif	 5.766908e+02	 24	 999000	 240	 999000	 999	 5.777072e+02	 400.00	 316.67	 50.00	 8	 0.28	 
BMI_bf_134	 2	 4	 012.tif	 5.796908e+02	 22	 9.220249e+02	 220	 3.594433e+02	 98	 5.807071e+02	 400.00	 333.33	 38.00	 12	 0.41	 
BMI_bf_134	 2	 4	 018.tif	 5.816908e+02	 11	 9.939339e+02	 110	 4.420788e+02	 98	 5.827072e+02	 416.67	 333.33	 14.00	 18	 0.70	 
BMI_bf_134	 2	 4	 129.tif	 5.846907e+02	 11	 9.858166e+02	 110	 4.580876e+02	 98	 5.857071e+02	 433.33	 333.33	 22.00	 59	 0.60	 
BMI_bf_134	 2	 4	 014.tif	 5.886907e+02	 12	 999000	 120	 999000	 999	 5.897071e+02	 433.33	 333.33	 21.00	 14	 0.60	 
BMI_bf_134	 2	 4	 107.tif	 5.926906e+02	 24	 999000	 240	 999000	 999	 5.937069e+02	 433.33	 333.33	 36.00	 37	 0.44	 
BMI_bf_134	 2	 4	 119.tif	 5.946906e+02	 12	 999000	 120	 999000	 999	 5.957069e+02	 433.33	 333.33	 15.00	 49	 0.70	 
BMI_bf_134	 2	 4	 105.tif	 5.996905e+02	 24	 999000	 240	 999000	 999	 6.007069e+02	 433.33	 333.33	 56.00	 35	 0.17	 
BMI_bf_134	 2	 4	 007.tif	 6.016905e+02	 22	 9.052201e+02	 220	 3.757098e+02	 98	 6.027069e+02	 433.33	 350.00	 54.00	 7	 0.20	 
BMI_bf_134	 2	 4	 115.tif	 6.036904e+02	 12	 999000	 120	 999000	 999	 6.047068e+02	 433.33	 350.00	 24.00	 45	 0.57	 
BMI_bf_134	 2	 4	 016.tif	 6.096904e+02	 22	 9.129691e+02	 220	 3.912601e+02	 98	 6.107067e+02	 433.33	 366.67	 46.00	 16	 0.31	 
BMI_bf_134	 2	 4	 121.tif	 6.116903e+02	 12	 999000	 120	 999000	 999	 6.127067e+02	 433.33	 366.67	 1.00	 51	 0.95	 
BMI_bf_134	 2	 4	 101.tif	 6.136903e+02	 24	 999000	 240	 999000	 999	 6.147066e+02	 433.33	 366.67	 37.00	 31	 0.44	 
BMI_bf_134	 2	 4	 110.tif	 6.156903e+02	 12	 999000	 120	 999000	 999	 6.167066e+02	 433.33	 366.67	 18.00	 40	 0.68	 
BMI_bf_134	 2	 4	 025.tif	 6.196902e+02	 22	 9.685814e+02	 220	 4.089737e+02	 98	 6.207066e+02	 433.33	 383.33	 35.00	 25	 0.44	 
BMI_bf_134	 2	 4	 011.tif	 6.236901e+02	 12	 999000	 120	 999000	 999	 6.247065e+02	 433.33	 383.33	 5.00	 11	 0.82	 
BMI_bf_134	 2	 4	 120.tif	 6.266901e+02	 24	 999000	 240	 999000	 999	 6.277065e+02	 433.33	 383.33	 60.00	 50	 0.08	 
BMI_bf_134	 2	 4	 026.tif	 6.306901e+02	 24	 999000	 240	 999000	 999	 6.317064e+02	 433.33	 383.33	 55.00	 26	 0.19	 
BMI_bf_134	 2	 4	 005.tif	 6.336900e+02	 24	 999000	 240	 999000	 999	 6.347064e+02	 433.33	 383.33	 31.00	 5	 0.48	 
BMI_bf_134	 2	 4	 130.tif	 6.356900e+02	 12	 999000	 120	 999000	 999	 6.367063e+02	 433.33	 383.33	 13.00	 60	 0.70	 
BMI_bf_134	 2	 4	 019.tif	 6.396899e+02	 22	 1.015851e+03	 2200	 4.257785e+02	 98	 6.407063e+02	 433.33	 333.33	 41.00	 19	 0.39	 
BMI_bf_134	 2	 4	 004.tif	 6.416899e+02	 24	 999000	 240	 999000	 999	 6.427062e+02	 433.33	 333.33	 44.00	 4	 0.33	 
BMI_bf_134	 2	 4	 109.tif	 6.436899e+02	 11	 1.079770e+03	 1100	 4.766488e+02	 98	 6.447062e+02	 383.33	 333.33	 9.00	 39	 0.78	 
BMI_bf_134	 2	 4	 022.tif	 6.476898e+02	 24	 999000	 240	 999000	 999	 6.487061e+02	 383.33	 333.33	 34.00	 22	 0.45	 
BMI_bf_134	 2	 4	 002.tif	 6.496898e+02	 24	 999000	 240	 999000	 999	 6.507061e+02	 383.33	 333.33	 32.00	 2	 0.46	 
BMI_bf_134	 2	 4	 111.tif	 6.536897e+02	 12	 999000	 120	 999000	 999	 6.547060e+02	 383.33	 333.33	 4.00	 41	 0.90	 
BMI_bf_134	 2	 4	 028.tif	 6.576896e+02	 24	 999000	 240	 999000	 999	 6.587061e+02	 383.33	 333.33	 45.00	 28	 0.33	 
BMI_bf_134	 2	 4	 015.tif	 6.606896e+02	 22	 9.911411e+02	 220	 3.794224e+02	 98	 6.617060e+02	 383.33	 350.00	 49.00	 15	 0.28	 
BMI_bf_134	 2	 4	 117.tif	 6.666895e+02	 12	 999000	 120	 999000	 999	 6.677059e+02	 383.33	 350.00	 28.00	 47	 0.51	 
BMI_bf_134	 2	 4	 023.tif	 6.686895e+02	 24	 999000	 240	 999000	 999	 6.697058e+02	 383.33	 350.00	 59.00	 23	 0.10	 
BMI_bf_134	 2	 4	 009.tif	 6.726894e+02	 12	 999000	 120	 999000	 999	 6.737058e+02	 383.33	 350.00	 29.00	 9	 0.49	 
BMI_bf_134	 2	 4	 024.tif	 6.746894e+02	 24	 999000	 240	 999000	 999	 6.757057e+02	 383.33	 350.00	 42.00	 24	 0.35	 
BMI_bf_134	 2	 4	 114.tif	 6.766894e+02	 12	 999000	 120	 999000	 999	 6.777057e+02	 383.33	 350.00	 27.00	 44	 0.53	 
BMI_bf_134	 2	 4	 116.tif	 6.786893e+02	 24	 999000	 240	 999000	 999	 6.797057e+02	 383.33	 350.00	 39.00	 46	 0.41	 
BMI_bf_134	 2	 4	 013.tif	 6.836893e+02	 12	 999000	 120	 999000	 999	 6.847056e+02	 383.33	 350.00	 6.00	 13	 0.81	 
BMI_bf_134	 2	 4	 027.tif	 6.856893e+02	 22	 9.902301e+02	 220	 3.940082e+02	 98	 6.867056e+02	 383.33	 366.67	 51.00	 27	 0.26	 
BMI_bf_134	 2	 4	 106.tif	 6.876892e+02	 12	 999000	 120	 999000	 999	 6.887056e+02	 383.33	 366.67	 7.00	 36	 0.81	 
BMI_bf_134	 2	 4	 126.tif	 6.906892e+02	 12	 999000	 120	 999000	 999	 6.917055e+02	 383.33	 366.67	 10.00	 56	 0.76	 
BMI_bf_134	 2	 4	 006.tif	 6.936891e+02	 24	 999000	 240	 999000	 999	 6.947055e+02	 383.33	 366.67	 58.00	 6	 0.12	 
BMI_bf_134	 2	 4	 020.tif	 6.976891e+02	 12	 999000	 120	 999000	 999	 6.987054e+02	 383.33	 366.67	 25.00	 20	 0.55	 
BMI_bf_134	 2	 4	 104.tif	 6.996890e+02	 11	 9.497182e+02	 110	 4.243196e+02	 98	 7.007054e+02	 400.00	 366.67	 11.00	 34	 0.73	 
BMI_bf_134	 2	 4	 010.tif	 7.016890e+02	 12	 999000	 120	 999000	 999	 7.027053e+02	 400.00	 366.67	 12.00	 10	 0.71	 
BMI_bf_134	 2	 4	 124.tif	 7.046890e+02	 11	 9.655480e+02	 110	 4.414914e+02	 98	 7.057053e+02	 416.67	 366.67	 19.00	 54	 0.64	 
BMI_bf_134	 2	 4	 127.tif	 7.076889e+02	 12	 999000	 120	 999000	 999	 7.087052e+02	 416.67	 366.67	 3.00	 57	 0.90	 
BMI_bf_134	 2	 4	 118.tif	 7.096889e+02	 22	 9.894063e+02	 220	 4.090591e+02	 98	 7.107053e+02	 416.67	 383.33	 48.00	 48	 0.29	 
BMI_bf_134	 2	 4	 021.tif	 7.116889e+02	 11	 1.069324e+03	 1100	 4.583269e+02	 98	 7.127052e+02	 366.67	 383.33	 17.00	 21	 0.68	 
BMI_bf_134	 2	 4	 001.tif	 7.136886e+02	 12	 999000	 120	 999000	 999	 7.147052e+02	 366.67	 383.33	 20.00	 1	 0.61	 
BMI_bf_134	 2	 4	 128.tif	 7.186887e+02	 24	 999000	 240	 999000	 999	 7.197051e+02	 366.67	 383.33	 53.00	 58	 0.21	 
BMI_bf_134	 2	 4	 122.tif	 7.206887e+02	 24	 999000	 240	 999000	 999	 7.217051e+02	 366.67	 383.33	 33.00	 52	 0.46	 
BMI_bf_134	 2	 4	 102.tif	 7.226887e+02	 12	 999000	 120	 999000	 999	 7.237050e+02	 366.67	 383.33	 2.00	 32	 0.91	 
BMI_bf_134	 2	 4	 003.tif	 7.246887e+02	 22	 1.076889e+03	 2200	 4.256447e+02	 98	 7.257050e+02	 366.67	 333.33	 43.00	 3	 0.35	 
BMI_bf_134	 2	 4	 112.tif	 7.316886e+02	 24	 999000	 240	 999000	 999	 7.327049e+02	 366.67	 333.33	 57.00	 42	 0.12	 
BMI_bf_134	 2	 4	 123.tif	 7.336885e+02	 11	 9.165259e+02	 110	 4.087452e+02	 98	 7.347050e+02	 383.33	 333.33	 16.00	 53	 0.68	 
BMI_bf_134	 2	 4	 113.tif	 7.406884e+02	 11	 9.562671e+02	 110	 4.244101e+02	 98	 7.417048e+02	 400.00	 333.33	 8.00	 43	 0.80	 
BMI_bf_134	 2	 4	 030.tif	 7.436884e+02	 11	 9.481788e+02	 110	 4.413447e+02	 98	 7.447048e+02	 416.67	 333.33	 26.00	 30	 0.53	 
BMI_bf_134	 2	 4	 017.tif	 7.466883e+02	 24	 999000	 240	 999000	 999	 7.477047e+02	 416.67	 333.33	 47.00	 17	 0.31	 
BMI_bf_134	 2	 4	 029.tif	 7.526882e+02	 22	 8.918137e+02	 220	 3.754575e+02	 98	 7.537046e+02	 416.67	 350.00	 40.00	 29	 0.40	 
BMI_bf_134	 2	 4	 108.tif	 7.546882e+02	 12	 999000	 120	 999000	 999	 7.557046e+02	 416.67	 350.00	 30.00	 38	 0.48	 
