subjectID	 order	 runNum	 itemName	 onsetTime	 shuff_trialType	 RT	 respInTime	 AudioTime	 response	 fixationTime	 ladder1	 ladder2	 bidIndex	 itemNameIndex	 bidValue	 
BMI_bf_107	 1	 1	 122.tif	 1.098491e+00	 12	 999000	 120	 999000	 999	 2.114802e+00	 750.00	 750.00	 16.00	 52	 0.71	 
BMI_bf_107	 1	 1	 021.tif	 4.081739e+00	 22	 1.456900e+03	 2200	 7.958297e+02	 98	 5.098172e+00	 750.00	 700.00	 45.00	 21	 0.29	 
BMI_bf_107	 1	 1	 017.tif	 8.081663e+00	 24	 999000	 240	 999000	 999	 9.098002e+00	 750.00	 700.00	 56.00	 17	 0.12	 
BMI_bf_107	 1	 1	 103.tif	 1.008164e+01	 11	 1.400698e+03	 1100	 7.951191e+02	 98	 1.109803e+01	 700.00	 700.00	 20.00	 33	 0.64	 
BMI_bf_107	 1	 1	 127.tif	 1.208161e+01	 11	 1.384631e+03	 1100	 7.416942e+02	 98	 1.309795e+01	 650.00	 700.00	 12.00	 57	 0.74	 
BMI_bf_107	 1	 1	 118.tif	 1.608153e+01	 12	 999000	 120	 999000	 999	 1.709788e+01	 650.00	 700.00	 6.00	 48	 0.81	 
BMI_bf_107	 1	 1	 104.tif	 1.808149e+01	 12	 999000	 120	 999000	 999	 1.909782e+01	 650.00	 700.00	 19.00	 34	 0.66	 
BMI_bf_107	 1	 1	 002.tif	 2.308140e+01	 11	 1.272214e+03	 1100	 6.924761e+02	 98	 2.409774e+01	 600.00	 700.00	 13.00	 2	 0.73	 
BMI_bf_107	 1	 1	 011.tif	 2.508138e+01	 12	 999000	 120	 999000	 999	 2.609770e+01	 600.00	 700.00	 17.00	 11	 0.71	 
BMI_bf_107	 1	 1	 024.tif	 2.808133e+01	 12	 999000	 120	 999000	 999	 2.909767e+01	 600.00	 700.00	 27.00	 24	 0.56	 
BMI_bf_107	 1	 1	 026.tif	 3.108126e+01	 24	 999000	 240	 999000	 999	 3.209758e+01	 600.00	 700.00	 41.00	 26	 0.33	 
BMI_bf_107	 1	 1	 129.tif	 3.508117e+01	 11	 1.247840e+03	 1100	 6.419989e+02	 98	 3.609756e+01	 550.00	 700.00	 25.00	 59	 0.59	 
BMI_bf_107	 1	 1	 111.tif	 3.808113e+01	 24	 999000	 240	 999000	 999	 3.909748e+01	 550.00	 700.00	 33.00	 41	 0.48	 
BMI_bf_107	 1	 1	 020.tif	 4.008110e+01	 12	 999000	 120	 999000	 999	 4.109746e+01	 550.00	 700.00	 3.00	 20	 0.85	 
BMI_bf_107	 1	 1	 120.tif	 4.308104e+01	 11	 1.199545e+03	 1100	 5.924348e+02	 98	 4.409736e+01	 500.00	 700.00	 24.00	 50	 0.63	 
BMI_bf_107	 1	 1	 117.tif	 4.708098e+01	 22	 1.343397e+03	 2200	 7.427172e+02	 98	 4.809736e+01	 500.00	 650.00	 47.00	 47	 0.28	 
BMI_bf_107	 1	 1	 114.tif	 5.008092e+01	 11	 1.151292e+03	 1100	 5.421559e+02	 98	 5.109725e+01	 450.00	 650.00	 18.00	 44	 0.68	 
BMI_bf_107	 1	 1	 119.tif	 5.208088e+01	 22	 1.263218e+03	 2200	 6.919448e+02	 98	 5.309726e+01	 450.00	 600.00	 50.00	 49	 0.26	 
BMI_bf_107	 1	 1	 102.tif	 5.408086e+01	 12	 999000	 120	 999000	 999	 5.509718e+01	 450.00	 600.00	 1.00	 32	 0.86	 
BMI_bf_107	 1	 1	 006.tif	 5.908075e+01	 24	 999000	 240	 999000	 999	 6.009710e+01	 450.00	 600.00	 57.00	 6	 0.11	 
BMI_bf_107	 1	 1	 029.tif	 6.308066e+01	 24	 999000	 240	 999000	 999	 6.409700e+01	 450.00	 600.00	 59.00	 29	 0.10	 
BMI_bf_107	 1	 1	 003.tif	 6.708060e+01	 22	 1.246684e+03	 2200	 6.416569e+02	 98	 6.809699e+01	 450.00	 550.00	 52.00	 3	 0.24	 
BMI_bf_107	 1	 1	 027.tif	 7.308051e+01	 24	 999000	 240	 999000	 999	 7.409682e+01	 450.00	 550.00	 48.00	 27	 0.27	 
BMI_bf_107	 1	 1	 123.tif	 7.508049e+01	 12	 999000	 120	 999000	 999	 7.609681e+01	 450.00	 550.00	 9.00	 53	 0.78	 
BMI_bf_107	 1	 1	 030.tif	 7.708043e+01	 12	 999000	 120	 999000	 999	 7.809674e+01	 450.00	 550.00	 29.00	 30	 0.56	 
BMI_bf_107	 1	 1	 113.tif	 7.908045e+01	 12	 999000	 120	 999000	 999	 8.009674e+01	 450.00	 550.00	 5.00	 43	 0.81	 
BMI_bf_107	 1	 1	 101.tif	 8.108035e+01	 12	 999000	 120	 999000	 999	 8.209667e+01	 450.00	 550.00	 8.00	 31	 0.80	 
BMI_bf_107	 1	 1	 028.tif	 8.508027e+01	 22	 1.182060e+03	 2200	 5.932881e+02	 98	 8.609664e+01	 450.00	 500.00	 39.00	 28	 0.36	 
BMI_bf_107	 1	 1	 109.tif	 8.708024e+01	 12	 999000	 120	 999000	 999	 8.809658e+01	 450.00	 500.00	 2.00	 39	 0.85	 
BMI_bf_107	 1	 1	 014.tif	 9.108016e+01	 12	 999000	 120	 999000	 999	 9.209649e+01	 450.00	 500.00	 14.00	 14	 0.73	 
BMI_bf_107	 1	 1	 112.tif	 9.308014e+01	 24	 999000	 240	 999000	 999	 9.409646e+01	 450.00	 500.00	 32.00	 42	 0.49	 
BMI_bf_107	 1	 1	 015.tif	 9.508009e+01	 22	 1.101706e+03	 2200	 5.428073e+02	 98	 9.609643e+01	 450.00	 450.00	 44.00	 15	 0.31	 
BMI_bf_107	 1	 1	 004.tif	 9.708006e+01	 24	 999000	 240	 999000	 999	 9.809638e+01	 450.00	 450.00	 43.00	 4	 0.31	 
BMI_bf_107	 1	 1	 126.tif	 1.020800e+02	 11	 1.045421e+03	 1100	 4.920222e+02	 98	 1.030963e+02	 400.00	 450.00	 21.00	 56	 0.64	 
BMI_bf_107	 1	 1	 025.tif	 1.040799e+02	 22	 1.069372e+03	 2200	 4.922260e+02	 98	 1.050963e+02	 400.00	 400.00	 42.00	 25	 0.31	 
BMI_bf_107	 1	 1	 106.tif	 1.060799e+02	 24	 999000	 240	 999000	 999	 1.070962e+02	 400.00	 400.00	 31.00	 36	 0.49	 
BMI_bf_107	 1	 1	 107.tif	 1.090965e+02	 24	 999000	 240	 999000	 999	 1.101128e+02	 400.00	 400.00	 58.00	 37	 0.11	 
BMI_bf_107	 1	 1	 016.tif	 1.160964e+02	 22	 1.036260e+03	 2200	 4.427464e+02	 98	 1.171128e+02	 400.00	 350.00	 53.00	 16	 0.22	 
BMI_bf_107	 1	 1	 010.tif	 1.200963e+02	 22	 9.321117e+02	 220	 3.923857e+02	 98	 1.211126e+02	 400.00	 366.67	 36.00	 10	 0.44	 
BMI_bf_107	 1	 1	 116.tif	 1.270962e+02	 11	 1.043859e+03	 1100	 4.426124e+02	 98	 1.281125e+02	 350.00	 366.67	 10.00	 46	 0.74	 
BMI_bf_107	 1	 1	 005.tif	 1.290792e+02	 12	 999000	 120	 999000	 999	 1.300958e+02	 350.00	 366.67	 30.00	 5	 0.51	 
BMI_bf_107	 1	 1	 124.tif	 1.330961e+02	 22	 9.956611e+02	 220	 4.094567e+02	 98	 1.341124e+02	 350.00	 383.33	 37.00	 54	 0.43	 
BMI_bf_107	 1	 1	 108.tif	 1.370960e+02	 12	 999000	 120	 999000	 999	 1.381123e+02	 350.00	 383.33	 23.00	 38	 0.63	 
BMI_bf_107	 1	 1	 115.tif	 1.390959e+02	 11	 9.554449e+02	 110	 3.935463e+02	 98	 1.401124e+02	 366.67	 383.33	 15.00	 45	 0.73	 
BMI_bf_107	 1	 1	 128.tif	 1.430958e+02	 12	 999000	 120	 999000	 999	 1.441122e+02	 366.67	 383.33	 28.00	 58	 0.56	 
BMI_bf_107	 1	 1	 007.tif	 1.450958e+02	 12	 999000	 120	 999000	 999	 1.461122e+02	 366.67	 383.33	 26.00	 7	 0.59	 
BMI_bf_107	 1	 1	 023.tif	 1.470958e+02	 24	 999000	 240	 999000	 999	 1.481122e+02	 366.67	 383.33	 55.00	 23	 0.19	 
BMI_bf_107	 1	 1	 001.tif	 1.530957e+02	 24	 999000	 240	 999000	 999	 1.541121e+02	 366.67	 383.33	 46.00	 1	 0.28	 
BMI_bf_107	 1	 1	 130.tif	 1.550956e+02	 12	 999000	 120	 999000	 999	 1.561120e+02	 366.67	 383.33	 4.00	 60	 0.83	 
BMI_bf_107	 1	 1	 013.tif	 1.580956e+02	 24	 999000	 240	 999000	 999	 1.591120e+02	 366.67	 383.33	 35.00	 13	 0.46	 
BMI_bf_107	 1	 1	 125.tif	 1.610956e+02	 12	 999000	 120	 999000	 999	 1.621119e+02	 366.67	 383.33	 22.00	 55	 0.63	 
BMI_bf_107	 1	 1	 110.tif	 1.630955e+02	 11	 1.034621e+03	 1100	 4.092861e+02	 98	 1.641119e+02	 316.67	 383.33	 7.00	 40	 0.80	 
BMI_bf_107	 1	 1	 105.tif	 1.650955e+02	 24	 999000	 240	 999000	 999	 1.661118e+02	 316.67	 383.33	 60.00	 35	 0.10	 
BMI_bf_107	 1	 1	 012.tif	 1.670953e+02	 24	 999000	 240	 999000	 999	 1.681118e+02	 316.67	 383.33	 40.00	 12	 0.33	 
BMI_bf_107	 1	 1	 018.tif	 1.730953e+02	 24	 999000	 240	 999000	 999	 1.741117e+02	 316.67	 383.33	 49.00	 18	 0.26	 
BMI_bf_107	 1	 1	 019.tif	 1.750953e+02	 24	 999000	 240	 999000	 999	 1.761116e+02	 316.67	 383.33	 54.00	 19	 0.22	 
BMI_bf_107	 1	 1	 008.tif	 1.770953e+02	 24	 999000	 240	 999000	 999	 1.781116e+02	 316.67	 383.33	 51.00	 8	 0.25	 
BMI_bf_107	 1	 1	 009.tif	 1.790950e+02	 24	 999000	 240	 999000	 999	 1.801116e+02	 316.67	 383.33	 34.00	 9	 0.47	 
BMI_bf_107	 1	 1	 121.tif	 1.820952e+02	 12	 999000	 120	 999000	 999	 1.831115e+02	 316.67	 383.33	 11.00	 51	 0.74	 
BMI_bf_107	 1	 1	 022.tif	 1.850950e+02	 24	 999000	 240	 999000	 999	 1.861115e+02	 316.67	 383.33	 38.00	 22	 0.41	 
