subjectID	 order	 runNum	 itemName	 onsetTime	 shuff_trialType	 RT	 respInTime	 AudioTime	 response	 fixationTime	 ladder1	 ladder2	 bidIndex	 itemNameIndex	 bidValue	 
BMI_bf_128	 2	 2	 128.tif	 1.887208e+02	 12	 999000	 120	 999000	 999	 1.897374e+02	 383.33	 316.67	 10.00	 58	 0.77	 
BMI_bf_128	 2	 2	 122.tif	 1.917211e+02	 11	 9.986154e+02	 110	 4.307940e+02	 98	 1.927374e+02	 400.00	 316.67	 22.00	 52	 0.59	 
BMI_bf_128	 2	 2	 011.tif	 1.957210e+02	 11	 1.006430e+03	 1100	 4.419255e+02	 98	 1.967372e+02	 350.00	 316.67	 23.00	 11	 0.59	 
BMI_bf_128	 2	 2	 030.tif	 1.977207e+02	 24	 999000	 240	 999000	 999	 1.987372e+02	 350.00	 316.67	 55.00	 30	 0.26	 
BMI_bf_128	 2	 2	 026.tif	 1.997208e+02	 24	 999000	 240	 999000	 999	 2.007372e+02	 350.00	 316.67	 53.00	 26	 0.28	 
BMI_bf_128	 2	 2	 021.tif	 2.037207e+02	 24	 999000	 240	 999000	 999	 2.047371e+02	 350.00	 316.67	 31.00	 21	 0.44	 
BMI_bf_128	 2	 2	 108.tif	 2.057207e+02	 11	 9.261546e+02	 110	 3.920499e+02	 98	 2.067370e+02	 366.67	 316.67	 8.00	 38	 0.78	 
BMI_bf_128	 2	 2	 003.tif	 2.107206e+02	 24	 999000	 240	 999000	 999	 2.117369e+02	 366.67	 316.67	 50.00	 3	 0.30	 
BMI_bf_128	 2	 2	 103.tif	 2.127205e+02	 24	 999000	 240	 999000	 999	 2.137368e+02	 366.67	 316.67	 33.00	 33	 0.44	 
BMI_bf_128	 2	 2	 028.tif	 2.157205e+02	 22	 9.097916e+02	 220	 3.595796e+02	 98	 2.167368e+02	 366.67	 333.33	 38.00	 28	 0.38	 
BMI_bf_128	 2	 2	 127.tif	 2.187204e+02	 12	 999000	 120	 999000	 999	 2.197367e+02	 366.67	 333.33	 13.00	 57	 0.71	 
BMI_bf_128	 2	 2	 109.tif	 2.227203e+02	 11	 9.575280e+02	 110	 4.085584e+02	 98	 2.237367e+02	 383.33	 333.33	 9.00	 39	 0.78	 
BMI_bf_128	 2	 2	 118.tif	 2.257202e+02	 11	 1.061498e+03	 1100	 4.250391e+02	 98	 2.267365e+02	 333.33	 333.33	 16.00	 48	 0.67	 
BMI_bf_128	 2	 2	 119.tif	 2.277202e+02	 24	 999000	 240	 999000	 999	 2.287365e+02	 333.33	 333.33	 47.00	 49	 0.34	 
BMI_bf_128	 2	 2	 005.tif	 2.307201e+02	 24	 999000	 240	 999000	 999	 2.317364e+02	 333.33	 333.33	 42.00	 5	 0.37	 
BMI_bf_128	 2	 2	 115.tif	 2.347200e+02	 22	 9.571126e+02	 220	 3.759876e+02	 98	 2.357364e+02	 333.33	 350.00	 48.00	 45	 0.33	 
BMI_bf_128	 2	 2	 105.tif	 2.377199e+02	 24	 999000	 240	 999000	 999	 2.387362e+02	 333.33	 350.00	 57.00	 35	 0.17	 
BMI_bf_128	 2	 2	 017.tif	 2.397199e+02	 24	 999000	 240	 999000	 999	 2.407362e+02	 333.33	 350.00	 39.00	 17	 0.38	 
BMI_bf_128	 2	 2	 110.tif	 2.417198e+02	 12	 999000	 120	 999000	 999	 2.427362e+02	 333.33	 350.00	 12.00	 40	 0.72	 
BMI_bf_128	 2	 2	 123.tif	 2.467197e+02	 11	 9.247033e+02	 110	 3.754976e+02	 98	 2.477361e+02	 350.00	 350.00	 11.00	 53	 0.73	 
BMI_bf_128	 2	 2	 006.tif	 2.507196e+02	 24	 -1.915069e+03	 24	 999000	 98	 2.517361e+02	 350.00	 350.00	 60.00	 6	 0.05	 
BMI_bf_128	 2	 2	 018.tif	 2.547195e+02	 12	 999000	 120	 999000	 999	 2.557359e+02	 350.00	 350.00	 29.00	 18	 0.46	 
BMI_bf_128	 2	 2	 125.tif	 2.607194e+02	 24	 999000	 240	 999000	 999	 2.617357e+02	 350.00	 350.00	 36.00	 55	 0.39	 
BMI_bf_128	 2	 2	 129.tif	 2.627193e+02	 12	 999000	 120	 999000	 999	 2.637357e+02	 350.00	 350.00	 2.00	 59	 0.85	 
BMI_bf_128	 2	 2	 130.tif	 2.647193e+02	 12	 999000	 120	 999000	 999	 2.657356e+02	 350.00	 350.00	 7.00	 60	 0.80	 
BMI_bf_128	 2	 2	 107.tif	 2.667192e+02	 24	 999000	 240	 999000	 999	 2.677356e+02	 350.00	 350.00	 45.00	 37	 0.34	 
BMI_bf_128	 2	 2	 112.tif	 2.687192e+02	 22	 9.959077e+02	 220	 3.929180e+02	 98	 2.697356e+02	 350.00	 366.67	 43.00	 42	 0.36	 
BMI_bf_128	 2	 2	 102.tif	 2.727191e+02	 12	 999000	 120	 999000	 999	 2.737354e+02	 350.00	 366.67	 5.00	 32	 0.82	 
BMI_bf_128	 2	 2	 116.tif	 2.747190e+02	 11	 9.478336e+02	 110	 3.922054e+02	 98	 2.757354e+02	 366.67	 366.67	 14.00	 46	 0.70	 
BMI_bf_128	 2	 2	 111.tif	 2.787189e+02	 12	 999000	 120	 999000	 999	 2.797353e+02	 366.67	 366.67	 21.00	 41	 0.60	 
BMI_bf_128	 2	 2	 015.tif	 2.807187e+02	 24	 999000	 240	 999000	 999	 2.817352e+02	 366.67	 366.67	 37.00	 15	 0.39	 
BMI_bf_128	 2	 2	 027.tif	 2.827188e+02	 22	 1.003419e+03	 2200	 4.087809e+02	 98	 2.837352e+02	 366.67	 316.67	 51.00	 27	 0.30	 
BMI_bf_128	 2	 2	 113.tif	 2.847188e+02	 12	 999000	 120	 999000	 999	 2.857351e+02	 366.67	 316.67	 6.00	 43	 0.82	 
BMI_bf_128	 2	 2	 020.tif	 2.897187e+02	 12	 999000	 120	 999000	 999	 2.907350e+02	 366.67	 316.67	 1.00	 20	 0.92	 
BMI_bf_128	 2	 2	 104.tif	 2.917186e+02	 12	 999000	 120	 999000	 999	 2.927350e+02	 366.67	 316.67	 3.00	 34	 0.84	 
BMI_bf_128	 2	 2	 101.tif	 2.937186e+02	 12	 999000	 120	 999000	 999	 2.947349e+02	 366.67	 316.67	 18.00	 31	 0.64	 
BMI_bf_128	 2	 2	 117.tif	 2.967185e+02	 24	 999000	 240	 999000	 999	 2.977348e+02	 366.67	 316.67	 44.00	 47	 0.35	 
BMI_bf_128	 2	 2	 024.tif	 3.037183e+02	 12	 999000	 120	 999000	 999	 3.047347e+02	 366.67	 316.67	 20.00	 24	 0.60	 
BMI_bf_128	 2	 2	 009.tif	 3.077182e+02	 12	 999000	 120	 999000	 999	 3.087346e+02	 366.67	 316.67	 25.00	 9	 0.57	 
BMI_bf_128	 2	 2	 019.tif	 3.147181e+02	 24	 999000	 240	 999000	 999	 3.157344e+02	 366.67	 316.67	 34.00	 19	 0.43	 
BMI_bf_128	 2	 2	 114.tif	 3.167180e+02	 12	 999000	 120	 999000	 999	 3.177344e+02	 366.67	 316.67	 27.00	 44	 0.56	 
BMI_bf_128	 2	 2	 012.tif	 3.207179e+02	 24	 999000	 240	 999000	 999	 3.217343e+02	 366.67	 316.67	 58.00	 12	 0.16	 
BMI_bf_128	 2	 2	 001.tif	 3.247178e+02	 22	 8.979239e+02	 220	 3.593574e+02	 98	 3.257342e+02	 366.67	 333.33	 54.00	 1	 0.27	 
BMI_bf_128	 2	 2	 010.tif	 3.267178e+02	 24	 999000	 240	 999000	 999	 3.277341e+02	 366.67	 333.33	 32.00	 10	 0.44	 
BMI_bf_128	 2	 2	 004.tif	 3.307177e+02	 22	 8.977132e+02	 220	 3.756954e+02	 98	 3.317340e+02	 366.67	 350.00	 49.00	 4	 0.32	 
BMI_bf_128	 2	 2	 120.tif	 3.327177e+02	 22	 8.976486e+02	 220	 3.922893e+02	 98	 3.337340e+02	 366.67	 366.67	 46.00	 50	 0.34	 
BMI_bf_128	 2	 2	 126.tif	 3.347176e+02	 12	 999000	 120	 999000	 999	 3.357339e+02	 366.67	 366.67	 4.00	 56	 0.82	 
BMI_bf_128	 2	 2	 124.tif	 3.407175e+02	 22	 9.613721e+02	 220	 4.089324e+02	 98	 3.417338e+02	 366.67	 383.33	 35.00	 54	 0.39	 
BMI_bf_128	 2	 2	 014.tif	 3.427174e+02	 22	 9.773418e+02	 220	 4.263682e+02	 98	 3.437337e+02	 366.67	 400.00	 41.00	 14	 0.37	 
BMI_bf_128	 2	 2	 016.tif	 3.457173e+02	 24	 999000	 240	 999000	 999	 3.467337e+02	 366.67	 400.00	 52.00	 16	 0.29	 
BMI_bf_128	 2	 2	 008.tif	 3.487173e+02	 24	 999000	 240	 999000	 999	 3.497336e+02	 366.67	 400.00	 56.00	 8	 0.17	 
BMI_bf_128	 2	 2	 023.tif	 3.507172e+02	 24	 999000	 240	 999000	 999	 3.517336e+02	 366.67	 400.00	 59.00	 23	 0.14	 
BMI_bf_128	 2	 2	 002.tif	 3.527172e+02	 22	 1.040946e+03	 2200	 4.419796e+02	 98	 3.537335e+02	 366.67	 350.00	 40.00	 2	 0.37	 
BMI_bf_128	 2	 2	 022.tif	 3.547170e+02	 12	 999000	 120	 999000	 999	 3.557335e+02	 366.67	 350.00	 24.00	 22	 0.59	 
BMI_bf_128	 2	 2	 007.tif	 3.607170e+02	 11	 9.926414e+02	 110	 4.082743e+02	 98	 3.617333e+02	 383.33	 350.00	 26.00	 7	 0.56	 
BMI_bf_128	 2	 2	 029.tif	 3.627169e+02	 12	 999000	 120	 999000	 999	 3.637333e+02	 383.33	 350.00	 30.00	 29	 0.46	 
BMI_bf_128	 2	 2	 106.tif	 3.647169e+02	 11	 1.040529e+03	 1100	 4.262363e+02	 98	 3.657333e+02	 333.33	 350.00	 17.00	 36	 0.66	 
BMI_bf_128	 2	 2	 025.tif	 3.667166e+02	 12	 999000	 120	 999000	 999	 3.677332e+02	 333.33	 350.00	 15.00	 25	 0.68	 
BMI_bf_128	 2	 2	 013.tif	 3.697168e+02	 12	 999000	 120	 999000	 999	 3.707331e+02	 333.33	 350.00	 28.00	 13	 0.53	 
BMI_bf_128	 2	 2	 121.tif	 3.727167e+02	 11	 1.000249e+03	 1100	 3.753950e+02	 98	 3.737331e+02	 283.33	 350.00	 19.00	 51	 0.61	 
