subjectID	 order	 runNum	 itemName	 onsetTime	 shuff_trialType	 RT	 respInTime	 AudioTime	 response	 fixationTime	 ladder1	 ladder2	 bidIndex	 itemNameIndex	 bidValue	 
BMI_bf_126	 2	 4	 111.tif	 5.769168e+02	 11	 9.566591e+02	 110	 4.263808e+02	 98	 5.779335e+02	 400.00	 383.33	 22.00	 41	 0.65	 
BMI_bf_126	 2	 4	 011.tif	 5.789169e+02	 11	 9.244109e+02	 110	 4.427580e+02	 98	 5.799335e+02	 416.67	 383.33	 17.00	 11	 0.67	 
BMI_bf_126	 2	 4	 028.tif	 5.829170e+02	 12	 999000	 120	 999000	 999	 5.839333e+02	 416.67	 383.33	 21.00	 28	 0.65	 
BMI_bf_126	 2	 4	 109.tif	 5.859170e+02	 11	 9.479693e+02	 110	 4.597058e+02	 98	 5.869333e+02	 433.33	 383.33	 8.00	 39	 0.72	 
BMI_bf_126	 2	 4	 016.tif	 5.879167e+02	 11	 9.960813e+02	 110	 4.755249e+02	 98	 5.889333e+02	 450.00	 383.33	 19.00	 16	 0.66	 
BMI_bf_126	 2	 4	 115.tif	 5.909168e+02	 12	 999000	 120	 999000	 999	 5.919332e+02	 450.00	 383.33	 24.00	 45	 0.64	 
BMI_bf_126	 2	 4	 010.tif	 5.949168e+02	 12	 999000	 120	 999000	 999	 5.959331e+02	 450.00	 383.33	 13.00	 10	 0.69	 
BMI_bf_126	 2	 4	 004.tif	 5.989167e+02	 12	 999000	 120	 999000	 999	 5.999330e+02	 450.00	 383.33	 4.00	 4	 0.76	 
BMI_bf_126	 2	 4	 017.tif	 6.009166e+02	 24	 999000	 240	 999000	 999	 6.019330e+02	 450.00	 383.33	 33.00	 17	 0.48	 
BMI_bf_126	 2	 4	 009.tif	 6.059165e+02	 22	 9.232563e+02	 220	 4.261387e+02	 98	 6.069329e+02	 450.00	 400.00	 46.00	 9	 0.32	 
BMI_bf_126	 2	 4	 127.tif	 6.079165e+02	 11	 9.951842e+02	 110	 4.924213e+02	 98	 6.089328e+02	 466.67	 400.00	 9.00	 57	 0.71	 
BMI_bf_126	 2	 4	 125.tif	 6.099164e+02	 24	 999000	 240	 999000	 999	 6.109328e+02	 466.67	 400.00	 34.00	 55	 0.45	 
BMI_bf_126	 2	 4	 022.tif	 6.159163e+02	 12	 999000	 120	 999000	 999	 6.169326e+02	 466.67	 400.00	 20.00	 22	 0.66	 
BMI_bf_126	 2	 4	 106.tif	 6.179163e+02	 12	 999000	 120	 999000	 999	 6.189326e+02	 466.67	 400.00	 29.00	 36	 0.54	 
BMI_bf_126	 2	 4	 019.tif	 6.199162e+02	 24	 999000	 240	 999000	 999	 6.209326e+02	 466.67	 400.00	 58.00	 19	 0.19	 
BMI_bf_126	 2	 4	 015.tif	 6.219162e+02	 24	 999000	 240	 999000	 999	 6.229325e+02	 466.67	 400.00	 37.00	 15	 0.40	 
BMI_bf_126	 2	 4	 018.tif	 6.259161e+02	 22	 9.545537e+02	 220	 4.434113e+02	 98	 6.269324e+02	 466.67	 416.67	 40.00	 18	 0.38	 
BMI_bf_126	 2	 4	 003.tif	 6.299160e+02	 24	 999000	 240	 999000	 999	 6.309323e+02	 466.67	 416.67	 47.00	 3	 0.27	 
BMI_bf_126	 2	 4	 122.tif	 6.329160e+02	 24	 999000	 240	 999000	 999	 6.339323e+02	 466.67	 416.67	 42.00	 52	 0.36	 
BMI_bf_126	 2	 4	 026.tif	 6.369159e+02	 24	 999000	 240	 999000	 999	 6.379323e+02	 466.67	 416.67	 56.00	 26	 0.21	 
BMI_bf_126	 2	 4	 029.tif	 6.399158e+02	 22	 9.860566e+02	 220	 4.592642e+02	 98	 6.409322e+02	 466.67	 433.33	 49.00	 29	 0.25	 
BMI_bf_126	 2	 4	 007.tif	 6.419155e+02	 12	 999000	 120	 999000	 999	 6.429322e+02	 466.67	 433.33	 10.00	 7	 0.71	 
BMI_bf_126	 2	 4	 105.tif	 6.459157e+02	 24	 999000	 240	 999000	 999	 6.469320e+02	 466.67	 433.33	 55.00	 35	 0.21	 
BMI_bf_126	 2	 4	 102.tif	 6.479156e+02	 12	 999000	 120	 999000	 999	 6.489320e+02	 466.67	 433.33	 1.00	 32	 0.87	 
BMI_bf_126	 2	 4	 002.tif	 6.499156e+02	 12	 999000	 120	 999000	 999	 6.509319e+02	 466.67	 433.33	 15.00	 2	 0.68	 
BMI_bf_126	 2	 4	 021.tif	 6.539155e+02	 22	 9.935696e+02	 220	 4.746437e+02	 98	 6.549318e+02	 466.67	 450.00	 38.00	 21	 0.40	 
BMI_bf_126	 2	 4	 128.tif	 6.559153e+02	 22	 9.936776e+02	 220	 4.927808e+02	 98	 6.569318e+02	 466.67	 466.67	 51.00	 58	 0.24	 
BMI_bf_126	 2	 4	 113.tif	 6.599154e+02	 11	 1.041343e+03	 1100	 5.073759e+02	 98	 6.609317e+02	 416.67	 466.67	 16.00	 43	 0.67	 
BMI_bf_126	 2	 4	 126.tif	 6.639153e+02	 12	 999000	 120	 999000	 999	 6.649316e+02	 416.67	 466.67	 27.00	 56	 0.59	 
BMI_bf_126	 2	 4	 006.tif	 6.669152e+02	 24	 999000	 240	 999000	 999	 6.679316e+02	 416.67	 466.67	 50.00	 6	 0.25	 
BMI_bf_126	 2	 4	 112.tif	 6.729151e+02	 24	 999000	 240	 999000	 999	 6.739314e+02	 416.67	 466.67	 57.00	 42	 0.20	 
BMI_bf_126	 2	 4	 001.tif	 6.749151e+02	 12	 999000	 120	 999000	 999	 6.759314e+02	 416.67	 466.67	 6.00	 1	 0.72	 
BMI_bf_126	 2	 4	 023.tif	 6.789150e+02	 24	 999000	 240	 999000	 999	 6.799313e+02	 416.67	 466.67	 60.00	 23	 0.13	 
BMI_bf_126	 2	 4	 116.tif	 6.809149e+02	 24	 999000	 240	 999000	 999	 6.819313e+02	 416.67	 466.67	 53.00	 46	 0.23	 
BMI_bf_126	 2	 4	 024.tif	 6.829315e+02	 11	 9.438909e+02	 110	 4.577280e+02	 98	 6.839479e+02	 433.33	 466.67	 11.00	 24	 0.71	 
BMI_bf_126	 2	 4	 005.tif	 6.849313e+02	 12	 999000	 120	 999000	 999	 6.859479e+02	 433.33	 466.67	 5.00	 5	 0.72	 
BMI_bf_126	 2	 4	 124.tif	 6.899313e+02	 12	 999000	 120	 999000	 999	 6.909477e+02	 433.33	 466.67	 3.00	 54	 0.85	 
BMI_bf_126	 2	 4	 013.tif	 6.919314e+02	 11	 1.015576e+03	 1100	 4.749441e+02	 98	 6.929477e+02	 383.33	 466.67	 14.00	 13	 0.69	 
BMI_bf_126	 2	 4	 104.tif	 6.939313e+02	 12	 999000	 120	 999000	 999	 6.949477e+02	 383.33	 466.67	 2.00	 34	 0.87	 
BMI_bf_126	 2	 4	 014.tif	 6.969313e+02	 12	 999000	 120	 999000	 999	 6.979476e+02	 383.33	 466.67	 25.00	 14	 0.63	 
BMI_bf_126	 2	 4	 008.tif	 6.999312e+02	 22	 1.079302e+03	 2200	 5.082413e+02	 98	 7.009475e+02	 383.33	 416.67	 41.00	 8	 0.37	 
BMI_bf_126	 2	 4	 108.tif	 7.039311e+02	 12	 999000	 120	 999000	 999	 7.049475e+02	 383.33	 416.67	 7.00	 38	 0.72	 
BMI_bf_126	 2	 4	 107.tif	 7.059311e+02	 24	 999000	 240	 999000	 999	 7.069474e+02	 383.33	 416.67	 52.00	 37	 0.24	 
BMI_bf_126	 2	 4	 012.tif	 7.079310e+02	 24	 999000	 240	 999000	 999	 7.089474e+02	 383.33	 416.67	 59.00	 12	 0.14	 
BMI_bf_126	 2	 4	 030.tif	 7.109310e+02	 11	 9.108763e+02	 110	 4.260207e+02	 98	 7.119473e+02	 400.00	 416.67	 26.00	 30	 0.62	 
BMI_bf_126	 2	 4	 119.tif	 7.139309e+02	 12	 999000	 120	 999000	 999	 7.149473e+02	 400.00	 416.67	 28.00	 49	 0.56	 
BMI_bf_126	 2	 4	 118.tif	 7.159309e+02	 24	 999000	 240	 999000	 999	 7.169472e+02	 400.00	 416.67	 39.00	 48	 0.40	 
BMI_bf_126	 2	 4	 123.tif	 7.179308e+02	 22	 9.666279e+02	 220	 4.597028e+02	 98	 7.189472e+02	 400.00	 433.33	 35.00	 53	 0.44	 
BMI_bf_126	 2	 4	 110.tif	 7.199305e+02	 11	 9.347875e+02	 110	 4.420336e+02	 98	 7.209471e+02	 416.67	 433.33	 23.00	 40	 0.65	 
BMI_bf_126	 2	 4	 120.tif	 7.249307e+02	 24	 999000	 240	 999000	 999	 7.259470e+02	 416.67	 433.33	 45.00	 50	 0.34	 
BMI_bf_126	 2	 4	 117.tif	 7.269306e+02	 24	 999000	 240	 999000	 999	 7.279470e+02	 416.67	 433.33	 44.00	 47	 0.34	 
BMI_bf_126	 2	 4	 027.tif	 7.289304e+02	 22	 9.744198e+02	 220	 4.754388e+02	 98	 7.299470e+02	 416.67	 450.00	 48.00	 27	 0.27	 
BMI_bf_126	 2	 4	 101.tif	 7.309305e+02	 12	 999000	 120	 999000	 999	 7.319469e+02	 416.67	 450.00	 18.00	 31	 0.67	 
BMI_bf_126	 2	 4	 130.tif	 7.379304e+02	 24	 999000	 240	 999000	 999	 7.389467e+02	 416.67	 450.00	 31.00	 60	 0.51	 
BMI_bf_126	 2	 4	 129.tif	 7.399304e+02	 22	 1.037791e+03	 2200	 4.924418e+02	 98	 7.409467e+02	 416.67	 400.00	 43.00	 59	 0.34	 
BMI_bf_126	 2	 4	 114.tif	 7.469302e+02	 24	 999000	 240	 999000	 999	 7.479465e+02	 416.67	 400.00	 32.00	 44	 0.50	 
BMI_bf_126	 2	 4	 103.tif	 7.499301e+02	 24	 999000	 240	 999000	 999	 7.509465e+02	 416.67	 400.00	 36.00	 33	 0.41	 
BMI_bf_126	 2	 4	 020.tif	 7.529301e+02	 12	 999000	 120	 999000	 999	 7.539464e+02	 416.67	 400.00	 12.00	 20	 0.70	 
BMI_bf_126	 2	 4	 121.tif	 7.589299e+02	 12	 999000	 120	 999000	 999	 7.599463e+02	 416.67	 400.00	 30.00	 51	 0.53	 
BMI_bf_126	 2	 4	 025.tif	 7.609299e+02	 22	 9.731505e+02	 220	 4.433470e+02	 98	 7.619463e+02	 416.67	 416.67	 54.00	 25	 0.23	 
