subjectID	 order	 runNum	 itemName	 onsetTime	 shuff_trialType	 RT	 respInTime	 AudioTime	 response	 fixationTime	 ladder1	 ladder2	 bidIndex	 itemNameIndex	 bidValue	 
BMI_bf_103	 1	 11	 025.tif	 2.020376e+03	 22	 9.502219e+02	 220	 3.921740e+02	 98	 2.021393e+03	 416.67	 366.67	 39.00	 25	 0.36	 
BMI_bf_103	 1	 11	 117.tif	 2.023376e+03	 24	 999000	 240	 999000	 999	 2.024392e+03	 416.67	 366.67	 43.00	 47	 0.34	 
BMI_bf_103	 1	 11	 115.tif	 2.025376e+03	 12	 999000	 120	 999000	 999	 2.026392e+03	 416.67	 366.67	 30.00	 45	 0.52	 
BMI_bf_103	 1	 11	 002.tif	 2.027376e+03	 24	 999000	 240	 999000	 999	 2.028392e+03	 416.67	 366.67	 60.00	 2	 0.06	 
BMI_bf_103	 1	 11	 017.tif	 2.029376e+03	 24	 999000	 240	 999000	 999	 2.030392e+03	 416.67	 366.67	 35.00	 17	 0.42	 
BMI_bf_103	 1	 11	 013.tif	 2.032376e+03	 12	 999000	 120	 999000	 999	 2.033392e+03	 416.67	 366.67	 14.00	 13	 0.71	 
BMI_bf_103	 1	 11	 023.tif	 2.034376e+03	 24	 999000	 240	 999000	 999	 2.035392e+03	 416.67	 366.67	 56.00	 23	 0.17	 
BMI_bf_103	 1	 11	 114.tif	 2.038376e+03	 12	 999000	 120	 999000	 999	 2.039392e+03	 416.67	 366.67	 17.00	 44	 0.69	 
BMI_bf_103	 1	 11	 026.tif	 2.040375e+03	 24	 999000	 240	 999000	 999	 2.041392e+03	 416.67	 366.67	 41.00	 26	 0.36	 
BMI_bf_103	 1	 11	 109.tif	 2.045375e+03	 12	 999000	 120	 999000	 999	 2.046392e+03	 416.67	 366.67	 11.00	 39	 0.77	 
BMI_bf_103	 1	 11	 127.tif	 2.047375e+03	 12	 999000	 120	 999000	 999	 2.048392e+03	 416.67	 366.67	 16.00	 57	 0.70	 
BMI_bf_103	 1	 11	 016.tif	 2.051375e+03	 24	 999000	 240	 999000	 999	 2.052392e+03	 416.67	 366.67	 48.00	 16	 0.29	 
BMI_bf_103	 1	 11	 018.tif	 2.053375e+03	 24	 999000	 240	 999000	 999	 2.054392e+03	 416.67	 366.67	 33.00	 18	 0.43	 
BMI_bf_103	 1	 11	 126.tif	 2.056375e+03	 12	 999000	 120	 999000	 999	 2.057391e+03	 416.67	 366.67	 5.00	 56	 0.83	 
BMI_bf_103	 1	 11	 021.tif	 2.061375e+03	 22	 1.036457e+03	 2200	 4.086558e+02	 98	 2.062391e+03	 416.67	 316.67	 53.00	 21	 0.24	 
BMI_bf_103	 1	 11	 010.tif	 2.063375e+03	 12	 999000	 120	 999000	 999	 2.064391e+03	 416.67	 316.67	 6.00	 10	 0.82	 
BMI_bf_103	 1	 11	 008.tif	 2.065375e+03	 24	 999000	 240	 999000	 999	 2.066391e+03	 416.67	 316.67	 49.00	 8	 0.28	 
BMI_bf_103	 1	 11	 019.tif	 2.069375e+03	 22	 1.148214e+03	 2200	 3.597628e+02	 98	 2.070391e+03	 416.67	 266.67	 50.00	 19	 0.28	 
BMI_bf_103	 1	 11	 119.tif	 2.073375e+03	 12	 999000	 120	 999000	 999	 2.074391e+03	 416.67	 266.67	 3.00	 49	 0.84	 
BMI_bf_103	 1	 11	 124.tif	 2.077375e+03	 24	 999000	 240	 999000	 999	 2.078391e+03	 416.67	 266.67	 31.00	 54	 0.51	 
BMI_bf_103	 1	 11	 011.tif	 2.079374e+03	 12	 999000	 120	 999000	 999	 2.080391e+03	 416.67	 266.67	 27.00	 11	 0.55	 
BMI_bf_103	 1	 11	 121.tif	 2.081374e+03	 11	 1.075747e+03	 1100	 4.597751e+02	 98	 2.082391e+03	 366.67	 266.67	 21.00	 51	 0.63	 
BMI_bf_103	 1	 11	 106.tif	 2.083374e+03	 11	 9.558868e+02	 110	 4.095560e+02	 98	 2.084391e+03	 383.33	 266.67	 24.00	 36	 0.59	 
BMI_bf_103	 1	 11	 112.tif	 2.085374e+03	 24	 999000	 240	 999000	 999	 2.086391e+03	 383.33	 266.67	 32.00	 42	 0.44	 
BMI_bf_103	 1	 11	 128.tif	 2.091374e+03	 12	 999000	 120	 999000	 999	 2.092390e+03	 383.33	 266.67	 29.00	 58	 0.53	 
BMI_bf_103	 1	 11	 122.tif	 2.094374e+03	 11	 1.163342e+03	 1100	 4.258075e+02	 98	 2.095390e+03	 333.33	 266.67	 12.00	 52	 0.76	 
BMI_bf_103	 1	 11	 101.tif	 2.096374e+03	 12	 999000	 120	 999000	 999	 2.097390e+03	 333.33	 266.67	 8.00	 31	 0.79	 
BMI_bf_103	 1	 11	 125.tif	 2.098374e+03	 12	 999000	 120	 999000	 999	 2.099390e+03	 333.33	 266.67	 28.00	 55	 0.54	 
BMI_bf_103	 1	 11	 020.tif	 2.101374e+03	 22	 1.179080e+03	 2200	 3.099569e+02	 98	 2.102390e+03	 333.33	 216.67	 42.00	 20	 0.34	 
BMI_bf_103	 1	 11	 014.tif	 2.103374e+03	 12	 999000	 120	 999000	 999	 2.104390e+03	 333.33	 216.67	 23.00	 14	 0.60	 
BMI_bf_103	 1	 11	 116.tif	 2.105374e+03	 11	 8.989532e+02	 110	 3.759282e+02	 98	 2.106390e+03	 350.00	 216.67	 18.00	 46	 0.68	 
BMI_bf_103	 1	 11	 030.tif	 2.107374e+03	 22	 7.708355e+02	 220	 2.594090e+02	 98	 2.108390e+03	 350.00	 233.33	 47.00	 30	 0.29	 
BMI_bf_103	 1	 11	 007.tif	 2.110374e+03	 22	 7.548168e+02	 220	 2.766280e+02	 98	 2.111390e+03	 350.00	 250.00	 44.00	 7	 0.33	 
BMI_bf_103	 1	 11	 120.tif	 2.112373e+03	 22	 7.708546e+02	 220	 2.935031e+02	 98	 2.113390e+03	 350.00	 266.67	 36.00	 50	 0.42	 
BMI_bf_103	 1	 11	 102.tif	 2.114373e+03	 12	 9.866206e+02	 12	 999000	 98	 2.115390e+03	 350.00	 266.67	 2.00	 32	 0.88	 
BMI_bf_103	 1	 11	 113.tif	 2.116373e+03	 12	 999000	 120	 999000	 999	 2.117390e+03	 350.00	 266.67	 1.00	 43	 0.89	 
BMI_bf_103	 1	 11	 001.tif	 2.118373e+03	 24	 999000	 240	 999000	 999	 2.119390e+03	 350.00	 266.67	 57.00	 1	 0.14	 
BMI_bf_103	 1	 11	 015.tif	 2.124373e+03	 11	 8.822676e+02	 110	 3.921124e+02	 98	 2.125389e+03	 366.67	 266.67	 20.00	 15	 0.65	 
BMI_bf_103	 1	 11	 129.tif	 2.127373e+03	 11	 9.142249e+02	 110	 4.092553e+02	 98	 2.128389e+03	 383.33	 266.67	 15.00	 59	 0.70	 
BMI_bf_103	 1	 11	 027.tif	 2.131373e+03	 24	 999000	 240	 999000	 999	 2.132389e+03	 383.33	 266.67	 58.00	 27	 0.14	 
BMI_bf_103	 1	 11	 111.tif	 2.137373e+03	 11	 9.537502e+02	 110	 4.254851e+02	 98	 2.138389e+03	 400.00	 266.67	 7.00	 41	 0.80	 
BMI_bf_103	 1	 11	 123.tif	 2.139372e+03	 11	 9.299657e+02	 110	 4.428843e+02	 98	 2.140389e+03	 416.67	 266.67	 10.00	 53	 0.78	 
BMI_bf_103	 1	 11	 028.tif	 2.144373e+03	 12	 999000	 120	 999000	 999	 2.145389e+03	 416.67	 266.67	 26.00	 28	 0.55	 
BMI_bf_103	 1	 11	 012.tif	 2.147372e+03	 24	 999000	 240	 999000	 999	 2.148389e+03	 416.67	 266.67	 38.00	 12	 0.38	 
BMI_bf_103	 1	 11	 110.tif	 2.149372e+03	 11	 1.017368e+03	 1100	 4.593030e+02	 98	 2.150389e+03	 366.67	 266.67	 25.00	 40	 0.55	 
BMI_bf_103	 1	 11	 105.tif	 2.152372e+03	 24	 999000	 240	 999000	 999	 2.153389e+03	 366.67	 266.67	 55.00	 35	 0.17	 
BMI_bf_103	 1	 11	 005.tif	 2.154372e+03	 22	 8.093892e+02	 220	 3.106946e+02	 98	 2.155389e+03	 366.67	 283.33	 52.00	 5	 0.25	 
BMI_bf_103	 1	 11	 118.tif	 2.158372e+03	 12	 999000	 120	 999000	 999	 2.159388e+03	 366.67	 283.33	 4.00	 48	 0.83	 
BMI_bf_103	 1	 11	 130.tif	 2.162372e+03	 12	 999000	 120	 999000	 999	 2.163388e+03	 366.67	 283.33	 9.00	 60	 0.78	 
BMI_bf_103	 1	 11	 009.tif	 2.164372e+03	 24	 999000	 240	 999000	 999	 2.165388e+03	 366.67	 283.33	 40.00	 9	 0.36	 
BMI_bf_103	 1	 11	 024.tif	 2.171372e+03	 22	 9.046199e+02	 220	 3.261009e+02	 98	 2.172388e+03	 366.67	 300.00	 37.00	 24	 0.41	 
BMI_bf_103	 1	 11	 108.tif	 2.173372e+03	 11	 9.205297e+02	 110	 4.101410e+02	 98	 2.174388e+03	 383.33	 300.00	 13.00	 38	 0.75	 
BMI_bf_103	 1	 11	 004.tif	 2.176372e+03	 24	 999000	 240	 999000	 999	 2.177388e+03	 383.33	 300.00	 34.00	 4	 0.43	 
BMI_bf_103	 1	 11	 006.tif	 2.180371e+03	 24	 999000	 240	 999000	 999	 2.181388e+03	 383.33	 300.00	 59.00	 6	 0.07	 
BMI_bf_103	 1	 11	 003.tif	 2.184371e+03	 24	 999000	 240	 999000	 999	 2.185388e+03	 383.33	 300.00	 54.00	 3	 0.23	 
BMI_bf_103	 1	 11	 104.tif	 2.188371e+03	 12	 999000	 120	 999000	 999	 2.189388e+03	 383.33	 300.00	 22.00	 34	 0.62	 
BMI_bf_103	 1	 11	 029.tif	 2.191371e+03	 24	 999000	 240	 999000	 999	 2.192387e+03	 383.33	 300.00	 51.00	 29	 0.27	 
BMI_bf_103	 1	 11	 107.tif	 2.193371e+03	 24	 999000	 240	 999000	 999	 2.194387e+03	 383.33	 300.00	 46.00	 37	 0.29	 
BMI_bf_103	 1	 11	 103.tif	 2.197371e+03	 12	 999000	 120	 999000	 999	 2.198387e+03	 383.33	 300.00	 19.00	 33	 0.65	 
BMI_bf_103	 1	 11	 022.tif	 2.204371e+03	 22	 9.194008e+02	 220	 3.430748e+02	 98	 2.205387e+03	 383.33	 316.67	 45.00	 22	 0.31	 
