subjectID	 order	 runNum	 itemName	 onsetTime	 shuff_trialType	 RT	 respInTime	 AudioTime	 response	 fixationTime	 ladder1	 ladder2	 bidIndex	 itemNameIndex	 bidValue	 
BMI_bf_129	 1	 2	 014.tif	 1.887110e+02	 12	 999000	 120	 999000	 999	 1.897277e+02	 316.67	 316.67	 19.00	 14	 0.64	 
BMI_bf_129	 1	 2	 104.tif	 1.907112e+02	 12	 999000	 120	 999000	 999	 1.917276e+02	 316.67	 316.67	 14.00	 34	 0.71	 
BMI_bf_129	 1	 2	 003.tif	 1.947112e+02	 24	 999000	 240	 999000	 999	 1.957276e+02	 316.67	 316.67	 35.00	 3	 0.44	 
BMI_bf_129	 1	 2	 112.tif	 1.977112e+02	 24	 999000	 240	 999000	 999	 1.987275e+02	 316.67	 316.67	 51.00	 42	 0.25	 
BMI_bf_129	 1	 2	 103.tif	 1.997111e+02	 24	 999000	 240	 999000	 999	 2.007275e+02	 316.67	 316.67	 32.00	 33	 0.49	 
BMI_bf_129	 1	 2	 105.tif	 2.027111e+02	 22	 1.047915e+03	 2200	 3.585914e+02	 98	 2.037274e+02	 316.67	 266.67	 53.00	 35	 0.18	 
BMI_bf_129	 1	 2	 001.tif	 2.067110e+02	 24	 999000	 240	 999000	 999	 2.077274e+02	 316.67	 266.67	 55.00	 1	 0.16	 
BMI_bf_129	 1	 2	 125.tif	 2.107109e+02	 24	 999000	 240	 999000	 999	 2.117272e+02	 316.67	 266.67	 57.00	 55	 0.12	 
BMI_bf_129	 1	 2	 102.tif	 2.127109e+02	 12	 999000	 120	 999000	 999	 2.137272e+02	 316.67	 266.67	 6.00	 32	 0.83	 
BMI_bf_129	 1	 2	 123.tif	 2.177107e+02	 12	 999000	 120	 999000	 999	 2.187271e+02	 316.67	 266.67	 17.00	 53	 0.65	 
BMI_bf_129	 1	 2	 020.tif	 2.197107e+02	 12	 999000	 120	 999000	 999	 2.207270e+02	 316.67	 266.67	 2.00	 20	 0.95	 
BMI_bf_129	 1	 2	 106.tif	 2.217107e+02	 11	 9.992535e+02	 110	 3.592627e+02	 98	 2.227270e+02	 333.33	 266.67	 10.00	 36	 0.75	 
BMI_bf_129	 1	 2	 130.tif	 2.277105e+02	 12	 999000	 120	 999000	 999	 2.287269e+02	 333.33	 266.67	 11.00	 60	 0.74	 
BMI_bf_129	 1	 2	 023.tif	 2.297105e+02	 12	 999000	 120	 999000	 999	 2.307268e+02	 333.33	 266.67	 30.00	 23	 0.52	 
BMI_bf_129	 1	 2	 029.tif	 2.317104e+02	 11	 1.022880e+03	 1100	 3.759421e+02	 98	 2.327269e+02	 283.33	 266.67	 20.00	 29	 0.61	 
BMI_bf_129	 1	 2	 028.tif	 2.337104e+02	 22	 9.508116e+02	 220	 3.102596e+02	 98	 2.347267e+02	 283.33	 283.33	 50.00	 28	 0.28	 
BMI_bf_129	 1	 2	 024.tif	 2.377103e+02	 22	 9.506407e+02	 220	 3.260180e+02	 98	 2.387267e+02	 283.33	 300.00	 37.00	 24	 0.43	 
BMI_bf_129	 1	 2	 118.tif	 2.417102e+02	 12	 999000	 120	 999000	 999	 2.427266e+02	 283.33	 300.00	 5.00	 48	 0.84	 
BMI_bf_129	 1	 2	 129.tif	 2.447102e+02	 24	 999000	 240	 999000	 999	 2.457265e+02	 283.33	 300.00	 33.00	 59	 0.48	 
BMI_bf_129	 1	 2	 121.tif	 2.487101e+02	 12	 999000	 120	 999000	 999	 2.497264e+02	 283.33	 300.00	 22.00	 51	 0.59	 
BMI_bf_129	 1	 2	 022.tif	 2.517100e+02	 22	 999000	 2	 3.428453e+02	 999	 2.527265e+02	 283.33	 250.00	 52.00	 22	 0.23	 
BMI_bf_129	 1	 2	 115.tif	 2.537100e+02	 12	 -4.417067e+02	 12	 999000	 98	 2.547263e+02	 283.33	 250.00	 28.00	 45	 0.54	 
BMI_bf_129	 1	 2	 017.tif	 2.577099e+02	 24	 999000	 240	 999000	 999	 2.587262e+02	 283.33	 250.00	 58.00	 17	 0.10	 
BMI_bf_129	 1	 2	 002.tif	 2.597099e+02	 11	 8.858825e+02	 110	 3.256721e+02	 98	 2.607262e+02	 300.00	 250.00	 15.00	 2	 0.69	 
BMI_bf_129	 1	 2	 111.tif	 2.617098e+02	 22	 8.298350e+02	 220	 2.916713e+02	 98	 2.627262e+02	 300.00	 266.67	 39.00	 41	 0.41	 
BMI_bf_129	 1	 2	 004.tif	 2.657097e+02	 24	 999000	 240	 999000	 999	 2.667261e+02	 300.00	 266.67	 31.00	 4	 0.50	 
BMI_bf_129	 1	 2	 124.tif	 2.677097e+02	 12	 999000	 120	 999000	 999	 2.687260e+02	 300.00	 266.67	 1.00	 54	 0.99	 
BMI_bf_129	 1	 2	 025.tif	 2.717096e+02	 11	 9.734131e+02	 110	 3.417363e+02	 98	 2.727259e+02	 316.67	 266.67	 24.00	 25	 0.58	 
BMI_bf_129	 1	 2	 018.tif	 2.757095e+02	 12	 999000	 120	 999000	 999	 2.767259e+02	 316.67	 266.67	 23.00	 18	 0.58	 
BMI_bf_129	 1	 2	 011.tif	 2.787094e+02	 24	 999000	 240	 999000	 999	 2.797258e+02	 316.67	 266.67	 43.00	 11	 0.37	 
BMI_bf_129	 1	 2	 013.tif	 2.847093e+02	 11	 9.009811e+02	 110	 3.579524e+02	 98	 2.857257e+02	 333.33	 266.67	 25.00	 13	 0.57	 
BMI_bf_129	 1	 2	 026.tif	 2.867093e+02	 12	 999000	 120	 999000	 999	 2.877256e+02	 333.33	 266.67	 8.00	 26	 0.75	 
BMI_bf_129	 1	 2	 030.tif	 2.907092e+02	 22	 9.727943e+02	 220	 3.087603e+02	 98	 2.917256e+02	 333.33	 283.33	 45.00	 30	 0.33	 
BMI_bf_129	 1	 2	 009.tif	 2.927092e+02	 12	 999000	 120	 999000	 999	 2.937255e+02	 333.33	 283.33	 27.00	 9	 0.55	 
BMI_bf_129	 1	 2	 015.tif	 2.947091e+02	 22	 9.085951e+02	 220	 3.252154e+02	 98	 2.957255e+02	 333.33	 300.00	 42.00	 15	 0.38	 
BMI_bf_129	 1	 2	 006.tif	 2.967091e+02	 24	 999000	 240	 999000	 999	 2.977254e+02	 333.33	 300.00	 46.00	 6	 0.30	 
BMI_bf_129	 1	 2	 128.tif	 3.017090e+02	 11	 1.012336e+03	 1100	 3.760849e+02	 98	 3.027254e+02	 283.33	 300.00	 13.00	 58	 0.71	 
BMI_bf_129	 1	 2	 114.tif	 3.037090e+02	 12	 999000	 120	 999000	 999	 3.047253e+02	 283.33	 300.00	 16.00	 44	 0.67	 
BMI_bf_129	 1	 2	 012.tif	 3.057089e+02	 12	 999000	 120	 999000	 999	 3.067253e+02	 283.33	 300.00	 29.00	 12	 0.52	 
BMI_bf_129	 1	 2	 116.tif	 3.087088e+02	 11	 9.801581e+02	 110	 3.261632e+02	 98	 3.097252e+02	 300.00	 300.00	 21.00	 46	 0.61	 
BMI_bf_129	 1	 2	 110.tif	 3.117088e+02	 24	 999000	 240	 999000	 999	 3.127251e+02	 300.00	 300.00	 40.00	 40	 0.41	 
BMI_bf_129	 1	 2	 019.tif	 3.157087e+02	 22	 1.067913e+03	 2200	 3.423219e+02	 98	 3.167250e+02	 300.00	 250.00	 44.00	 19	 0.34	 
BMI_bf_129	 1	 2	 117.tif	 3.177086e+02	 24	 999000	 240	 999000	 999	 3.187250e+02	 300.00	 250.00	 54.00	 47	 0.17	 
BMI_bf_129	 1	 2	 107.tif	 3.197086e+02	 24	 999000	 240	 999000	 999	 3.207249e+02	 300.00	 250.00	 59.00	 37	 0.09	 
BMI_bf_129	 1	 2	 101.tif	 3.227085e+02	 12	 999000	 120	 999000	 999	 3.237249e+02	 300.00	 250.00	 9.00	 31	 0.75	 
BMI_bf_129	 1	 2	 005.tif	 3.257085e+02	 24	 999000	 240	 999000	 999	 3.267248e+02	 300.00	 250.00	 56.00	 5	 0.13	 
BMI_bf_129	 1	 2	 109.tif	 3.277084e+02	 11	 9.394959e+02	 110	 3.426645e+02	 98	 3.287248e+02	 316.67	 250.00	 12.00	 39	 0.73	 
BMI_bf_129	 1	 2	 016.tif	 3.297084e+02	 24	 999000	 240	 999000	 999	 3.307247e+02	 316.67	 250.00	 41.00	 16	 0.38	 
BMI_bf_129	 1	 2	 108.tif	 3.317083e+02	 12	 999000	 120	 999000	 999	 3.327247e+02	 316.67	 250.00	 3.00	 38	 0.85	 
BMI_bf_129	 1	 2	 008.tif	 3.367083e+02	 22	 9.551499e+02	 220	 2.912466e+02	 98	 3.377246e+02	 316.67	 266.67	 47.00	 8	 0.29	 
BMI_bf_129	 1	 2	 007.tif	 3.387082e+02	 24	 999000	 240	 999000	 999	 3.397246e+02	 316.67	 266.67	 49.00	 7	 0.28	 
BMI_bf_129	 1	 2	 021.tif	 3.407081e+02	 24	 999000	 240	 999000	 999	 3.417245e+02	 316.67	 266.67	 38.00	 21	 0.42	 
BMI_bf_129	 1	 2	 127.tif	 3.427081e+02	 12	 999000	 120	 999000	 999	 3.437245e+02	 316.67	 266.67	 4.00	 57	 0.85	 
BMI_bf_129	 1	 2	 120.tif	 3.497246e+02	 24	 999000	 240	 999000	 999	 3.507410e+02	 316.67	 266.67	 60.00	 50	 0.06	 
BMI_bf_129	 1	 2	 122.tif	 3.517246e+02	 24	 999000	 240	 999000	 999	 3.527409e+02	 316.67	 266.67	 34.00	 52	 0.46	 
BMI_bf_129	 1	 2	 126.tif	 3.587244e+02	 11	 1.009636e+03	 1100	 3.592838e+02	 98	 3.597408e+02	 266.67	 266.67	 18.00	 56	 0.65	 
BMI_bf_129	 1	 2	 027.tif	 3.617244e+02	 24	 999000	 240	 999000	 999	 3.627407e+02	 266.67	 266.67	 48.00	 27	 0.28	 
BMI_bf_129	 1	 2	 113.tif	 3.647243e+02	 11	 1.009416e+03	 1100	 3.100963e+02	 98	 3.657407e+02	 216.67	 266.67	 7.00	 43	 0.81	 
BMI_bf_129	 1	 2	 119.tif	 3.707242e+02	 12	 999000	 120	 999000	 999	 3.717405e+02	 216.67	 266.67	 26.00	 49	 0.55	 
BMI_bf_129	 1	 2	 010.tif	 3.727241e+02	 22	 1.129207e+03	 2200	 3.086854e+02	 98	 3.737405e+02	 216.67	 216.67	 36.00	 10	 0.43	 
