subjectID	 order	 runNum	 itemName	 onsetTime	 shuff_trialType	 RT	 respInTime	 AudioTime	 response	 fixationTime	 ladder1	 ladder2	 bidIndex	 itemNameIndex	 bidValue	 
BMI_bf_127	 1	 11	 020.tif	 1.952274e+03	 11	 1.090076e+03	 1100	 2.597717e+02	 98	 1.953290e+03	 166.67	 283.33	 15.00	 20	 0.69	 
BMI_bf_127	 1	 11	 017.tif	 1.954274e+03	 24	 999000	 240	 999000	 999	 1.955290e+03	 166.67	 283.33	 57.00	 17	 0.14	 
BMI_bf_127	 1	 11	 006.tif	 1.958274e+03	 24	 999000	 240	 999000	 999	 1.959290e+03	 166.67	 283.33	 54.00	 6	 0.19	 
BMI_bf_127	 1	 11	 027.tif	 1.961274e+03	 24	 999000	 240	 999000	 999	 1.962290e+03	 166.67	 283.33	 51.00	 27	 0.22	 
BMI_bf_127	 1	 11	 130.tif	 1.963274e+03	 24	 999000	 240	 999000	 999	 1.964290e+03	 166.67	 283.33	 40.00	 60	 0.39	 
BMI_bf_127	 1	 11	 129.tif	 1.966274e+03	 12	 999000	 120	 999000	 999	 1.967290e+03	 166.67	 283.33	 17.00	 59	 0.67	 
BMI_bf_127	 1	 11	 106.tif	 1.970274e+03	 24	 999000	 240	 999000	 999	 1.971290e+03	 166.67	 283.33	 38.00	 36	 0.40	 
BMI_bf_127	 1	 11	 010.tif	 1.974274e+03	 12	 999000	 120	 999000	 999	 1.975290e+03	 166.67	 283.33	 11.00	 10	 0.75	 
BMI_bf_127	 1	 11	 114.tif	 1.976274e+03	 11	 1.040904e+03	 1100	 2.098389e+02	 98	 1.977290e+03	 116.67	 283.33	 25.00	 44	 0.60	 
BMI_bf_127	 1	 11	 104.tif	 1.981273e+03	 11	 8.247650e+02	 110	 1.587276e+02	 98	 1.982290e+03	 133.33	 283.33	 12.00	 34	 0.74	 
BMI_bf_127	 1	 11	 101.tif	 1.983273e+03	 24	 999000	 240	 999000	 999	 1.984290e+03	 133.33	 283.33	 31.00	 31	 0.50	 
BMI_bf_127	 1	 11	 026.tif	 1.985273e+03	 22	 9.686190e+02	 220	 3.238839e+02	 98	 1.986290e+03	 133.33	 300.00	 36.00	 26	 0.41	 
BMI_bf_127	 1	 11	 116.tif	 1.991273e+03	 12	 999000	 120	 999000	 999	 1.992290e+03	 133.33	 300.00	 23.00	 46	 0.63	 
BMI_bf_127	 1	 11	 024.tif	 1.993273e+03	 12	 999000	 120	 999000	 999	 1.994289e+03	 133.33	 300.00	 26.00	 24	 0.60	 
BMI_bf_127	 1	 11	 018.tif	 1.995273e+03	 24	 999000	 240	 999000	 999	 1.996289e+03	 133.33	 300.00	 60.00	 18	 0.03	 
BMI_bf_127	 1	 11	 108.tif	 1.997273e+03	 12	 999000	 120	 999000	 999	 1.998289e+03	 133.33	 300.00	 16.00	 38	 0.68	 
BMI_bf_127	 1	 11	 028.tif	 2.001273e+03	 24	 999000	 240	 999000	 999	 2.002289e+03	 133.33	 300.00	 58.00	 28	 0.14	 
BMI_bf_127	 1	 11	 110.tif	 2.005273e+03	 12	 999000	 120	 999000	 999	 2.006289e+03	 133.33	 300.00	 14.00	 40	 0.70	 
BMI_bf_127	 1	 11	 023.tif	 2.008273e+03	 24	 999000	 240	 999000	 999	 2.009289e+03	 133.33	 300.00	 46.00	 23	 0.31	 
BMI_bf_127	 1	 11	 014.tif	 2.012273e+03	 12	 999000	 120	 999000	 999	 2.013289e+03	 133.33	 300.00	 29.00	 14	 0.56	 
BMI_bf_127	 1	 11	 011.tif	 2.015273e+03	 11	 8.557174e+02	 110	 1.752126e+02	 98	 2.016289e+03	 150.00	 300.00	 18.00	 11	 0.66	 
BMI_bf_127	 1	 11	 121.tif	 2.017273e+03	 12	 999000	 120	 999000	 999	 2.018289e+03	 150.00	 300.00	 6.00	 51	 0.79	 
BMI_bf_127	 1	 11	 124.tif	 2.021273e+03	 11	 8.553147e+02	 110	 1.917305e+02	 98	 2.022289e+03	 166.67	 300.00	 13.00	 54	 0.74	 
BMI_bf_127	 1	 11	 119.tif	 2.023273e+03	 12	 999000	 120	 999000	 999	 2.024289e+03	 166.67	 300.00	 28.00	 49	 0.56	 
BMI_bf_127	 1	 11	 117.tif	 2.025272e+03	 24	 999000	 240	 999000	 999	 2.026289e+03	 166.67	 300.00	 56.00	 47	 0.15	 
BMI_bf_127	 1	 11	 004.tif	 2.029272e+03	 24	 999000	 240	 999000	 999	 2.030289e+03	 166.67	 300.00	 48.00	 4	 0.27	 
BMI_bf_127	 1	 11	 012.tif	 2.031272e+03	 22	 1.014939e+03	 2200	 3.416642e+02	 98	 2.032289e+03	 166.67	 250.00	 37.00	 12	 0.40	 
BMI_bf_127	 1	 11	 022.tif	 2.035272e+03	 24	 999000	 240	 999000	 999	 2.036289e+03	 166.67	 250.00	 33.00	 22	 0.47	 
BMI_bf_127	 1	 11	 126.tif	 2.039272e+03	 12	 999000	 120	 999000	 999	 2.040289e+03	 166.67	 250.00	 3.00	 56	 0.84	 
BMI_bf_127	 1	 11	 008.tif	 2.042272e+03	 22	 9.505523e+02	 220	 2.924447e+02	 98	 2.043288e+03	 166.67	 266.67	 52.00	 8	 0.22	 
BMI_bf_127	 1	 11	 013.tif	 2.048272e+03	 12	 999000	 120	 999000	 999	 2.049288e+03	 166.67	 266.67	 1.00	 13	 0.90	 
BMI_bf_127	 1	 11	 009.tif	 2.050272e+03	 12	 999000	 120	 999000	 999	 2.051288e+03	 166.67	 266.67	 5.00	 9	 0.80	 
BMI_bf_127	 1	 11	 016.tif	 2.054272e+03	 22	 1.110144e+03	 2200	 3.083954e+02	 98	 2.055288e+03	 166.67	 216.67	 44.00	 16	 0.33	 
BMI_bf_127	 1	 11	 002.tif	 2.056272e+03	 11	 1.046118e+03	 1100	 2.087558e+02	 98	 2.057288e+03	 116.67	 216.67	 21.00	 2	 0.64	 
BMI_bf_127	 1	 11	 112.tif	 2.058272e+03	 24	 999000	 240	 999000	 999	 2.059288e+03	 116.67	 216.67	 55.00	 42	 0.16	 
BMI_bf_127	 1	 11	 113.tif	 2.060272e+03	 12	 999000	 120	 999000	 999	 2.061288e+03	 116.67	 216.67	 8.00	 43	 0.76	 
BMI_bf_127	 1	 11	 025.tif	 2.065272e+03	 22	 9.337986e+02	 220	 2.588344e+02	 98	 2.066288e+03	 116.67	 233.33	 47.00	 25	 0.31	 
BMI_bf_127	 1	 11	 029.tif	 2.067272e+03	 24	 999000	 240	 999000	 999	 2.068288e+03	 116.67	 233.33	 41.00	 29	 0.38	 
BMI_bf_127	 1	 11	 015.tif	 2.069272e+03	 12	 999000	 120	 999000	 999	 2.070288e+03	 116.67	 233.33	 9.00	 15	 0.76	 
BMI_bf_127	 1	 11	 105.tif	 2.072271e+03	 24	 999000	 240	 999000	 999	 2.073288e+03	 116.67	 233.33	 35.00	 35	 0.42	 
BMI_bf_127	 1	 11	 120.tif	 2.075271e+03	 24	 999000	 240	 999000	 999	 2.076288e+03	 116.67	 233.33	 49.00	 50	 0.27	 
BMI_bf_127	 1	 11	 115.tif	 2.079271e+03	 12	 999000	 120	 999000	 999	 2.080288e+03	 116.67	 233.33	 19.00	 45	 0.66	 
BMI_bf_127	 1	 11	 021.tif	 2.081271e+03	 22	 1.101222e+03	 2200	 2.826600e+02	 98	 2.082288e+03	 116.67	 183.33	 42.00	 21	 0.37	 
BMI_bf_127	 1	 11	 102.tif	 2.083271e+03	 11	 8.211551e+02	 110	 1.577388e+02	 98	 2.084288e+03	 133.33	 183.33	 10.00	 32	 0.76	 
BMI_bf_127	 1	 11	 103.tif	 2.086271e+03	 22	 8.850455e+02	 220	 2.249453e+02	 98	 2.087288e+03	 133.33	 200.00	 39.00	 33	 0.39	 
BMI_bf_127	 1	 11	 005.tif	 2.089271e+03	 11	 7.569527e+02	 110	 1.744646e+02	 98	 2.090287e+03	 150.00	 200.00	 20.00	 5	 0.65	 
BMI_bf_127	 1	 11	 123.tif	 2.091271e+03	 24	 999000	 240	 999000	 999	 2.092287e+03	 150.00	 200.00	 32.00	 53	 0.48	 
BMI_bf_127	 1	 11	 107.tif	 2.093271e+03	 22	 8.607373e+02	 220	 2.467559e+02	 98	 2.094287e+03	 150.00	 216.67	 50.00	 37	 0.26	 
BMI_bf_127	 1	 11	 128.tif	 2.095271e+03	 11	 7.727494e+02	 110	 1.916541e+02	 98	 2.096287e+03	 166.67	 216.67	 24.00	 58	 0.62	 
BMI_bf_127	 1	 11	 127.tif	 2.100271e+03	 12	 999000	 120	 999000	 999	 2.101287e+03	 166.67	 216.67	 2.00	 57	 0.86	 
BMI_bf_127	 1	 11	 001.tif	 2.102271e+03	 22	 8.444243e+02	 220	 2.591357e+02	 98	 2.103287e+03	 166.67	 233.33	 45.00	 1	 0.33	 
BMI_bf_127	 1	 11	 118.tif	 2.104271e+03	 22	 8.524024e+02	 220	 2.747972e+02	 98	 2.105287e+03	 166.67	 250.00	 53.00	 48	 0.20	 
BMI_bf_127	 1	 11	 122.tif	 2.106271e+03	 12	 999000	 120	 999000	 999	 2.107287e+03	 166.67	 250.00	 30.00	 52	 0.56	 
BMI_bf_127	 1	 11	 125.tif	 2.113271e+03	 24	 999000	 240	 999000	 999	 2.114287e+03	 166.67	 250.00	 34.00	 55	 0.46	 
BMI_bf_127	 1	 11	 003.tif	 2.115271e+03	 24	 999000	 240	 999000	 999	 2.116287e+03	 166.67	 250.00	 43.00	 3	 0.34	 
BMI_bf_127	 1	 11	 111.tif	 2.122270e+03	 12	 999000	 120	 999000	 999	 2.123287e+03	 166.67	 250.00	 22.00	 41	 0.64	 
BMI_bf_127	 1	 11	 019.tif	 2.125270e+03	 24	 999000	 240	 999000	 999	 2.126287e+03	 166.67	 250.00	 59.00	 19	 0.12	 
BMI_bf_127	 1	 11	 109.tif	 2.128270e+03	 12	 999000	 120	 999000	 999	 2.129287e+03	 166.67	 250.00	 4.00	 39	 0.81	 
BMI_bf_127	 1	 11	 007.tif	 2.134287e+03	 11	 8.906980e+02	 110	 2.079161e+02	 98	 2.135303e+03	 183.33	 250.00	 7.00	 7	 0.76	 
BMI_bf_127	 1	 11	 030.tif	 2.136287e+03	 12	 999000	 120	 999000	 999	 2.137303e+03	 183.33	 250.00	 27.00	 30	 0.57	 
