subjectID	 order	 runNum	 itemName	 onsetTime	 shuff_trialType	 RT	 respInTime	 AudioTime	 response	 fixationTime	 ladder1	 ladder2	 bidIndex	 itemNameIndex	 bidValue	 
BMI_bf_126	 2	 10	 027.tif	 1.750359e+03	 22	 5.924418e+02	 220	 6.257097e+02	 98	 1.751375e+03	 650.00	 600.00	 48.00	 27	 0.27	 
BMI_bf_126	 2	 10	 104.tif	 1.752359e+03	 12	 999000	 120	 999000	 999	 1.753375e+03	 650.00	 600.00	 2.00	 34	 0.87	 
BMI_bf_126	 2	 10	 110.tif	 1.756359e+03	 11	 5.839469e+02	 11	 6.934466e+02	 98	 1.757375e+03	 666.67	 600.00	 23.00	 40	 0.65	 
BMI_bf_126	 2	 10	 006.tif	 1.759359e+03	 24	 999000	 240	 999000	 999	 1.760375e+03	 666.67	 600.00	 50.00	 6	 0.25	 
BMI_bf_126	 2	 10	 129.tif	 1.761359e+03	 22	 7.597868e+02	 220	 6.430806e+02	 98	 1.762375e+03	 666.67	 616.67	 43.00	 59	 0.34	 
BMI_bf_126	 2	 10	 122.tif	 1.764359e+03	 24	 999000	 240	 999000	 999	 1.765375e+03	 666.67	 616.67	 42.00	 52	 0.36	 
BMI_bf_126	 2	 10	 109.tif	 1.768358e+03	 11	 5.195114e+02	 11	 7.083317e+02	 98	 1.769375e+03	 683.33	 616.67	 8.00	 39	 0.72	 
BMI_bf_126	 2	 10	 014.tif	 1.772358e+03	 12	 999000	 120	 999000	 999	 1.773375e+03	 683.33	 616.67	 25.00	 14	 0.63	 
BMI_bf_126	 2	 10	 024.tif	 1.774358e+03	 11	 6.633237e+02	 11	 7.255001e+02	 98	 1.775375e+03	 700.00	 616.67	 11.00	 24	 0.71	 
BMI_bf_126	 2	 10	 002.tif	 1.779358e+03	 12	 999000	 120	 999000	 999	 1.780375e+03	 700.00	 616.67	 15.00	 2	 0.68	 
BMI_bf_126	 2	 10	 004.tif	 1.781358e+03	 12	 999000	 120	 999000	 999	 1.782375e+03	 700.00	 616.67	 4.00	 4	 0.76	 
BMI_bf_126	 2	 10	 007.tif	 1.783358e+03	 12	 999000	 120	 999000	 999	 1.784374e+03	 700.00	 616.67	 10.00	 7	 0.71	 
BMI_bf_126	 2	 10	 105.tif	 1.789358e+03	 24	 999000	 240	 999000	 999	 1.790374e+03	 700.00	 616.67	 55.00	 35	 0.21	 
BMI_bf_126	 2	 10	 013.tif	 1.791358e+03	 11	 6.946576e+02	 11	 7.420588e+02	 98	 1.792374e+03	 716.67	 616.67	 14.00	 13	 0.69	 
BMI_bf_126	 2	 10	 021.tif	 1.793358e+03	 22	 7.666377e+02	 220	 6.597814e+02	 98	 1.794374e+03	 716.67	 633.33	 38.00	 21	 0.40	 
BMI_bf_126	 2	 10	 022.tif	 1.795358e+03	 12	 999000	 120	 999000	 999	 1.796374e+03	 716.67	 633.33	 20.00	 22	 0.66	 
BMI_bf_126	 2	 10	 030.tif	 1.799358e+03	 11	 5.584494e+02	 11	 7.585096e+02	 98	 1.800374e+03	 733.33	 633.33	 26.00	 30	 0.62	 
BMI_bf_126	 2	 10	 128.tif	 1.803358e+03	 22	 6.143034e+02	 22	 6.762317e+02	 98	 1.804374e+03	 733.33	 650.00	 51.00	 58	 0.24	 
BMI_bf_126	 2	 10	 114.tif	 1.806358e+03	 24	 999000	 240	 999000	 999	 1.807374e+03	 733.33	 650.00	 32.00	 44	 0.50	 
BMI_bf_126	 2	 10	 112.tif	 1.810358e+03	 24	 999000	 240	 999000	 999	 1.811374e+03	 733.33	 650.00	 57.00	 42	 0.20	 
BMI_bf_126	 2	 10	 126.tif	 1.813358e+03	 12	 999000	 120	 999000	 999	 1.814374e+03	 733.33	 650.00	 27.00	 56	 0.59	 
BMI_bf_126	 2	 10	 020.tif	 1.815357e+03	 12	 999000	 120	 999000	 999	 1.816374e+03	 733.33	 650.00	 12.00	 20	 0.70	 
BMI_bf_126	 2	 10	 116.tif	 1.819357e+03	 24	 999000	 240	 999000	 999	 1.820374e+03	 733.33	 650.00	 53.00	 46	 0.23	 
BMI_bf_126	 2	 10	 023.tif	 1.821357e+03	 24	 999000	 240	 999000	 999	 1.822374e+03	 733.33	 650.00	 60.00	 23	 0.13	 
BMI_bf_126	 2	 10	 012.tif	 1.823357e+03	 24	 999000	 240	 999000	 999	 1.824374e+03	 733.33	 650.00	 59.00	 12	 0.14	 
BMI_bf_126	 2	 10	 111.tif	 1.827357e+03	 11	 5.734465e+02	 11	 7.760055e+02	 98	 1.828374e+03	 750.00	 650.00	 22.00	 41	 0.65	 
BMI_bf_126	 2	 10	 010.tif	 1.829357e+03	 12	 7.013848e+02	 12	 999000	 98	 1.830373e+03	 750.00	 650.00	 13.00	 10	 0.69	 
BMI_bf_126	 2	 10	 121.tif	 1.833357e+03	 12	 999000	 120	 999000	 999	 1.834373e+03	 750.00	 650.00	 30.00	 51	 0.53	 
BMI_bf_126	 2	 10	 026.tif	 1.837357e+03	 24	 999000	 240	 999000	 999	 1.838373e+03	 750.00	 650.00	 56.00	 26	 0.21	 
BMI_bf_126	 2	 10	 017.tif	 1.840357e+03	 24	 999000	 240	 999000	 999	 1.841373e+03	 750.00	 650.00	 33.00	 17	 0.48	 
BMI_bf_126	 2	 10	 127.tif	 1.846357e+03	 11	 5.647811e+02	 11	 7.914811e+02	 98	 1.847373e+03	 766.67	 650.00	 9.00	 57	 0.71	 
BMI_bf_126	 2	 10	 025.tif	 1.848357e+03	 22	 7.807064e+02	 220	 6.919216e+02	 98	 1.849373e+03	 766.67	 666.67	 54.00	 25	 0.23	 
BMI_bf_126	 2	 10	 124.tif	 1.852357e+03	 12	 999000	 120	 999000	 999	 1.853373e+03	 766.67	 666.67	 3.00	 54	 0.85	 
BMI_bf_126	 2	 10	 029.tif	 1.854357e+03	 22	 9.724471e+02	 220	 7.088434e+02	 98	 1.855373e+03	 766.67	 683.33	 49.00	 29	 0.25	 
BMI_bf_126	 2	 10	 005.tif	 1.856357e+03	 12	 999000	 120	 999000	 999	 1.857373e+03	 766.67	 683.33	 5.00	 5	 0.72	 
BMI_bf_126	 2	 10	 113.tif	 1.858357e+03	 11	 7.243709e+02	 11	 8.078897e+02	 98	 1.859373e+03	 783.33	 683.33	 16.00	 43	 0.67	 
BMI_bf_126	 2	 10	 011.tif	 1.863356e+03	 11	 6.761756e+02	 11	 8.261110e+02	 98	 1.864373e+03	 800.00	 683.33	 17.00	 11	 0.67	 
BMI_bf_126	 2	 10	 016.tif	 1.865356e+03	 11	 7.801002e+02	 11	 8.416231e+02	 98	 1.866373e+03	 816.67	 683.33	 19.00	 16	 0.66	 
BMI_bf_126	 2	 10	 102.tif	 1.867356e+03	 12	 999000	 120	 999000	 999	 1.868373e+03	 816.67	 683.33	 1.00	 32	 0.87	 
BMI_bf_126	 2	 10	 130.tif	 1.870356e+03	 24	 999000	 240	 999000	 999	 1.871373e+03	 816.67	 683.33	 31.00	 60	 0.51	 
BMI_bf_126	 2	 10	 009.tif	 1.873356e+03	 22	 6.038178e+02	 22	 7.257045e+02	 98	 1.874373e+03	 816.67	 700.00	 46.00	 9	 0.32	 
BMI_bf_126	 2	 10	 028.tif	 1.877356e+03	 12	 999000	 120	 999000	 999	 1.878372e+03	 816.67	 700.00	 21.00	 28	 0.65	 
BMI_bf_126	 2	 10	 123.tif	 1.879356e+03	 22	 5.476155e+02	 22	 7.419797e+02	 98	 1.880372e+03	 816.67	 716.67	 35.00	 53	 0.44	 
BMI_bf_126	 2	 10	 119.tif	 1.881356e+03	 12	 999000	 120	 999000	 999	 1.882372e+03	 816.67	 716.67	 28.00	 49	 0.56	 
BMI_bf_126	 2	 10	 106.tif	 1.884356e+03	 12	 999000	 120	 999000	 999	 1.885372e+03	 816.67	 716.67	 29.00	 36	 0.54	 
BMI_bf_126	 2	 10	 101.tif	 1.887356e+03	 12	 999000	 120	 999000	 999	 1.888372e+03	 816.67	 716.67	 18.00	 31	 0.67	 
BMI_bf_126	 2	 10	 001.tif	 1.889356e+03	 12	 999000	 120	 999000	 999	 1.890372e+03	 816.67	 716.67	 6.00	 1	 0.72	 
BMI_bf_126	 2	 10	 115.tif	 1.891356e+03	 12	 999000	 120	 999000	 999	 1.892372e+03	 816.67	 716.67	 24.00	 45	 0.64	 
BMI_bf_126	 2	 10	 117.tif	 1.893356e+03	 24	 999000	 240	 999000	 999	 1.894372e+03	 816.67	 716.67	 44.00	 47	 0.34	 
BMI_bf_126	 2	 10	 108.tif	 1.898356e+03	 12	 999000	 120	 999000	 999	 1.899372e+03	 816.67	 716.67	 7.00	 38	 0.72	 
BMI_bf_126	 2	 10	 125.tif	 1.900356e+03	 24	 999000	 240	 999000	 999	 1.901372e+03	 816.67	 716.67	 34.00	 55	 0.45	 
BMI_bf_126	 2	 10	 003.tif	 1.902356e+03	 24	 999000	 240	 999000	 999	 1.903372e+03	 816.67	 716.67	 47.00	 3	 0.27	 
BMI_bf_126	 2	 10	 008.tif	 1.904356e+03	 22	 7.466651e+02	 220	 7.592401e+02	 98	 1.905372e+03	 816.67	 733.33	 41.00	 8	 0.37	 
BMI_bf_126	 2	 10	 107.tif	 1.911355e+03	 24	 999000	 240	 999000	 999	 1.912372e+03	 816.67	 733.33	 52.00	 37	 0.24	 
BMI_bf_126	 2	 10	 118.tif	 1.913355e+03	 24	 999000	 240	 999000	 999	 1.914372e+03	 816.67	 733.33	 39.00	 48	 0.40	 
BMI_bf_126	 2	 10	 015.tif	 1.920355e+03	 24	 999000	 240	 999000	 999	 1.921372e+03	 816.67	 733.33	 37.00	 15	 0.40	 
BMI_bf_126	 2	 10	 018.tif	 1.923355e+03	 22	 7.060711e+02	 22	 7.762670e+02	 98	 1.924372e+03	 816.67	 750.00	 40.00	 18	 0.38	 
BMI_bf_126	 2	 10	 103.tif	 1.926355e+03	 24	 999000	 240	 999000	 999	 1.927371e+03	 816.67	 750.00	 36.00	 33	 0.41	 
BMI_bf_126	 2	 10	 120.tif	 1.932355e+03	 24	 999000	 240	 999000	 999	 1.933371e+03	 816.67	 750.00	 45.00	 50	 0.34	 
BMI_bf_126	 2	 10	 019.tif	 1.934355e+03	 24	 999000	 240	 999000	 999	 1.935371e+03	 816.67	 750.00	 58.00	 19	 0.19	 
