subjectID	 order	 runNum	 itemName	 onsetTime	 shuff_trialType	 RT	 respInTime	 AudioTime	 response	 fixationTime	 ladder1	 ladder2	 bidIndex	 itemNameIndex	 bidValue	 
BMI_bf_114	 2	 9	 126.tif	 1.572456e+03	 12	 4.244311e+02	 12	 999000	 98	 1.573472e+03	 416.67	 350.00	 25.00	 56	 0.58	 
BMI_bf_114	 2	 9	 109.tif	 1.575456e+03	 12	 999000	 120	 999000	 999	 1.576472e+03	 416.67	 350.00	 12.00	 39	 0.70	 
BMI_bf_114	 2	 9	 014.tif	 1.579456e+03	 24	 999000	 240	 999000	 999	 1.580472e+03	 416.67	 350.00	 36.00	 14	 0.48	 
BMI_bf_114	 2	 9	 016.tif	 1.581456e+03	 22	 9.276991e+02	 220	 3.929045e+02	 98	 1.582472e+03	 416.67	 366.67	 51.00	 16	 0.29	 
BMI_bf_114	 2	 9	 020.tif	 1.583456e+03	 22	 9.596915e+02	 220	 4.078466e+02	 98	 1.584472e+03	 416.67	 383.33	 49.00	 20	 0.29	 
BMI_bf_114	 2	 9	 115.tif	 1.587456e+03	 12	 999000	 120	 999000	 999	 1.588472e+03	 416.67	 383.33	 1.00	 45	 0.81	 
BMI_bf_114	 2	 9	 129.tif	 1.589456e+03	 11	 9.834402e+02	 110	 4.587900e+02	 98	 1.590472e+03	 433.33	 383.33	 26.00	 59	 0.57	 
BMI_bf_114	 2	 9	 128.tif	 1.594455e+03	 22	 9.512903e+02	 220	 4.248579e+02	 98	 1.595472e+03	 433.33	 400.00	 40.00	 58	 0.43	 
BMI_bf_114	 2	 9	 012.tif	 1.596455e+03	 24	 999000	 240	 999000	 999	 1.597472e+03	 433.33	 400.00	 52.00	 12	 0.27	 
BMI_bf_114	 2	 9	 003.tif	 1.599455e+03	 24	 999000	 240	 999000	 999	 1.600472e+03	 433.33	 400.00	 60.00	 3	 0.08	 
BMI_bf_114	 2	 9	 116.tif	 1.602455e+03	 11	 1.063005e+03	 1100	 4.749311e+02	 98	 1.603472e+03	 383.33	 400.00	 23.00	 46	 0.60	 
BMI_bf_114	 2	 9	 029.tif	 1.606455e+03	 12	 999000	 120	 999000	 999	 1.607471e+03	 383.33	 400.00	 29.00	 29	 0.54	 
BMI_bf_114	 2	 9	 102.tif	 1.609455e+03	 12	 999000	 120	 999000	 999	 1.610471e+03	 383.33	 400.00	 2.00	 32	 0.78	 
BMI_bf_114	 2	 9	 027.tif	 1.611455e+03	 24	 999000	 240	 999000	 999	 1.612471e+03	 383.33	 400.00	 34.00	 27	 0.50	 
BMI_bf_114	 2	 9	 114.tif	 1.614455e+03	 22	 1.022560e+03	 2200	 4.421059e+02	 98	 1.615471e+03	 383.33	 350.00	 46.00	 44	 0.32	 
BMI_bf_114	 2	 9	 024.tif	 1.618455e+03	 12	 999000	 120	 999000	 999	 1.619471e+03	 383.33	 350.00	 21.00	 24	 0.63	 
BMI_bf_114	 2	 9	 122.tif	 1.621455e+03	 11	 8.622953e+02	 110	 4.287449e+02	 98	 1.622471e+03	 400.00	 350.00	 11.00	 52	 0.70	 
BMI_bf_114	 2	 9	 119.tif	 1.623454e+03	 12	 999000	 120	 999000	 999	 1.624471e+03	 400.00	 350.00	 28.00	 49	 0.54	 
BMI_bf_114	 2	 9	 130.tif	 1.625455e+03	 12	 999000	 120	 999000	 999	 1.626471e+03	 400.00	 350.00	 15.00	 60	 0.69	 
BMI_bf_114	 2	 9	 030.tif	 1.630454e+03	 22	 9.339886e+02	 220	 3.918208e+02	 98	 1.631471e+03	 400.00	 366.67	 35.00	 30	 0.48	 
BMI_bf_114	 2	 9	 022.tif	 1.634454e+03	 24	 999000	 240	 999000	 999	 1.635471e+03	 400.00	 366.67	 45.00	 22	 0.35	 
BMI_bf_114	 2	 9	 017.tif	 1.638454e+03	 24	 999000	 240	 999000	 999	 1.639471e+03	 400.00	 366.67	 50.00	 17	 0.29	 
BMI_bf_114	 2	 9	 113.tif	 1.644454e+03	 12	 999000	 120	 999000	 999	 1.645470e+03	 400.00	 366.67	 7.00	 43	 0.72	 
BMI_bf_114	 2	 9	 124.tif	 1.646454e+03	 12	 999000	 120	 999000	 999	 1.647470e+03	 400.00	 366.67	 6.00	 54	 0.73	 
BMI_bf_114	 2	 9	 018.tif	 1.648454e+03	 24	 999000	 240	 999000	 999	 1.649470e+03	 400.00	 366.67	 47.00	 18	 0.32	 
BMI_bf_114	 2	 9	 006.tif	 1.650454e+03	 24	 999000	 240	 999000	 999	 1.651470e+03	 400.00	 366.67	 55.00	 6	 0.20	 
BMI_bf_114	 2	 9	 004.tif	 1.652454e+03	 11	 9.892510e+02	 110	 4.422653e+02	 98	 1.653470e+03	 416.67	 366.67	 17.00	 4	 0.65	 
BMI_bf_114	 2	 9	 106.tif	 1.656454e+03	 12	 999000	 120	 999000	 999	 1.657470e+03	 416.67	 366.67	 10.00	 36	 0.71	 
BMI_bf_114	 2	 9	 110.tif	 1.658454e+03	 12	 999000	 120	 999000	 999	 1.659470e+03	 416.67	 366.67	 18.00	 40	 0.64	 
BMI_bf_114	 2	 9	 111.tif	 1.662454e+03	 11	 1.012824e+03	 1100	 4.604988e+02	 98	 1.663470e+03	 366.67	 366.67	 14.00	 41	 0.69	 
BMI_bf_114	 2	 9	 105.tif	 1.664453e+03	 24	 999000	 240	 999000	 999	 1.665470e+03	 366.67	 366.67	 39.00	 35	 0.44	 
BMI_bf_114	 2	 9	 101.tif	 1.666453e+03	 12	 999000	 120	 999000	 999	 1.667470e+03	 366.67	 366.67	 24.00	 31	 0.58	 
BMI_bf_114	 2	 9	 123.tif	 1.668453e+03	 12	 999000	 120	 999000	 999	 1.669470e+03	 366.67	 366.67	 13.00	 53	 0.70	 
BMI_bf_114	 2	 9	 008.tif	 1.673453e+03	 24	 999000	 240	 999000	 999	 1.674470e+03	 366.67	 366.67	 31.00	 8	 0.51	 
BMI_bf_114	 2	 9	 120.tif	 1.675453e+03	 24	 999000	 240	 999000	 999	 1.676470e+03	 366.67	 366.67	 32.00	 50	 0.51	 
BMI_bf_114	 2	 9	 127.tif	 1.677453e+03	 11	 9.643718e+02	 110	 4.086266e+02	 98	 1.678469e+03	 383.33	 366.67	 9.00	 57	 0.71	 
BMI_bf_114	 2	 9	 025.tif	 1.680453e+03	 11	 1.004197e+03	 1100	 4.259582e+02	 98	 1.681469e+03	 333.33	 366.67	 22.00	 25	 0.62	 
BMI_bf_114	 2	 9	 117.tif	 1.687453e+03	 24	 999000	 240	 999000	 999	 1.688469e+03	 333.33	 366.67	 42.00	 47	 0.39	 
BMI_bf_114	 2	 9	 007.tif	 1.691453e+03	 24	 999000	 240	 999000	 999	 1.692469e+03	 333.33	 366.67	 33.00	 7	 0.51	 
BMI_bf_114	 2	 9	 104.tif	 1.698453e+03	 22	 9.796486e+02	 220	 4.088068e+02	 98	 1.699469e+03	 333.33	 383.33	 38.00	 34	 0.46	 
BMI_bf_114	 2	 9	 121.tif	 1.700453e+03	 12	 999000	 120	 999000	 999	 1.701469e+03	 333.33	 383.33	 5.00	 51	 0.73	 
BMI_bf_114	 2	 9	 019.tif	 1.704452e+03	 24	 999000	 240	 999000	 999	 1.705469e+03	 333.33	 383.33	 59.00	 19	 0.10	 
BMI_bf_114	 2	 9	 015.tif	 1.708452e+03	 12	 4.193201e+02	 12	 999000	 98	 1.709469e+03	 333.33	 383.33	 27.00	 15	 0.55	 
BMI_bf_114	 2	 9	 103.tif	 1.710452e+03	 12	 999000	 120	 999000	 999	 1.711469e+03	 333.33	 383.33	 4.00	 33	 0.75	 
BMI_bf_114	 2	 9	 112.tif	 1.714469e+03	 24	 999000	 240	 999000	 999	 1.715485e+03	 333.33	 383.33	 56.00	 42	 0.19	 
BMI_bf_114	 2	 9	 011.tif	 1.716452e+03	 12	 999000	 120	 999000	 999	 1.717468e+03	 333.33	 383.33	 20.00	 11	 0.64	 
BMI_bf_114	 2	 9	 028.tif	 1.718452e+03	 22	 1.066929e+03	 2200	 4.253086e+02	 98	 1.719468e+03	 333.33	 333.33	 48.00	 28	 0.31	 
BMI_bf_114	 2	 9	 125.tif	 1.724469e+03	 22	 9.459906e+02	 220	 3.776798e+02	 98	 1.725485e+03	 333.33	 350.00	 41.00	 55	 0.41	 
BMI_bf_114	 2	 9	 021.tif	 1.726469e+03	 24	 999000	 240	 999000	 999	 1.727485e+03	 333.33	 350.00	 44.00	 21	 0.36	 
BMI_bf_114	 2	 9	 001.tif	 1.729468e+03	 24	 999000	 240	 999000	 999	 1.730485e+03	 333.33	 350.00	 37.00	 1	 0.47	 
BMI_bf_114	 2	 9	 118.tif	 1.732468e+03	 11	 1.033772e+03	 1100	 3.756991e+02	 98	 1.733485e+03	 283.33	 350.00	 8.00	 48	 0.72	 
BMI_bf_114	 2	 9	 107.tif	 1.734468e+03	 24	 999000	 240	 999000	 999	 1.735485e+03	 283.33	 350.00	 53.00	 37	 0.26	 
BMI_bf_114	 2	 9	 010.tif	 1.736468e+03	 12	 999000	 120	 999000	 999	 1.737485e+03	 283.33	 350.00	 3.00	 10	 0.78	 
BMI_bf_114	 2	 9	 009.tif	 1.738468e+03	 11	 9.775646e+02	 110	 3.261236e+02	 98	 1.739485e+03	 300.00	 350.00	 19.00	 9	 0.64	 
BMI_bf_114	 2	 9	 002.tif	 1.744468e+03	 22	 9.053302e+02	 220	 3.919132e+02	 98	 1.745484e+03	 300.00	 366.67	 54.00	 2	 0.21	 
BMI_bf_114	 2	 9	 023.tif	 1.746468e+03	 24	 999000	 240	 999000	 999	 1.747484e+03	 300.00	 366.67	 57.00	 23	 0.16	 
BMI_bf_114	 2	 9	 026.tif	 1.748468e+03	 24	 999000	 240	 999000	 999	 1.749484e+03	 300.00	 366.67	 58.00	 26	 0.16	 
BMI_bf_114	 2	 9	 005.tif	 1.750468e+03	 22	 9.131123e+02	 220	 4.085077e+02	 98	 1.751484e+03	 300.00	 383.33	 43.00	 5	 0.38	 
BMI_bf_114	 2	 9	 013.tif	 1.753468e+03	 12	 999000	 120	 999000	 999	 1.754484e+03	 300.00	 383.33	 30.00	 13	 0.53	 
BMI_bf_114	 2	 9	 108.tif	 1.756468e+03	 11	 8.329119e+02	 110	 3.425153e+02	 98	 1.757484e+03	 316.67	 383.33	 16.00	 38	 0.66	 
