subjectID	 order	 runNum	 itemName	 onsetTime	 shuff_trialType	 RT	 respInTime	 AudioTime	 response	 fixationTime	 ladder1	 ladder2	 bidIndex	 itemNameIndex	 bidValue	 
BMI_bf_131	 1	 11	 018.tif	 1.936312e+03	 22	 1.114264e+03	 2200	 3.924512e+02	 98	 1.937329e+03	 350.00	 300.00	 45.00	 18	 0.29	 
BMI_bf_131	 1	 11	 007.tif	 1.938312e+03	 22	 9.458791e+02	 220	 3.417612e+02	 98	 1.939329e+03	 350.00	 316.67	 52.00	 7	 0.25	 
BMI_bf_131	 1	 11	 126.tif	 1.942312e+03	 11	 9.857436e+02	 110	 3.915822e+02	 98	 1.943329e+03	 366.67	 316.67	 10.00	 56	 0.77	 
BMI_bf_131	 1	 11	 119.tif	 1.945312e+03	 12	 999000	 120	 999000	 999	 1.946329e+03	 366.67	 316.67	 14.00	 49	 0.73	 
BMI_bf_131	 1	 11	 001.tif	 1.947312e+03	 24	 999000	 240	 999000	 999	 1.948328e+03	 366.67	 316.67	 38.00	 1	 0.37	 
BMI_bf_131	 1	 11	 004.tif	 1.950312e+03	 24	 999000	 240	 999000	 999	 1.951328e+03	 366.67	 316.67	 32.00	 4	 0.44	 
BMI_bf_131	 1	 11	 106.tif	 1.954312e+03	 12	 999000	 120	 999000	 999	 1.955328e+03	 366.67	 316.67	 29.00	 36	 0.51	 
BMI_bf_131	 1	 11	 107.tif	 1.958312e+03	 11	 1.049148e+03	 1100	 4.082299e+02	 98	 1.959328e+03	 316.67	 316.67	 24.00	 37	 0.60	 
BMI_bf_131	 1	 11	 102.tif	 1.960312e+03	 12	 999000	 120	 999000	 999	 1.961328e+03	 316.67	 316.67	 8.00	 32	 0.80	 
BMI_bf_131	 1	 11	 010.tif	 1.965312e+03	 24	 999000	 240	 999000	 999	 1.966328e+03	 316.67	 316.67	 33.00	 10	 0.44	 
BMI_bf_131	 1	 11	 011.tif	 1.967312e+03	 24	 999000	 240	 999000	 999	 1.968328e+03	 316.67	 316.67	 41.00	 11	 0.33	 
BMI_bf_131	 1	 11	 005.tif	 1.969312e+03	 24	 999000	 240	 999000	 999	 1.970328e+03	 316.67	 316.67	 54.00	 5	 0.22	 
BMI_bf_131	 1	 11	 025.tif	 1.975312e+03	 24	 999000	 240	 999000	 999	 1.976328e+03	 316.67	 316.67	 43.00	 25	 0.31	 
BMI_bf_131	 1	 11	 128.tif	 1.977312e+03	 11	 1.008412e+03	 1100	 3.584814e+02	 98	 1.978328e+03	 266.67	 316.67	 18.00	 58	 0.66	 
BMI_bf_131	 1	 11	 029.tif	 1.979312e+03	 24	 999000	 240	 999000	 999	 1.980328e+03	 266.67	 316.67	 51.00	 29	 0.25	 
BMI_bf_131	 1	 11	 013.tif	 1.981312e+03	 22	 1.016352e+03	 2200	 3.589468e+02	 98	 1.982328e+03	 266.67	 266.67	 39.00	 13	 0.35	 
BMI_bf_131	 1	 11	 030.tif	 1.985311e+03	 22	 8.882225e+02	 220	 3.089004e+02	 98	 1.986328e+03	 266.67	 283.33	 36.00	 30	 0.39	 
BMI_bf_131	 1	 11	 023.tif	 1.989311e+03	 24	 999000	 240	 999000	 999	 1.990328e+03	 266.67	 283.33	 58.00	 23	 0.17	 
BMI_bf_131	 1	 11	 016.tif	 1.992311e+03	 24	 999000	 240	 999000	 999	 1.993328e+03	 266.67	 283.33	 57.00	 16	 0.18	 
BMI_bf_131	 1	 11	 006.tif	 1.996311e+03	 22	 9.358218e+02	 220	 3.248300e+02	 98	 1.997328e+03	 266.67	 300.00	 53.00	 6	 0.22	 
BMI_bf_131	 1	 11	 021.tif	 1.999311e+03	 24	 999000	 240	 999000	 999	 2.000328e+03	 266.67	 300.00	 35.00	 21	 0.41	 
BMI_bf_131	 1	 11	 009.tif	 2.001311e+03	 24	 999000	 240	 999000	 999	 2.002328e+03	 266.67	 300.00	 34.00	 9	 0.41	 
BMI_bf_131	 1	 11	 108.tif	 2.005311e+03	 11	 9.914363e+02	 110	 3.086568e+02	 98	 2.006327e+03	 283.33	 300.00	 12.00	 38	 0.74	 
BMI_bf_131	 1	 11	 020.tif	 2.007311e+03	 24	 999000	 240	 999000	 999	 2.008327e+03	 283.33	 300.00	 59.00	 20	 0.12	 
BMI_bf_131	 1	 11	 130.tif	 2.009311e+03	 12	 999000	 120	 999000	 999	 2.010327e+03	 283.33	 300.00	 16.00	 60	 0.68	 
BMI_bf_131	 1	 11	 115.tif	 2.013311e+03	 12	 -5.285189e+02	 12	 999000	 98	 2.014327e+03	 283.33	 300.00	 19.00	 45	 0.66	 
BMI_bf_131	 1	 11	 103.tif	 2.015311e+03	 11	 9.671446e+02	 110	 3.257132e+02	 98	 2.016327e+03	 300.00	 300.00	 7.00	 33	 0.82	 
BMI_bf_131	 1	 11	 022.tif	 2.019311e+03	 24	 999000	 240	 999000	 999	 2.020327e+03	 300.00	 300.00	 56.00	 22	 0.18	 
BMI_bf_131	 1	 11	 012.tif	 2.023311e+03	 24	 999000	 240	 999000	 999	 2.024327e+03	 300.00	 300.00	 60.00	 12	 0.07	 
BMI_bf_131	 1	 11	 125.tif	 2.026311e+03	 22	 9.506892e+02	 220	 3.425771e+02	 98	 2.027327e+03	 300.00	 316.67	 50.00	 55	 0.26	 
BMI_bf_131	 1	 11	 104.tif	 2.032311e+03	 12	 999000	 120	 999000	 999	 2.033327e+03	 300.00	 316.67	 17.00	 34	 0.67	 
BMI_bf_131	 1	 11	 129.tif	 2.034311e+03	 12	 999000	 120	 999000	 999	 2.035327e+03	 300.00	 316.67	 23.00	 59	 0.60	 
BMI_bf_131	 1	 11	 017.tif	 2.038311e+03	 22	 9.982613e+02	 220	 3.584421e+02	 98	 2.039327e+03	 300.00	 333.33	 42.00	 17	 0.32	 
BMI_bf_131	 1	 11	 120.tif	 2.040310e+03	 11	 9.182504e+02	 110	 3.416740e+02	 98	 2.041327e+03	 316.67	 333.33	 13.00	 50	 0.74	 
BMI_bf_131	 1	 11	 028.tif	 2.042310e+03	 22	 9.341335e+02	 220	 3.746902e+02	 98	 2.043327e+03	 316.67	 350.00	 37.00	 28	 0.39	 
BMI_bf_131	 1	 11	 015.tif	 2.044310e+03	 24	 999000	 240	 999000	 999	 2.045327e+03	 316.67	 350.00	 40.00	 15	 0.34	 
BMI_bf_131	 1	 11	 122.tif	 2.049310e+03	 11	 1.069928e+03	 1100	 3.598932e+02	 98	 2.050327e+03	 266.67	 350.00	 20.00	 52	 0.63	 
BMI_bf_131	 1	 11	 117.tif	 2.051310e+03	 12	 999000	 120	 999000	 999	 2.052327e+03	 266.67	 350.00	 28.00	 47	 0.54	 
BMI_bf_131	 1	 11	 124.tif	 2.053310e+03	 12	 999000	 120	 999000	 999	 2.054327e+03	 266.67	 350.00	 1.00	 54	 0.98	 
BMI_bf_131	 1	 11	 110.tif	 2.056310e+03	 12	 999000	 120	 999000	 999	 2.057326e+03	 266.67	 350.00	 3.00	 40	 0.87	 
BMI_bf_131	 1	 11	 003.tif	 2.059310e+03	 12	 999000	 120	 999000	 999	 2.060326e+03	 266.67	 350.00	 30.00	 3	 0.50	 
BMI_bf_131	 1	 11	 111.tif	 2.063310e+03	 24	 999000	 240	 999000	 999	 2.064326e+03	 266.67	 350.00	 31.00	 41	 0.48	 
BMI_bf_131	 1	 11	 112.tif	 2.065310e+03	 12	 999000	 120	 999000	 999	 2.066326e+03	 266.67	 350.00	 22.00	 42	 0.61	 
BMI_bf_131	 1	 11	 121.tif	 2.067310e+03	 12	 999000	 120	 999000	 999	 2.068326e+03	 266.67	 350.00	 6.00	 51	 0.83	 
BMI_bf_131	 1	 11	 014.tif	 2.070310e+03	 11	 9.411248e+02	 110	 3.083435e+02	 98	 2.071326e+03	 283.33	 350.00	 25.00	 14	 0.57	 
BMI_bf_131	 1	 11	 008.tif	 2.073310e+03	 22	 1.037042e+03	 2200	 3.923637e+02	 98	 2.074326e+03	 283.33	 300.00	 47.00	 8	 0.27	 
BMI_bf_131	 1	 11	 105.tif	 2.075310e+03	 24	 999000	 240	 999000	 999	 2.076326e+03	 283.33	 300.00	 48.00	 35	 0.27	 
BMI_bf_131	 1	 11	 024.tif	 2.077310e+03	 12	 999000	 120	 999000	 999	 2.078326e+03	 283.33	 300.00	 26.00	 24	 0.56	 
BMI_bf_131	 1	 11	 109.tif	 2.079310e+03	 12	 999000	 120	 999000	 999	 2.080326e+03	 283.33	 300.00	 5.00	 39	 0.85	 
BMI_bf_131	 1	 11	 114.tif	 2.084310e+03	 12	 999000	 120	 999000	 999	 2.085326e+03	 283.33	 300.00	 9.00	 44	 0.78	 
BMI_bf_131	 1	 11	 127.tif	 2.086310e+03	 12	 999000	 120	 999000	 999	 2.087326e+03	 283.33	 300.00	 4.00	 57	 0.86	 
BMI_bf_131	 1	 11	 123.tif	 2.088310e+03	 12	 999000	 120	 999000	 999	 2.089326e+03	 283.33	 300.00	 2.00	 53	 0.91	 
BMI_bf_131	 1	 11	 026.tif	 2.090310e+03	 24	 999000	 240	 999000	 999	 2.091326e+03	 283.33	 300.00	 55.00	 26	 0.22	 
BMI_bf_131	 1	 11	 118.tif	 2.097309e+03	 11	 9.801562e+02	 110	 3.258346e+02	 98	 2.098326e+03	 300.00	 300.00	 15.00	 48	 0.72	 
BMI_bf_131	 1	 11	 116.tif	 2.099309e+03	 11	 9.321497e+02	 110	 3.428853e+02	 98	 2.100326e+03	 316.67	 300.00	 21.00	 46	 0.63	 
BMI_bf_131	 1	 11	 113.tif	 2.106309e+03	 12	 999000	 120	 999000	 999	 2.107326e+03	 316.67	 300.00	 11.00	 43	 0.76	 
BMI_bf_131	 1	 11	 002.tif	 2.109309e+03	 24	 999000	 240	 999000	 999	 2.110326e+03	 316.67	 300.00	 49.00	 2	 0.27	 
BMI_bf_131	 1	 11	 019.tif	 2.112309e+03	 24	 999000	 240	 999000	 999	 2.113326e+03	 316.67	 300.00	 46.00	 19	 0.29	 
BMI_bf_131	 1	 11	 101.tif	 2.118309e+03	 12	 999000	 120	 999000	 999	 2.119325e+03	 316.67	 300.00	 27.00	 31	 0.55	 
BMI_bf_131	 1	 11	 027.tif	 2.120309e+03	 22	 9.633829e+02	 220	 3.414548e+02	 98	 2.121325e+03	 316.67	 316.67	 44.00	 27	 0.30	 
