subjectID	 order	 runNum	 itemName	 onsetTime	 shuff_trialType	 RT	 respInTime	 AudioTime	 response	 fixationTime	 ladder1	 ladder2	 bidIndex	 itemNameIndex	 bidValue	 
BMI_bf_114	 2	 4	 024.tif	 5.767828e+02	 12	 999000	 120	 999000	 999	 5.777995e+02	 383.33	 383.33	 21.00	 24	 0.63	 
BMI_bf_114	 2	 4	 019.tif	 5.817830e+02	 24	 999000	 240	 999000	 999	 5.827993e+02	 383.33	 383.33	 59.00	 19	 0.10	 
BMI_bf_114	 2	 4	 117.tif	 5.837829e+02	 24	 999000	 240	 999000	 999	 5.847992e+02	 383.33	 383.33	 42.00	 47	 0.39	 
BMI_bf_114	 2	 4	 129.tif	 5.857829e+02	 11	 9.827242e+02	 110	 4.262712e+02	 98	 5.867992e+02	 400.00	 383.33	 26.00	 59	 0.57	 
BMI_bf_114	 2	 4	 012.tif	 5.917827e+02	 24	 999000	 240	 999000	 999	 5.927990e+02	 400.00	 383.33	 52.00	 12	 0.27	 
BMI_bf_114	 2	 4	 113.tif	 5.937827e+02	 12	 999000	 120	 999000	 999	 5.947990e+02	 400.00	 383.33	 7.00	 43	 0.72	 
BMI_bf_114	 2	 4	 101.tif	 5.967826e+02	 12	 999000	 120	 999000	 999	 5.977989e+02	 400.00	 383.33	 24.00	 31	 0.58	 
BMI_bf_114	 2	 4	 106.tif	 5.987825e+02	 12	 999000	 120	 999000	 999	 5.997988e+02	 400.00	 383.33	 10.00	 36	 0.71	 
BMI_bf_114	 2	 4	 124.tif	 6.027824e+02	 12	 999000	 120	 999000	 999	 6.037987e+02	 400.00	 383.33	 6.00	 54	 0.73	 
BMI_bf_114	 2	 4	 009.tif	 6.047823e+02	 11	 9.902045e+02	 110	 4.426224e+02	 98	 6.057987e+02	 416.67	 383.33	 19.00	 9	 0.64	 
BMI_bf_114	 2	 4	 127.tif	 6.097822e+02	 11	 9.819201e+02	 110	 4.581860e+02	 98	 6.107986e+02	 433.33	 383.33	 9.00	 57	 0.71	 
BMI_bf_114	 2	 4	 030.tif	 6.167820e+02	 22	 7.736481e+02	 220	 4.254746e+02	 98	 6.177983e+02	 433.33	 400.00	 35.00	 30	 0.48	 
BMI_bf_114	 2	 4	 003.tif	 6.187818e+02	 24	 999000	 240	 999000	 999	 6.197983e+02	 433.33	 400.00	 60.00	 3	 0.08	 
BMI_bf_114	 2	 4	 015.tif	 6.217819e+02	 12	 999000	 120	 999000	 999	 6.227982e+02	 433.33	 400.00	 27.00	 15	 0.55	 
BMI_bf_114	 2	 4	 119.tif	 6.247817e+02	 12	 999000	 120	 999000	 999	 6.257981e+02	 433.33	 400.00	 28.00	 49	 0.54	 
BMI_bf_114	 2	 4	 122.tif	 6.287817e+02	 11	 9.972407e+02	 110	 4.760350e+02	 98	 6.297980e+02	 450.00	 400.00	 11.00	 52	 0.70	 
BMI_bf_114	 2	 4	 020.tif	 6.327816e+02	 22	 9.251038e+02	 220	 4.430921e+02	 98	 6.337979e+02	 450.00	 416.67	 49.00	 20	 0.29	 
BMI_bf_114	 2	 4	 109.tif	 6.367815e+02	 12	 999000	 120	 999000	 999	 6.377978e+02	 450.00	 416.67	 12.00	 39	 0.70	 
BMI_bf_114	 2	 4	 001.tif	 6.397814e+02	 24	 999000	 240	 999000	 999	 6.407977e+02	 450.00	 416.67	 37.00	 1	 0.47	 
BMI_bf_114	 2	 4	 110.tif	 6.457812e+02	 12	 999000	 120	 999000	 999	 6.467976e+02	 450.00	 416.67	 18.00	 40	 0.64	 
BMI_bf_114	 2	 4	 126.tif	 6.477812e+02	 12	 999000	 120	 999000	 999	 6.487976e+02	 450.00	 416.67	 25.00	 56	 0.58	 
BMI_bf_114	 2	 4	 114.tif	 6.507811e+02	 22	 9.884592e+02	 220	 4.604113e+02	 98	 6.517974e+02	 450.00	 433.33	 46.00	 44	 0.32	 
BMI_bf_114	 2	 4	 108.tif	 6.527809e+02	 11	 1.068599e+03	 1100	 4.933035e+02	 98	 6.537974e+02	 400.00	 433.33	 16.00	 38	 0.66	 
BMI_bf_114	 2	 4	 005.tif	 6.547810e+02	 22	 9.563515e+02	 220	 4.757337e+02	 98	 6.557973e+02	 400.00	 450.00	 43.00	 5	 0.38	 
BMI_bf_114	 2	 4	 004.tif	 6.567807e+02	 11	 9.324011e+02	 110	 4.431597e+02	 98	 6.577974e+02	 416.67	 450.00	 17.00	 4	 0.65	 
BMI_bf_114	 2	 4	 022.tif	 6.597809e+02	 24	 2.922232e+02	 24	 999000	 98	 6.607971e+02	 416.67	 450.00	 45.00	 22	 0.35	 
BMI_bf_114	 2	 4	 011.tif	 6.637808e+02	 12	 999000	 120	 999000	 999	 6.647971e+02	 416.67	 450.00	 20.00	 11	 0.64	 
BMI_bf_114	 2	 4	 010.tif	 6.657807e+02	 12	 999000	 120	 999000	 999	 6.667970e+02	 416.67	 450.00	 3.00	 10	 0.78	 
BMI_bf_114	 2	 4	 028.tif	 6.677807e+02	 22	 1.051853e+03	 2200	 4.931556e+02	 98	 6.687970e+02	 416.67	 400.00	 48.00	 28	 0.31	 
BMI_bf_114	 2	 4	 014.tif	 6.697806e+02	 24	 999000	 240	 999000	 999	 6.707969e+02	 416.67	 400.00	 36.00	 14	 0.48	 
BMI_bf_114	 2	 4	 027.tif	 6.717805e+02	 24	 999000	 240	 999000	 999	 6.727969e+02	 416.67	 400.00	 34.00	 27	 0.50	 
BMI_bf_114	 2	 4	 112.tif	 6.737805e+02	 24	 999000	 240	 999000	 999	 6.747968e+02	 416.67	 400.00	 56.00	 42	 0.19	 
BMI_bf_114	 2	 4	 006.tif	 6.777804e+02	 24	 999000	 240	 999000	 999	 6.787967e+02	 416.67	 400.00	 55.00	 6	 0.20	 
BMI_bf_114	 2	 4	 120.tif	 6.817803e+02	 24	 3.554521e+02	 24	 999000	 98	 6.827966e+02	 416.67	 400.00	 32.00	 50	 0.51	 
BMI_bf_114	 2	 4	 115.tif	 6.837802e+02	 12	 999000	 120	 999000	 999	 6.847965e+02	 416.67	 400.00	 1.00	 45	 0.81	 
BMI_bf_114	 2	 4	 128.tif	 6.857801e+02	 22	 1.147285e+03	 2200	 4.429260e+02	 98	 6.867965e+02	 416.67	 350.00	 40.00	 58	 0.43	 
BMI_bf_114	 2	 4	 104.tif	 6.877798e+02	 22	 9.874443e+02	 220	 3.926554e+02	 98	 6.887964e+02	 416.67	 366.67	 38.00	 34	 0.46	 
BMI_bf_114	 2	 4	 021.tif	 6.897800e+02	 24	 999000	 240	 999000	 999	 6.907963e+02	 416.67	 366.67	 44.00	 21	 0.36	 
BMI_bf_114	 2	 4	 116.tif	 6.957799e+02	 11	 1.026873e+03	 1100	 4.585172e+02	 98	 6.967962e+02	 366.67	 366.67	 23.00	 46	 0.60	 
BMI_bf_114	 2	 4	 130.tif	 6.977796e+02	 12	 999000	 120	 999000	 999	 6.987961e+02	 366.67	 366.67	 15.00	 60	 0.69	 
BMI_bf_114	 2	 4	 125.tif	 6.997797e+02	 22	 9.227427e+02	 220	 4.096429e+02	 98	 7.007961e+02	 366.67	 383.33	 41.00	 55	 0.41	 
BMI_bf_114	 2	 4	 017.tif	 7.017797e+02	 24	 8.827101e+02	 24	 999000	 98	 7.027960e+02	 366.67	 383.33	 50.00	 17	 0.29	 
BMI_bf_114	 2	 4	 111.tif	 7.047796e+02	 11	 9.225809e+02	 110	 4.085726e+02	 98	 7.057960e+02	 383.33	 383.33	 14.00	 41	 0.69	 
BMI_bf_114	 2	 4	 103.tif	 7.067796e+02	 12	 999000	 120	 999000	 999	 7.077959e+02	 383.33	 383.33	 4.00	 33	 0.75	 
BMI_bf_114	 2	 4	 026.tif	 7.137794e+02	 24	 999000	 240	 999000	 999	 7.147957e+02	 383.33	 383.33	 58.00	 26	 0.16	 
BMI_bf_114	 2	 4	 107.tif	 7.157793e+02	 24	 999000	 240	 999000	 999	 7.167956e+02	 383.33	 383.33	 53.00	 37	 0.26	 
BMI_bf_114	 2	 4	 013.tif	 7.197792e+02	 12	 999000	 120	 999000	 999	 7.207956e+02	 383.33	 383.33	 30.00	 13	 0.53	 
BMI_bf_114	 2	 4	 025.tif	 7.237791e+02	 11	 9.538681e+02	 110	 4.264221e+02	 98	 7.247954e+02	 400.00	 383.33	 22.00	 25	 0.62	 
BMI_bf_114	 2	 4	 016.tif	 7.267790e+02	 22	 9.457932e+02	 220	 4.255908e+02	 98	 7.277954e+02	 400.00	 400.00	 51.00	 16	 0.29	 
BMI_bf_114	 2	 4	 018.tif	 7.287788e+02	 24	 999000	 240	 999000	 999	 7.297953e+02	 400.00	 400.00	 47.00	 18	 0.32	 
BMI_bf_114	 2	 4	 102.tif	 7.327789e+02	 12	 999000	 120	 999000	 999	 7.337952e+02	 400.00	 400.00	 2.00	 32	 0.78	 
BMI_bf_114	 2	 4	 121.tif	 7.347788e+02	 12	 999000	 120	 999000	 999	 7.357951e+02	 400.00	 400.00	 5.00	 51	 0.73	 
BMI_bf_114	 2	 4	 105.tif	 7.377952e+02	 24	 999000	 240	 999000	 999	 7.388117e+02	 400.00	 400.00	 39.00	 35	 0.44	 
BMI_bf_114	 2	 4	 008.tif	 7.417953e+02	 24	 999000	 240	 999000	 999	 7.428116e+02	 400.00	 400.00	 31.00	 8	 0.51	 
BMI_bf_114	 2	 4	 007.tif	 7.437951e+02	 24	 999000	 240	 999000	 999	 7.448116e+02	 400.00	 400.00	 33.00	 7	 0.51	 
BMI_bf_114	 2	 4	 123.tif	 7.487951e+02	 12	 6.324063e+02	 12	 999000	 98	 7.498114e+02	 400.00	 400.00	 13.00	 53	 0.70	 
BMI_bf_114	 2	 4	 029.tif	 7.507950e+02	 12	 999000	 120	 999000	 999	 7.518114e+02	 400.00	 400.00	 29.00	 29	 0.54	 
BMI_bf_114	 2	 4	 118.tif	 7.547949e+02	 11	 9.281368e+02	 110	 4.420015e+02	 98	 7.558113e+02	 416.67	 400.00	 8.00	 48	 0.72	 
BMI_bf_114	 2	 4	 002.tif	 7.577948e+02	 22	 9.040367e+02	 220	 4.423821e+02	 98	 7.588112e+02	 416.67	 416.67	 54.00	 2	 0.21	 
BMI_bf_114	 2	 4	 023.tif	 7.607948e+02	 24	 999000	 240	 999000	 999	 7.618111e+02	 416.67	 416.67	 57.00	 23	 0.16	 
