subjectID	 order	 runNum	 itemName	 onsetTime	 shuff_trialType	 RT	 respInTime	 AudioTime	 response	 fixationTime	 ladder1	 ladder2	 bidIndex	 itemNameIndex	 bidValue	 
BMI_bf_107	 1	 11	 127.tif	 2.010411e+03	 11	 1.011913e+03	 1100	 3.926586e+02	 98	 2.011428e+03	 300.00	 216.67	 12.00	 57	 0.74	 
BMI_bf_107	 1	 11	 118.tif	 2.015411e+03	 12	 999000	 120	 999000	 999	 2.016428e+03	 300.00	 216.67	 6.00	 48	 0.81	 
BMI_bf_107	 1	 11	 009.tif	 2.017411e+03	 24	 999000	 240	 999000	 999	 2.018428e+03	 300.00	 216.67	 34.00	 9	 0.47	 
BMI_bf_107	 1	 11	 028.tif	 2.019411e+03	 22	 8.593290e+02	 220	 2.596626e+02	 98	 2.020428e+03	 300.00	 233.33	 39.00	 28	 0.36	 
BMI_bf_107	 1	 11	 129.tif	 2.025411e+03	 11	 8.911360e+02	 110	 3.422318e+02	 98	 2.026427e+03	 316.67	 233.33	 25.00	 59	 0.59	 
BMI_bf_107	 1	 11	 029.tif	 2.027411e+03	 24	 999000	 240	 999000	 999	 2.028427e+03	 316.67	 233.33	 59.00	 29	 0.10	 
BMI_bf_107	 1	 11	 024.tif	 2.030411e+03	 12	 999000	 120	 999000	 999	 2.031427e+03	 316.67	 233.33	 27.00	 24	 0.56	 
BMI_bf_107	 1	 11	 106.tif	 2.032411e+03	 24	 999000	 240	 999000	 999	 2.033427e+03	 316.67	 233.33	 31.00	 36	 0.49	 
BMI_bf_107	 1	 11	 121.tif	 2.036411e+03	 12	 999000	 120	 999000	 999	 2.037427e+03	 316.67	 233.33	 11.00	 51	 0.74	 
BMI_bf_107	 1	 11	 128.tif	 2.038411e+03	 12	 999000	 120	 999000	 999	 2.039427e+03	 316.67	 233.33	 28.00	 58	 0.56	 
BMI_bf_107	 1	 11	 107.tif	 2.043411e+03	 24	 999000	 240	 999000	 999	 2.044427e+03	 316.67	 233.33	 58.00	 37	 0.11	 
BMI_bf_107	 1	 11	 102.tif	 2.050411e+03	 12	 999000	 120	 999000	 999	 2.051427e+03	 316.67	 233.33	 1.00	 32	 0.86	 
BMI_bf_107	 1	 11	 013.tif	 2.052411e+03	 24	 999000	 240	 999000	 999	 2.053427e+03	 316.67	 233.33	 35.00	 13	 0.46	 
BMI_bf_107	 1	 11	 016.tif	 2.055411e+03	 22	 8.900671e+02	 220	 2.755403e+02	 98	 2.056427e+03	 316.67	 250.00	 53.00	 16	 0.22	 
BMI_bf_107	 1	 11	 123.tif	 2.058411e+03	 12	 999000	 120	 999000	 999	 2.059427e+03	 316.67	 250.00	 9.00	 53	 0.78	 
BMI_bf_107	 1	 11	 010.tif	 2.062410e+03	 22	 8.978647e+02	 220	 2.920429e+02	 98	 2.063427e+03	 316.67	 266.67	 36.00	 10	 0.44	 
BMI_bf_107	 1	 11	 022.tif	 2.066410e+03	 24	 999000	 240	 999000	 999	 2.067427e+03	 316.67	 266.67	 38.00	 22	 0.41	 
BMI_bf_107	 1	 11	 124.tif	 2.070410e+03	 22	 9.295625e+02	 220	 3.087072e+02	 98	 2.071427e+03	 316.67	 283.33	 37.00	 54	 0.43	 
BMI_bf_107	 1	 11	 122.tif	 2.073410e+03	 12	 999000	 120	 999000	 999	 2.074427e+03	 316.67	 283.33	 16.00	 52	 0.71	 
BMI_bf_107	 1	 11	 007.tif	 2.079410e+03	 12	 999000	 120	 999000	 999	 2.080426e+03	 316.67	 283.33	 26.00	 7	 0.59	 
BMI_bf_107	 1	 11	 130.tif	 2.081410e+03	 12	 999000	 120	 999000	 999	 2.082426e+03	 316.67	 283.33	 4.00	 60	 0.83	 
BMI_bf_107	 1	 11	 103.tif	 2.084410e+03	 11	 9.931472e+02	 110	 3.598002e+02	 98	 2.085426e+03	 333.33	 283.33	 20.00	 33	 0.64	 
BMI_bf_107	 1	 11	 011.tif	 2.086410e+03	 12	 999000	 120	 999000	 999	 2.087426e+03	 333.33	 283.33	 17.00	 11	 0.71	 
BMI_bf_107	 1	 11	 008.tif	 2.088410e+03	 24	 999000	 240	 999000	 999	 2.089426e+03	 333.33	 283.33	 51.00	 8	 0.25	 
BMI_bf_107	 1	 11	 001.tif	 2.090410e+03	 24	 999000	 240	 999000	 999	 2.091426e+03	 333.33	 283.33	 46.00	 1	 0.28	 
BMI_bf_107	 1	 11	 126.tif	 2.093410e+03	 11	 9.206743e+02	 110	 3.762403e+02	 98	 2.094426e+03	 350.00	 283.33	 21.00	 56	 0.64	 
BMI_bf_107	 1	 11	 119.tif	 2.097410e+03	 22	 8.566165e+02	 220	 3.260942e+02	 98	 2.098426e+03	 350.00	 300.00	 50.00	 49	 0.26	 
BMI_bf_107	 1	 11	 111.tif	 2.099410e+03	 24	 999000	 240	 999000	 999	 2.100426e+03	 350.00	 300.00	 33.00	 41	 0.48	 
BMI_bf_107	 1	 11	 018.tif	 2.101410e+03	 24	 999000	 240	 999000	 999	 2.102426e+03	 350.00	 300.00	 49.00	 18	 0.26	 
BMI_bf_107	 1	 11	 014.tif	 2.103410e+03	 12	 999000	 120	 999000	 999	 2.104426e+03	 350.00	 300.00	 14.00	 14	 0.73	 
BMI_bf_107	 1	 11	 116.tif	 2.105410e+03	 11	 9.123246e+02	 110	 3.916199e+02	 98	 2.106426e+03	 366.67	 300.00	 10.00	 46	 0.74	 
BMI_bf_107	 1	 11	 125.tif	 2.107410e+03	 12	 999000	 120	 999000	 999	 2.108426e+03	 366.67	 300.00	 22.00	 55	 0.63	 
BMI_bf_107	 1	 11	 017.tif	 2.111410e+03	 24	 999000	 240	 999000	 999	 2.112426e+03	 366.67	 300.00	 56.00	 17	 0.12	 
BMI_bf_107	 1	 11	 015.tif	 2.115409e+03	 22	 9.679539e+02	 220	 3.423438e+02	 98	 2.116426e+03	 366.67	 316.67	 44.00	 15	 0.31	 
BMI_bf_107	 1	 11	 101.tif	 2.117409e+03	 12	 999000	 120	 999000	 999	 2.118426e+03	 366.67	 316.67	 8.00	 31	 0.80	 
BMI_bf_107	 1	 11	 002.tif	 2.119409e+03	 11	 9.358695e+02	 110	 4.093510e+02	 98	 2.120426e+03	 383.33	 316.67	 13.00	 2	 0.73	 
BMI_bf_107	 1	 11	 109.tif	 2.121409e+03	 12	 999000	 120	 999000	 999	 2.122426e+03	 383.33	 316.67	 2.00	 39	 0.85	 
BMI_bf_107	 1	 11	 110.tif	 2.123409e+03	 11	 9.836653e+02	 110	 4.258406e+02	 98	 2.124426e+03	 400.00	 316.67	 7.00	 40	 0.80	 
BMI_bf_107	 1	 11	 020.tif	 2.129409e+03	 12	 999000	 120	 999000	 999	 2.130426e+03	 400.00	 316.67	 3.00	 20	 0.85	 
BMI_bf_107	 1	 11	 021.tif	 2.131409e+03	 22	 9.673273e+02	 220	 3.593000e+02	 98	 2.132425e+03	 400.00	 333.33	 45.00	 21	 0.29	 
BMI_bf_107	 1	 11	 120.tif	 2.133409e+03	 11	 9.753141e+02	 110	 4.414880e+02	 98	 2.134425e+03	 416.67	 333.33	 24.00	 50	 0.63	 
BMI_bf_107	 1	 11	 030.tif	 2.135409e+03	 12	 999000	 120	 999000	 999	 2.136425e+03	 416.67	 333.33	 29.00	 30	 0.56	 
BMI_bf_107	 1	 11	 113.tif	 2.138409e+03	 12	 999000	 120	 999000	 999	 2.139425e+03	 416.67	 333.33	 5.00	 43	 0.81	 
BMI_bf_107	 1	 11	 027.tif	 2.140409e+03	 24	 999000	 240	 999000	 999	 2.141425e+03	 416.67	 333.33	 48.00	 27	 0.27	 
BMI_bf_107	 1	 11	 006.tif	 2.147409e+03	 24	 999000	 240	 999000	 999	 2.148425e+03	 416.67	 333.33	 57.00	 6	 0.11	 
BMI_bf_107	 1	 11	 112.tif	 2.149409e+03	 24	 999000	 240	 999000	 999	 2.150425e+03	 416.67	 333.33	 32.00	 42	 0.49	 
BMI_bf_107	 1	 11	 114.tif	 2.153409e+03	 11	 1.086618e+03	 1100	 4.590561e+02	 98	 2.154425e+03	 366.67	 333.33	 18.00	 44	 0.68	 
BMI_bf_107	 1	 11	 025.tif	 2.157409e+03	 22	 1.014508e+03	 2200	 3.743582e+02	 98	 2.158425e+03	 366.67	 283.33	 42.00	 25	 0.31	 
BMI_bf_107	 1	 11	 104.tif	 2.160409e+03	 12	 999000	 120	 999000	 999	 2.161425e+03	 366.67	 283.33	 19.00	 34	 0.66	 
BMI_bf_107	 1	 11	 023.tif	 2.162409e+03	 24	 999000	 240	 999000	 999	 2.163425e+03	 366.67	 283.33	 55.00	 23	 0.19	 
BMI_bf_107	 1	 11	 026.tif	 2.166409e+03	 24	 999000	 240	 999000	 999	 2.167425e+03	 366.67	 283.33	 41.00	 26	 0.33	 
BMI_bf_107	 1	 11	 004.tif	 2.168408e+03	 24	 999000	 240	 999000	 999	 2.169425e+03	 366.67	 283.33	 43.00	 4	 0.31	 
BMI_bf_107	 1	 11	 105.tif	 2.171408e+03	 24	 999000	 240	 999000	 999	 2.172425e+03	 366.67	 283.33	 60.00	 35	 0.10	 
BMI_bf_107	 1	 11	 019.tif	 2.175408e+03	 24	 999000	 240	 999000	 999	 2.176425e+03	 366.67	 283.33	 54.00	 19	 0.22	 
BMI_bf_107	 1	 11	 108.tif	 2.177408e+03	 12	 999000	 120	 999000	 999	 2.178425e+03	 366.67	 283.33	 23.00	 38	 0.63	 
BMI_bf_107	 1	 11	 003.tif	 2.182408e+03	 22	 9.335787e+02	 220	 3.253033e+02	 98	 2.183425e+03	 366.67	 300.00	 52.00	 3	 0.24	 
BMI_bf_107	 1	 11	 005.tif	 2.184408e+03	 12	 999000	 120	 999000	 999	 2.185424e+03	 366.67	 300.00	 30.00	 5	 0.51	 
BMI_bf_107	 1	 11	 117.tif	 2.188408e+03	 22	 8.854182e+02	 220	 3.425140e+02	 98	 2.189424e+03	 366.67	 316.67	 47.00	 47	 0.28	 
BMI_bf_107	 1	 11	 115.tif	 2.191408e+03	 11	 9.652816e+02	 110	 4.089936e+02	 98	 2.192424e+03	 383.33	 316.67	 15.00	 45	 0.73	 
BMI_bf_107	 1	 11	 012.tif	 2.194408e+03	 24	 999000	 240	 999000	 999	 2.195424e+03	 383.33	 316.67	 40.00	 12	 0.33	 
