subjectID	 order	 runNum	 itemName	 onsetTime	 shuff_trialType	 RT	 respInTime	 AudioTime	 response	 fixationTime	 ladder1	 ladder2	 bidIndex	 itemNameIndex	 bidValue	 
BMI_bf_133	 1	 1	 101.tif	 1.104414e+00	 12	 999000	 120	 999000	 999	 2.120742e+00	 750.00	 750.00	 26.00	 31	 0.53	 
BMI_bf_133	 1	 1	 014.tif	 3.087735e+00	 22	 1.386725e+03	 2200	 7.972269e+02	 98	 4.104102e+00	 750.00	 700.00	 36.00	 14	 0.43	 
BMI_bf_133	 1	 1	 123.tif	 7.087655e+00	 12	 999000	 120	 999000	 999	 8.103982e+00	 750.00	 700.00	 17.00	 53	 0.65	 
BMI_bf_133	 1	 1	 015.tif	 1.008760e+01	 22	 1.418501e+03	 2200	 7.430026e+02	 98	 1.110399e+01	 750.00	 650.00	 37.00	 15	 0.42	 
BMI_bf_133	 1	 1	 122.tif	 1.208758e+01	 12	 999000	 120	 999000	 999	 1.310388e+01	 750.00	 650.00	 6.00	 52	 0.85	 
BMI_bf_133	 1	 1	 022.tif	 1.508754e+01	 11	 1.346262e+03	 1100	 7.958158e+02	 98	 1.610388e+01	 700.00	 650.00	 15.00	 22	 0.69	 
BMI_bf_133	 1	 1	 103.tif	 1.908748e+01	 12	 999000	 120	 999000	 999	 2.010380e+01	 700.00	 650.00	 19.00	 33	 0.64	 
BMI_bf_133	 1	 1	 112.tif	 2.308742e+01	 11	 1.370033e+03	 1100	 7.438635e+02	 98	 2.410381e+01	 650.00	 650.00	 12.00	 42	 0.75	 
BMI_bf_133	 1	 1	 104.tif	 2.508741e+01	 11	 1.313935e+03	 1100	 6.923831e+02	 98	 2.610370e+01	 600.00	 650.00	 18.00	 34	 0.65	 
BMI_bf_133	 1	 1	 130.tif	 3.008732e+01	 11	 1.225773e+03	 1100	 6.428877e+02	 98	 3.110365e+01	 550.00	 650.00	 7.00	 60	 0.81	 
BMI_bf_133	 1	 1	 114.tif	 3.208729e+01	 12	 999000	 120	 999000	 999	 3.310362e+01	 550.00	 650.00	 23.00	 44	 0.58	 
BMI_bf_133	 1	 1	 013.tif	 3.408725e+01	 24	 999000	 240	 999000	 999	 3.510361e+01	 550.00	 650.00	 48.00	 13	 0.27	 
BMI_bf_133	 1	 1	 025.tif	 4.008717e+01	 22	 3.614712e+02	 22	 6.925379e+02	 98	 4.110356e+01	 550.00	 666.67	 53.00	 25	 0.24	 
BMI_bf_133	 1	 1	 029.tif	 4.208714e+01	 22	 1.433349e+03	 2200	 7.087275e+02	 98	 4.310353e+01	 550.00	 616.67	 50.00	 29	 0.26	 
BMI_bf_133	 1	 1	 030.tif	 4.408711e+01	 12	 999000	 120	 999000	 999	 4.510343e+01	 550.00	 616.67	 11.00	 30	 0.76	 
BMI_bf_133	 1	 1	 128.tif	 4.608708e+01	 11	 1.193214e+03	 1100	 5.929032e+02	 98	 4.710347e+01	 500.00	 616.67	 25.00	 58	 0.53	 
BMI_bf_133	 1	 1	 018.tif	 5.008700e+01	 12	 999000	 120	 999000	 999	 5.110334e+01	 500.00	 616.67	 28.00	 18	 0.49	 
BMI_bf_133	 1	 1	 002.tif	 5.410363e+01	 24	 999000	 240	 999000	 999	 5.511998e+01	 500.00	 616.67	 41.00	 2	 0.37	 
BMI_bf_133	 1	 1	 008.tif	 5.710357e+01	 24	 999000	 240	 999000	 999	 5.811991e+01	 500.00	 616.67	 56.00	 8	 0.18	 
BMI_bf_133	 1	 1	 016.tif	 6.110345e+01	 22	 1.248043e+03	 2200	 6.592194e+02	 98	 6.211992e+01	 500.00	 566.67	 42.00	 16	 0.37	 
BMI_bf_133	 1	 1	 019.tif	 6.410331e+01	 22	 1.248061e+03	 2200	 6.089624e+02	 98	 6.511982e+01	 500.00	 516.67	 45.00	 19	 0.33	 
BMI_bf_133	 1	 1	 116.tif	 6.610345e+01	 11	 1.167830e+03	 1100	 5.412127e+02	 98	 6.711980e+01	 450.00	 516.67	 10.00	 46	 0.78	 
BMI_bf_133	 1	 1	 107.tif	 7.010339e+01	 24	 999000	 240	 999000	 999	 7.111974e+01	 450.00	 516.67	 55.00	 37	 0.19	 
BMI_bf_133	 1	 1	 111.tif	 7.210337e+01	 12	 999000	 120	 999000	 999	 7.311972e+01	 450.00	 516.67	 2.00	 41	 0.88	 
BMI_bf_133	 1	 1	 010.tif	 7.410333e+01	 24	 999000	 240	 999000	 999	 7.511964e+01	 450.00	 516.67	 46.00	 10	 0.32	 
BMI_bf_133	 1	 1	 119.tif	 7.810327e+01	 12	 999000	 120	 999000	 999	 7.911962e+01	 450.00	 516.67	 14.00	 49	 0.72	 
BMI_bf_133	 1	 1	 126.tif	 8.010325e+01	 24	 999000	 240	 999000	 999	 8.111957e+01	 450.00	 516.67	 32.00	 56	 0.47	 
BMI_bf_133	 1	 1	 020.tif	 8.410319e+01	 22	 1.167175e+03	 2200	 5.588138e+02	 98	 8.511958e+01	 450.00	 466.67	 44.00	 20	 0.33	 
BMI_bf_133	 1	 1	 004.tif	 8.810306e+01	 24	 999000	 240	 999000	 999	 8.911946e+01	 450.00	 466.67	 49.00	 4	 0.26	 
BMI_bf_133	 1	 1	 005.tif	 9.110309e+01	 24	 999000	 240	 999000	 999	 9.211944e+01	 450.00	 466.67	 35.00	 5	 0.43	 
BMI_bf_133	 1	 1	 007.tif	 9.710299e+01	 24	 999000	 240	 999000	 999	 9.811933e+01	 450.00	 466.67	 59.00	 7	 0.09	 
BMI_bf_133	 1	 1	 012.tif	 9.910297e+01	 24	 999000	 240	 999000	 999	 1.001193e+02	 450.00	 466.67	 31.00	 12	 0.48	 
BMI_bf_133	 1	 1	 102.tif	 1.031029e+02	 12	 999000	 120	 999000	 999	 1.041192e+02	 450.00	 466.67	 5.00	 32	 0.85	 
BMI_bf_133	 1	 1	 124.tif	 1.051027e+02	 22	 1.110565e+03	 2200	 5.102756e+02	 98	 1.061192e+02	 450.00	 416.67	 52.00	 54	 0.24	 
BMI_bf_133	 1	 1	 110.tif	 1.071029e+02	 12	 999000	 120	 999000	 999	 1.081192e+02	 450.00	 416.67	 1.00	 40	 0.90	 
BMI_bf_133	 1	 1	 024.tif	 1.091028e+02	 24	 999000	 240	 999000	 999	 1.101192e+02	 450.00	 416.67	 57.00	 24	 0.18	 
BMI_bf_133	 1	 1	 118.tif	 1.141026e+02	 11	 1.070259e+03	 1100	 4.939743e+02	 98	 1.151191e+02	 400.00	 416.67	 21.00	 48	 0.60	 
BMI_bf_133	 1	 1	 028.tif	 1.161027e+02	 11	 1.198015e+03	 1100	 4.428362e+02	 98	 1.171191e+02	 350.00	 416.67	 24.00	 28	 0.57	 
BMI_bf_133	 1	 1	 129.tif	 1.181025e+02	 24	 999000	 240	 999000	 999	 1.191190e+02	 350.00	 416.67	 40.00	 59	 0.39	 
BMI_bf_133	 1	 1	 006.tif	 1.211026e+02	 24	 999000	 240	 999000	 999	 1.221190e+02	 350.00	 416.67	 60.00	 6	 0.09	 
BMI_bf_133	 1	 1	 026.tif	 1.241026e+02	 24	 999000	 240	 999000	 999	 1.251189e+02	 350.00	 416.67	 38.00	 26	 0.42	 
BMI_bf_133	 1	 1	 121.tif	 1.281025e+02	 12	 999000	 120	 999000	 999	 1.291189e+02	 350.00	 416.67	 8.00	 51	 0.80	 
BMI_bf_133	 1	 1	 023.tif	 1.301025e+02	 24	 999000	 240	 999000	 999	 1.311188e+02	 350.00	 416.67	 43.00	 23	 0.36	 
BMI_bf_133	 1	 1	 001.tif	 1.321023e+02	 24	 999000	 240	 999000	 999	 1.331188e+02	 350.00	 416.67	 34.00	 1	 0.43	 
BMI_bf_133	 1	 1	 127.tif	 1.351022e+02	 12	 999000	 120	 999000	 999	 1.361188e+02	 350.00	 416.67	 27.00	 57	 0.52	 
BMI_bf_133	 1	 1	 113.tif	 1.381023e+02	 12	 999000	 120	 999000	 999	 1.391188e+02	 350.00	 416.67	 3.00	 43	 0.88	 
BMI_bf_133	 1	 1	 009.tif	 1.401024e+02	 24	 999000	 240	 999000	 999	 1.411187e+02	 350.00	 416.67	 51.00	 9	 0.25	 
BMI_bf_133	 1	 1	 120.tif	 1.421023e+02	 12	 999000	 120	 999000	 999	 1.431187e+02	 350.00	 416.67	 16.00	 50	 0.66	 
BMI_bf_133	 1	 1	 115.tif	 1.441021e+02	 12	 999000	 120	 999000	 999	 1.451186e+02	 350.00	 416.67	 9.00	 45	 0.78	 
BMI_bf_133	 1	 1	 106.tif	 1.491022e+02	 24	 999000	 240	 999000	 999	 1.501186e+02	 350.00	 416.67	 33.00	 36	 0.46	 
BMI_bf_133	 1	 1	 108.tif	 1.511021e+02	 11	 9.648543e+02	 110	 3.930142e+02	 98	 1.521185e+02	 366.67	 416.67	 13.00	 38	 0.74	 
BMI_bf_133	 1	 1	 125.tif	 1.531022e+02	 22	 1.140664e+03	 2200	 4.595582e+02	 98	 1.541186e+02	 366.67	 366.67	 47.00	 55	 0.27	 
BMI_bf_133	 1	 1	 109.tif	 1.551020e+02	 11	 1.028768e+03	 1100	 4.082148e+02	 98	 1.561185e+02	 316.67	 366.67	 20.00	 39	 0.63	 
BMI_bf_133	 1	 1	 017.tif	 1.621020e+02	 24	 4.124116e+02	 24	 999000	 98	 1.631184e+02	 316.67	 366.67	 54.00	 17	 0.23	 
BMI_bf_133	 1	 1	 117.tif	 1.641020e+02	 12	 999000	 120	 999000	 999	 1.651183e+02	 316.67	 366.67	 4.00	 47	 0.85	 
BMI_bf_133	 1	 1	 021.tif	 1.711019e+02	 24	 999000	 240	 999000	 999	 1.721183e+02	 316.67	 366.67	 58.00	 21	 0.16	 
BMI_bf_133	 1	 1	 105.tif	 1.741019e+02	 12	 999000	 120	 999000	 999	 1.751182e+02	 316.67	 366.67	 30.00	 35	 0.48	 
BMI_bf_133	 1	 1	 003.tif	 1.771018e+02	 22	 1.195818e+03	 2200	 4.088940e+02	 98	 1.781182e+02	 316.67	 316.67	 39.00	 3	 0.40	 
BMI_bf_133	 1	 1	 027.tif	 1.831017e+02	 12	 999000	 120	 999000	 999	 1.841180e+02	 316.67	 316.67	 29.00	 27	 0.49	 
BMI_bf_133	 1	 1	 011.tif	 1.851017e+02	 12	 999000	 120	 999000	 999	 1.861180e+02	 316.67	 316.67	 22.00	 11	 0.60	 
