subjectID	 order	 runNum	 itemName	 onsetTime	 shuff_trialType	 RT	 respInTime	 AudioTime	 response	 fixationTime	 ladder1	 ladder2	 bidIndex	 itemNameIndex	 bidValue	 
BMI_bf_120	 2	 6	 020.tif	 9.719739e+02	 12	 999000	 120	 999000	 999	 9.729906e+02	 383.33	 383.33	 18.00	 20	 0.61	 
BMI_bf_120	 2	 6	 028.tif	 9.749742e+02	 24	 999000	 240	 999000	 999	 9.759905e+02	 383.33	 383.33	 31.00	 28	 0.48	 
BMI_bf_120	 2	 6	 108.tif	 9.789741e+02	 11	 1.021294e+03	 1100	 4.256186e+02	 98	 9.799905e+02	 333.33	 383.33	 14.00	 38	 0.65	 
BMI_bf_120	 2	 6	 101.tif	 9.809739e+02	 11	 9.654187e+02	 110	 3.764323e+02	 98	 9.819903e+02	 350.00	 383.33	 9.00	 31	 0.74	 
BMI_bf_120	 2	 6	 120.tif	 9.829740e+02	 22	 9.572097e+02	 220	 4.255374e+02	 98	 9.839904e+02	 350.00	 400.00	 41.00	 50	 0.41	 
BMI_bf_120	 2	 6	 130.tif	 9.869739e+02	 12	 999000	 120	 999000	 999	 9.879902e+02	 350.00	 400.00	 1.00	 60	 0.94	 
BMI_bf_120	 2	 6	 013.tif	 9.889739e+02	 12	 999000	 120	 999000	 999	 9.899902e+02	 350.00	 400.00	 29.00	 13	 0.49	 
BMI_bf_120	 2	 6	 009.tif	 9.939738e+02	 24	 999000	 240	 999000	 999	 9.949901e+02	 350.00	 400.00	 44.00	 9	 0.39	 
BMI_bf_120	 2	 6	 107.tif	 9.959737e+02	 24	 999000	 240	 999000	 999	 9.969901e+02	 350.00	 400.00	 53.00	 37	 0.26	 
BMI_bf_120	 2	 6	 002.tif	 9.989737e+02	 22	 1.044627e+03	 2200	 4.423258e+02	 98	 9.999900e+02	 350.00	 350.00	 51.00	 2	 0.30	 
BMI_bf_120	 2	 6	 019.tif	 1.001974e+03	 22	 9.645367e+02	 220	 3.920836e+02	 98	 1.002990e+03	 350.00	 366.67	 35.00	 19	 0.47	 
BMI_bf_120	 2	 6	 126.tif	 1.005974e+03	 12	 999000	 120	 999000	 999	 1.006990e+03	 350.00	 366.67	 2.00	 56	 0.81	 
BMI_bf_120	 2	 6	 121.tif	 1.008973e+03	 12	 999000	 120	 999000	 999	 1.009990e+03	 350.00	 366.67	 21.00	 51	 0.59	 
BMI_bf_120	 2	 6	 021.tif	 1.010973e+03	 22	 1.012135e+03	 2200	 4.086051e+02	 98	 1.011990e+03	 350.00	 316.67	 48.00	 21	 0.32	 
BMI_bf_120	 2	 6	 102.tif	 1.013973e+03	 11	 9.401687e+02	 110	 3.917576e+02	 98	 1.014990e+03	 366.67	 316.67	 8.00	 32	 0.74	 
BMI_bf_120	 2	 6	 007.tif	 1.017973e+03	 24	 999000	 240	 999000	 999	 1.018990e+03	 366.67	 316.67	 32.00	 7	 0.48	 
BMI_bf_120	 2	 6	 014.tif	 1.020973e+03	 24	 999000	 240	 999000	 999	 1.021990e+03	 366.67	 316.67	 47.00	 14	 0.35	 
BMI_bf_120	 2	 6	 129.tif	 1.022973e+03	 11	 1.027768e+03	 1100	 4.089293e+02	 98	 1.023989e+03	 316.67	 316.67	 11.00	 59	 0.72	 
BMI_bf_120	 2	 6	 115.tif	 1.024973e+03	 22	 9.157180e+02	 220	 3.579774e+02	 98	 1.025989e+03	 316.67	 333.33	 43.00	 45	 0.40	 
BMI_bf_120	 2	 6	 015.tif	 1.029973e+03	 24	 999000	 240	 999000	 999	 1.030989e+03	 316.67	 333.33	 36.00	 15	 0.46	 
BMI_bf_120	 2	 6	 124.tif	 1.033973e+03	 12	 999000	 120	 999000	 999	 1.034989e+03	 316.67	 333.33	 4.00	 54	 0.78	 
BMI_bf_120	 2	 6	 110.tif	 1.037973e+03	 11	 9.632813e+02	 110	 3.586195e+02	 98	 1.038989e+03	 333.33	 333.33	 17.00	 40	 0.62	 
BMI_bf_120	 2	 6	 011.tif	 1.043973e+03	 12	 999000	 120	 999000	 999	 1.044989e+03	 333.33	 333.33	 27.00	 11	 0.52	 
BMI_bf_120	 2	 6	 117.tif	 1.045973e+03	 22	 9.629818e+02	 220	 3.747769e+02	 98	 1.046989e+03	 333.33	 350.00	 54.00	 47	 0.24	 
BMI_bf_120	 2	 6	 106.tif	 1.047973e+03	 24	 999000	 240	 999000	 999	 1.048989e+03	 333.33	 350.00	 34.00	 36	 0.47	 
BMI_bf_120	 2	 6	 112.tif	 1.049973e+03	 22	 1.018846e+03	 2200	 3.920359e+02	 98	 1.050989e+03	 333.33	 300.00	 38.00	 42	 0.44	 
BMI_bf_120	 2	 6	 114.tif	 1.051973e+03	 12	 999000	 120	 999000	 999	 1.052989e+03	 333.33	 300.00	 24.00	 44	 0.55	 
BMI_bf_120	 2	 6	 116.tif	 1.055972e+03	 12	 999000	 120	 999000	 999	 1.056989e+03	 333.33	 300.00	 7.00	 46	 0.75	 
BMI_bf_120	 2	 6	 004.tif	 1.057972e+03	 24	 999000	 240	 999000	 999	 1.058989e+03	 333.33	 300.00	 57.00	 4	 0.20	 
BMI_bf_120	 2	 6	 127.tif	 1.061972e+03	 12	 999000	 120	 999000	 999	 1.062989e+03	 333.33	 300.00	 10.00	 57	 0.74	 
BMI_bf_120	 2	 6	 104.tif	 1.063972e+03	 12	 999000	 120	 999000	 999	 1.064989e+03	 333.33	 300.00	 15.00	 34	 0.64	 
BMI_bf_120	 2	 6	 025.tif	 1.065972e+03	 12	 999000	 120	 999000	 999	 1.066989e+03	 333.33	 300.00	 30.00	 25	 0.49	 
BMI_bf_120	 2	 6	 103.tif	 1.067972e+03	 11	 9.702267e+02	 110	 3.760287e+02	 98	 1.068989e+03	 350.00	 300.00	 19.00	 33	 0.60	 
BMI_bf_120	 2	 6	 122.tif	 1.072989e+03	 12	 999000	 120	 999000	 999	 1.074005e+03	 350.00	 300.00	 6.00	 52	 0.77	 
BMI_bf_120	 2	 6	 029.tif	 1.074989e+03	 24	 999000	 240	 999000	 999	 1.076005e+03	 350.00	 300.00	 45.00	 29	 0.38	 
BMI_bf_120	 2	 6	 026.tif	 1.076989e+03	 12	 999000	 120	 999000	 999	 1.078005e+03	 350.00	 300.00	 28.00	 26	 0.50	 
BMI_bf_120	 2	 6	 128.tif	 1.079989e+03	 12	 999000	 120	 999000	 999	 1.081005e+03	 350.00	 300.00	 12.00	 58	 0.71	 
BMI_bf_120	 2	 6	 001.tif	 1.086988e+03	 24	 999000	 240	 999000	 999	 1.088005e+03	 350.00	 300.00	 42.00	 1	 0.40	 
BMI_bf_120	 2	 6	 017.tif	 1.090988e+03	 24	 999000	 240	 999000	 999	 1.092005e+03	 350.00	 300.00	 50.00	 17	 0.32	 
BMI_bf_120	 2	 6	 109.tif	 1.097988e+03	 12	 999000	 120	 999000	 999	 1.099005e+03	 350.00	 300.00	 5.00	 39	 0.78	 
BMI_bf_120	 2	 6	 010.tif	 1.099988e+03	 12	 999000	 120	 999000	 999	 1.101005e+03	 350.00	 300.00	 20.00	 10	 0.59	 
BMI_bf_120	 2	 6	 008.tif	 1.103988e+03	 22	 8.962142e+02	 220	 3.423627e+02	 98	 1.105004e+03	 350.00	 316.67	 49.00	 8	 0.32	 
BMI_bf_120	 2	 6	 016.tif	 1.107988e+03	 22	 9.281095e+02	 220	 3.584085e+02	 98	 1.109004e+03	 350.00	 333.33	 40.00	 16	 0.42	 
BMI_bf_120	 2	 6	 018.tif	 1.109988e+03	 24	 999000	 240	 999000	 999	 1.111004e+03	 350.00	 333.33	 55.00	 18	 0.21	 
BMI_bf_120	 2	 6	 105.tif	 1.113988e+03	 24	 999000	 240	 999000	 999	 1.115004e+03	 350.00	 333.33	 56.00	 35	 0.21	 
BMI_bf_120	 2	 6	 005.tif	 1.115988e+03	 24	 999000	 240	 999000	 999	 1.117004e+03	 350.00	 333.33	 52.00	 5	 0.28	 
BMI_bf_120	 2	 6	 118.tif	 1.117988e+03	 11	 9.997359e+02	 110	 3.948284e+02	 98	 1.119004e+03	 366.67	 333.33	 23.00	 48	 0.57	 
BMI_bf_120	 2	 6	 024.tif	 1.123988e+03	 24	 999000	 240	 999000	 999	 1.125004e+03	 366.67	 333.33	 37.00	 24	 0.44	 
BMI_bf_120	 2	 6	 030.tif	 1.125987e+03	 12	 999000	 120	 999000	 999	 1.127004e+03	 366.67	 333.33	 25.00	 30	 0.54	 
BMI_bf_120	 2	 6	 111.tif	 1.128987e+03	 12	 999000	 120	 999000	 999	 1.130004e+03	 366.67	 333.33	 3.00	 41	 0.80	 
BMI_bf_120	 2	 6	 023.tif	 1.131987e+03	 24	 999000	 240	 999000	 999	 1.133004e+03	 366.67	 333.33	 60.00	 23	 0.10	 
BMI_bf_120	 2	 6	 022.tif	 1.133987e+03	 24	 999000	 240	 999000	 999	 1.135004e+03	 366.67	 333.33	 39.00	 22	 0.43	 
BMI_bf_120	 2	 6	 113.tif	 1.135987e+03	 11	 9.830870e+02	 110	 4.096788e+02	 98	 1.137004e+03	 383.33	 333.33	 22.00	 43	 0.59	 
BMI_bf_120	 2	 6	 003.tif	 1.137987e+03	 11	 1.030986e+03	 1100	 4.238048e+02	 98	 1.139004e+03	 333.33	 333.33	 16.00	 3	 0.63	 
BMI_bf_120	 2	 6	 027.tif	 1.143987e+03	 11	 9.989517e+02	 110	 3.765838e+02	 98	 1.145004e+03	 350.00	 333.33	 26.00	 27	 0.54	 
BMI_bf_120	 2	 6	 125.tif	 1.145987e+03	 22	 9.507935e+02	 220	 3.750344e+02	 98	 1.147004e+03	 350.00	 350.00	 46.00	 55	 0.37	 
BMI_bf_120	 2	 6	 006.tif	 1.147987e+03	 24	 999000	 240	 999000	 999	 1.149003e+03	 350.00	 350.00	 59.00	 6	 0.15	 
BMI_bf_120	 2	 6	 119.tif	 1.149987e+03	 12	 999000	 120	 999000	 999	 1.151003e+03	 350.00	 350.00	 13.00	 49	 0.69	 
BMI_bf_120	 2	 6	 012.tif	 1.152987e+03	 24	 999000	 240	 999000	 999	 1.154003e+03	 350.00	 350.00	 58.00	 12	 0.15	 
BMI_bf_120	 2	 6	 123.tif	 1.155987e+03	 24	 999000	 240	 999000	 999	 1.157003e+03	 350.00	 350.00	 33.00	 53	 0.47	 
