subjectID	 order	 runNum	 itemName	 onsetTime	 shuff_trialType	 RT	 respInTime	 AudioTime	 response	 fixationTime	 ladder1	 ladder2	 bidIndex	 itemNameIndex	 bidValue	 
BMI_bf_133	 1	 6	 015.tif	 9.781231e+02	 22	 9.500086e+02	 220	 3.595224e+02	 98	 9.791397e+02	 250.00	 333.33	 37.00	 15	 0.42	 
BMI_bf_133	 1	 6	 023.tif	 9.811233e+02	 24	 999000	 240	 999000	 999	 9.821397e+02	 250.00	 333.33	 43.00	 23	 0.36	 
BMI_bf_133	 1	 6	 022.tif	 9.851232e+02	 11	 9.255346e+02	 110	 2.923103e+02	 98	 9.861396e+02	 266.67	 333.33	 15.00	 22	 0.69	 
BMI_bf_133	 1	 6	 005.tif	 9.871232e+02	 24	 999000	 240	 999000	 999	 9.881396e+02	 266.67	 333.33	 35.00	 5	 0.43	 
BMI_bf_133	 1	 6	 120.tif	 9.891232e+02	 12	 999000	 120	 999000	 999	 9.901395e+02	 266.67	 333.33	 16.00	 50	 0.66	 
BMI_bf_133	 1	 6	 024.tif	 9.931231e+02	 24	 999000	 240	 999000	 999	 9.941395e+02	 266.67	 333.33	 57.00	 24	 0.18	 
BMI_bf_133	 1	 6	 003.tif	 9.951231e+02	 22	 9.651701e+02	 220	 3.749280e+02	 98	 9.961394e+02	 266.67	 350.00	 39.00	 3	 0.40	 
BMI_bf_133	 1	 6	 102.tif	 1.000123e+03	 12	 999000	 120	 999000	 999	 1.001139e+03	 266.67	 350.00	 5.00	 32	 0.85	 
BMI_bf_133	 1	 6	 008.tif	 1.002123e+03	 24	 999000	 240	 999000	 999	 1.003139e+03	 266.67	 350.00	 56.00	 8	 0.18	 
BMI_bf_133	 1	 6	 101.tif	 1.005123e+03	 12	 999000	 120	 999000	 999	 1.006139e+03	 266.67	 350.00	 26.00	 31	 0.53	 
BMI_bf_133	 1	 6	 109.tif	 1.008123e+03	 11	 9.407177e+02	 110	 3.102929e+02	 98	 1.009139e+03	 283.33	 350.00	 20.00	 39	 0.63	 
BMI_bf_133	 1	 6	 105.tif	 1.012123e+03	 12	 999000	 120	 999000	 999	 1.013139e+03	 283.33	 350.00	 30.00	 35	 0.48	 
BMI_bf_133	 1	 6	 028.tif	 1.015123e+03	 11	 9.004516e+02	 110	 3.248874e+02	 98	 1.016139e+03	 300.00	 350.00	 24.00	 28	 0.57	 
BMI_bf_133	 1	 6	 103.tif	 1.017123e+03	 12	 999000	 120	 999000	 999	 1.018139e+03	 300.00	 350.00	 19.00	 33	 0.64	 
BMI_bf_133	 1	 6	 011.tif	 1.020123e+03	 12	 999000	 120	 999000	 999	 1.021139e+03	 300.00	 350.00	 22.00	 11	 0.60	 
BMI_bf_133	 1	 6	 006.tif	 1.024123e+03	 24	 999000	 240	 999000	 999	 1.025139e+03	 300.00	 350.00	 60.00	 6	 0.09	 
BMI_bf_133	 1	 6	 118.tif	 1.027123e+03	 11	 9.640294e+02	 110	 3.424007e+02	 98	 1.028139e+03	 316.67	 350.00	 21.00	 48	 0.60	 
BMI_bf_133	 1	 6	 027.tif	 1.029123e+03	 12	 999000	 120	 999000	 999	 1.030139e+03	 316.67	 350.00	 29.00	 27	 0.49	 
BMI_bf_133	 1	 6	 128.tif	 1.031123e+03	 11	 9.718852e+02	 110	 3.576019e+02	 98	 1.032139e+03	 333.33	 350.00	 25.00	 58	 0.53	 
BMI_bf_133	 1	 6	 007.tif	 1.036122e+03	 24	 999000	 240	 999000	 999	 1.037139e+03	 333.33	 350.00	 59.00	 7	 0.09	 
BMI_bf_133	 1	 6	 012.tif	 1.040122e+03	 24	 999000	 240	 999000	 999	 1.041139e+03	 333.33	 350.00	 31.00	 12	 0.48	 
BMI_bf_133	 1	 6	 116.tif	 1.044122e+03	 11	 9.954127e+02	 110	 3.756824e+02	 98	 1.045139e+03	 350.00	 350.00	 10.00	 46	 0.78	 
BMI_bf_133	 1	 6	 126.tif	 1.050122e+03	 24	 999000	 240	 999000	 999	 1.051139e+03	 350.00	 350.00	 32.00	 56	 0.47	 
BMI_bf_133	 1	 6	 010.tif	 1.052122e+03	 24	 999000	 240	 999000	 999	 1.053139e+03	 350.00	 350.00	 46.00	 10	 0.32	 
BMI_bf_133	 1	 6	 017.tif	 1.054122e+03	 24	 999000	 240	 999000	 999	 1.055139e+03	 350.00	 350.00	 54.00	 17	 0.23	 
BMI_bf_133	 1	 6	 111.tif	 1.056122e+03	 12	 999000	 120	 999000	 999	 1.057139e+03	 350.00	 350.00	 2.00	 41	 0.88	 
BMI_bf_133	 1	 6	 016.tif	 1.058122e+03	 22	 9.148956e+02	 220	 3.929758e+02	 98	 1.059138e+03	 350.00	 366.67	 42.00	 16	 0.37	 
BMI_bf_133	 1	 6	 026.tif	 1.062122e+03	 24	 999000	 240	 999000	 999	 1.063138e+03	 350.00	 366.67	 38.00	 26	 0.42	 
BMI_bf_133	 1	 6	 013.tif	 1.064122e+03	 24	 999000	 240	 999000	 999	 1.065138e+03	 350.00	 366.67	 48.00	 13	 0.27	 
BMI_bf_133	 1	 6	 104.tif	 1.068122e+03	 11	 9.464965e+02	 110	 3.928599e+02	 98	 1.069138e+03	 366.67	 366.67	 18.00	 34	 0.65	 
BMI_bf_133	 1	 6	 119.tif	 1.070122e+03	 12	 999000	 120	 999000	 999	 1.071138e+03	 366.67	 366.67	 14.00	 49	 0.72	 
BMI_bf_133	 1	 6	 124.tif	 1.072122e+03	 22	 9.783782e+02	 220	 4.079712e+02	 98	 1.073138e+03	 366.67	 383.33	 52.00	 54	 0.24	 
BMI_bf_133	 1	 6	 021.tif	 1.074122e+03	 24	 999000	 240	 999000	 999	 1.075138e+03	 366.67	 383.33	 58.00	 21	 0.16	 
BMI_bf_133	 1	 6	 001.tif	 1.079122e+03	 24	 999000	 240	 999000	 999	 1.080138e+03	 366.67	 383.33	 34.00	 1	 0.43	 
BMI_bf_133	 1	 6	 002.tif	 1.081122e+03	 24	 999000	 240	 999000	 999	 1.082138e+03	 366.67	 383.33	 41.00	 2	 0.37	 
BMI_bf_133	 1	 6	 121.tif	 1.083122e+03	 12	 999000	 120	 999000	 999	 1.084138e+03	 366.67	 383.33	 8.00	 51	 0.80	 
BMI_bf_133	 1	 6	 018.tif	 1.086122e+03	 12	 999000	 120	 999000	 999	 1.087138e+03	 366.67	 383.33	 28.00	 18	 0.49	 
BMI_bf_133	 1	 6	 009.tif	 1.093122e+03	 24	 999000	 240	 999000	 999	 1.094138e+03	 366.67	 383.33	 51.00	 9	 0.25	 
BMI_bf_133	 1	 6	 117.tif	 1.097122e+03	 12	 999000	 120	 999000	 999	 1.098138e+03	 366.67	 383.33	 4.00	 47	 0.85	 
BMI_bf_133	 1	 6	 029.tif	 1.104121e+03	 22	 1.041247e+03	 2200	 4.253942e+02	 98	 1.105138e+03	 366.67	 333.33	 50.00	 29	 0.26	 
BMI_bf_133	 1	 6	 114.tif	 1.106121e+03	 12	 999000	 120	 999000	 999	 1.107138e+03	 366.67	 333.33	 23.00	 44	 0.58	 
BMI_bf_133	 1	 6	 014.tif	 1.110121e+03	 22	 9.930328e+02	 220	 3.756012e+02	 98	 1.111138e+03	 366.67	 350.00	 36.00	 14	 0.43	 
BMI_bf_133	 1	 6	 129.tif	 1.114121e+03	 24	 999000	 240	 999000	 999	 1.115138e+03	 366.67	 350.00	 40.00	 59	 0.39	 
BMI_bf_133	 1	 6	 122.tif	 1.116121e+03	 12	 999000	 120	 999000	 999	 1.117138e+03	 366.67	 350.00	 6.00	 52	 0.85	 
BMI_bf_133	 1	 6	 130.tif	 1.120121e+03	 11	 9.527142e+02	 110	 4.089939e+02	 98	 1.121138e+03	 383.33	 350.00	 7.00	 60	 0.81	 
BMI_bf_133	 1	 6	 004.tif	 1.122121e+03	 24	 999000	 240	 999000	 999	 1.123138e+03	 383.33	 350.00	 49.00	 4	 0.26	 
BMI_bf_133	 1	 6	 123.tif	 1.124121e+03	 12	 999000	 120	 999000	 999	 1.125138e+03	 383.33	 350.00	 17.00	 53	 0.65	 
BMI_bf_133	 1	 6	 107.tif	 1.130121e+03	 24	 999000	 240	 999000	 999	 1.131137e+03	 383.33	 350.00	 55.00	 37	 0.19	 
BMI_bf_133	 1	 6	 113.tif	 1.132121e+03	 12	 999000	 120	 999000	 999	 1.133137e+03	 383.33	 350.00	 3.00	 43	 0.88	 
BMI_bf_133	 1	 6	 115.tif	 1.135121e+03	 12	 999000	 120	 999000	 999	 1.136137e+03	 383.33	 350.00	 9.00	 45	 0.78	 
BMI_bf_133	 1	 6	 020.tif	 1.138121e+03	 22	 9.680495e+02	 220	 3.921203e+02	 98	 1.139137e+03	 383.33	 366.67	 44.00	 20	 0.33	 
BMI_bf_133	 1	 6	 106.tif	 1.140121e+03	 24	 999000	 240	 999000	 999	 1.141137e+03	 383.33	 366.67	 33.00	 36	 0.46	 
BMI_bf_133	 1	 6	 127.tif	 1.142121e+03	 12	 999000	 120	 999000	 999	 1.143137e+03	 383.33	 366.67	 27.00	 57	 0.52	 
BMI_bf_133	 1	 6	 108.tif	 1.144121e+03	 11	 9.837962e+02	 110	 4.261585e+02	 98	 1.145137e+03	 400.00	 366.67	 13.00	 38	 0.74	 
BMI_bf_133	 1	 6	 112.tif	 1.150121e+03	 11	 9.995747e+02	 110	 4.428567e+02	 98	 1.151137e+03	 416.67	 366.67	 12.00	 42	 0.75	 
BMI_bf_133	 1	 6	 019.tif	 1.152121e+03	 22	 9.997510e+02	 220	 4.092086e+02	 98	 1.153137e+03	 416.67	 383.33	 45.00	 19	 0.33	 
BMI_bf_133	 1	 6	 030.tif	 1.154121e+03	 12	 999000	 120	 999000	 999	 1.155137e+03	 416.67	 383.33	 11.00	 30	 0.76	 
BMI_bf_133	 1	 6	 125.tif	 1.156121e+03	 22	 9.833598e+02	 220	 4.249142e+02	 98	 1.157137e+03	 416.67	 400.00	 47.00	 55	 0.27	 
BMI_bf_133	 1	 6	 025.tif	 1.159121e+03	 22	 9.832946e+02	 220	 4.423176e+02	 98	 1.160137e+03	 416.67	 416.67	 53.00	 25	 0.24	 
BMI_bf_133	 1	 6	 110.tif	 1.162121e+03	 12	 999000	 120	 999000	 999	 1.163137e+03	 416.67	 416.67	 1.00	 40	 0.90	 
