subjectID	 order	 runNum	 itemName	 onsetTime	 shuff_trialType	 RT	 respInTime	 AudioTime	 response	 fixationTime	 ladder1	 ladder2	 bidIndex	 itemNameIndex	 bidValue	 
BMI_bf_115	 1	 9	 008.tif	 1.563027e+03	 12	 999000	 120	 999000	 999	 1.564044e+03	 216.67	 283.33	 28.00	 8	 0.52	 
BMI_bf_115	 1	 9	 122.tif	 1.566027e+03	 11	 8.196495e+02	 110	 2.600159e+02	 98	 1.567044e+03	 233.33	 283.33	 21.00	 52	 0.64	 
BMI_bf_115	 1	 9	 121.tif	 1.568027e+03	 12	 999000	 120	 999000	 999	 1.569044e+03	 233.33	 283.33	 5.00	 51	 0.86	 
BMI_bf_115	 1	 9	 114.tif	 1.570027e+03	 11	 9.075681e+02	 110	 2.767584e+02	 98	 1.571044e+03	 250.00	 283.33	 10.00	 44	 0.78	 
BMI_bf_115	 1	 9	 111.tif	 1.572027e+03	 12	 999000	 120	 999000	 999	 1.573044e+03	 250.00	 283.33	 6.00	 41	 0.85	 
BMI_bf_115	 1	 9	 106.tif	 1.575027e+03	 12	 999000	 120	 999000	 999	 1.576044e+03	 250.00	 283.33	 23.00	 36	 0.63	 
BMI_bf_115	 1	 9	 023.tif	 1.577027e+03	 22	 9.393360e+02	 220	 3.263656e+02	 98	 1.578043e+03	 250.00	 300.00	 44.00	 23	 0.31	 
BMI_bf_115	 1	 9	 012.tif	 1.581027e+03	 24	 999000	 240	 999000	 999	 1.582043e+03	 250.00	 300.00	 35.00	 12	 0.43	 
BMI_bf_115	 1	 9	 028.tif	 1.583027e+03	 22	 9.790822e+02	 220	 3.433623e+02	 98	 1.584043e+03	 250.00	 316.67	 37.00	 28	 0.42	 
BMI_bf_115	 1	 9	 119.tif	 1.588027e+03	 11	 8.428668e+02	 110	 2.931005e+02	 98	 1.589043e+03	 266.67	 316.67	 24.00	 49	 0.60	 
BMI_bf_115	 1	 9	 013.tif	 1.590027e+03	 24	 999000	 240	 999000	 999	 1.591043e+03	 266.67	 316.67	 38.00	 13	 0.40	 
BMI_bf_115	 1	 9	 002.tif	 1.594027e+03	 11	 1.026686e+03	 1100	 3.085955e+02	 98	 1.595043e+03	 216.67	 316.67	 25.00	 2	 0.53	 
BMI_bf_115	 1	 9	 007.tif	 1.596026e+03	 24	 999000	 240	 999000	 999	 1.597043e+03	 216.67	 316.67	 34.00	 7	 0.46	 
BMI_bf_115	 1	 9	 125.tif	 1.599026e+03	 24	 999000	 240	 999000	 999	 1.600043e+03	 216.67	 316.67	 40.00	 55	 0.39	 
BMI_bf_115	 1	 9	 109.tif	 1.604026e+03	 12	 999000	 120	 999000	 999	 1.605043e+03	 216.67	 316.67	 1.00	 39	 0.92	 
BMI_bf_115	 1	 9	 120.tif	 1.606026e+03	 12	 999000	 120	 999000	 999	 1.607042e+03	 216.67	 316.67	 16.00	 50	 0.69	 
BMI_bf_115	 1	 9	 116.tif	 1.608026e+03	 12	 999000	 120	 999000	 999	 1.609042e+03	 216.67	 316.67	 14.00	 46	 0.73	 
BMI_bf_115	 1	 9	 129.tif	 1.612026e+03	 24	 999000	 240	 999000	 999	 1.613042e+03	 216.67	 316.67	 41.00	 59	 0.34	 
BMI_bf_115	 1	 9	 019.tif	 1.616026e+03	 22	 1.009824e+03	 2200	 3.602151e+02	 98	 1.617042e+03	 216.67	 266.67	 50.00	 19	 0.26	 
BMI_bf_115	 1	 9	 101.tif	 1.620026e+03	 24	 999000	 240	 999000	 999	 1.621042e+03	 216.67	 266.67	 46.00	 31	 0.29	 
BMI_bf_115	 1	 9	 006.tif	 1.622026e+03	 24	 999000	 240	 999000	 999	 1.623042e+03	 216.67	 266.67	 60.00	 6	 0.06	 
BMI_bf_115	 1	 9	 011.tif	 1.624026e+03	 12	 999000	 120	 999000	 999	 1.625042e+03	 216.67	 266.67	 29.00	 11	 0.51	 
BMI_bf_115	 1	 9	 027.tif	 1.626025e+03	 22	 8.895662e+02	 220	 3.093700e+02	 98	 1.627042e+03	 216.67	 283.33	 36.00	 27	 0.42	 
BMI_bf_115	 1	 9	 108.tif	 1.628025e+03	 22	 9.694649e+02	 220	 3.248729e+02	 98	 1.629042e+03	 216.67	 300.00	 39.00	 38	 0.40	 
BMI_bf_115	 1	 9	 102.tif	 1.634025e+03	 12	 999000	 120	 999000	 999	 1.635042e+03	 216.67	 300.00	 11.00	 32	 0.76	 
BMI_bf_115	 1	 9	 015.tif	 1.637025e+03	 22	 9.931476e+02	 220	 3.422931e+02	 98	 1.638041e+03	 216.67	 316.67	 47.00	 15	 0.29	 
BMI_bf_115	 1	 9	 017.tif	 1.639025e+03	 24	 999000	 240	 999000	 999	 1.640041e+03	 216.67	 316.67	 51.00	 17	 0.22	 
BMI_bf_115	 1	 9	 117.tif	 1.641025e+03	 24	 999000	 240	 999000	 999	 1.642041e+03	 216.67	 316.67	 48.00	 47	 0.27	 
BMI_bf_115	 1	 9	 124.tif	 1.644025e+03	 24	 999000	 240	 999000	 999	 1.645041e+03	 216.67	 316.67	 49.00	 54	 0.26	 
BMI_bf_115	 1	 9	 030.tif	 1.646025e+03	 22	 1.024819e+03	 2200	 3.595347e+02	 98	 1.647041e+03	 216.67	 266.67	 42.00	 30	 0.33	 
BMI_bf_115	 1	 9	 004.tif	 1.648025e+03	 12	 999000	 120	 999000	 999	 1.649041e+03	 216.67	 266.67	 27.00	 4	 0.52	 
BMI_bf_115	 1	 9	 105.tif	 1.650025e+03	 11	 8.886757e+02	 110	 2.587897e+02	 98	 1.651041e+03	 233.33	 266.67	 15.00	 35	 0.71	 
BMI_bf_115	 1	 9	 130.tif	 1.653025e+03	 12	 999000	 120	 999000	 999	 1.654041e+03	 233.33	 266.67	 2.00	 60	 0.92	 
BMI_bf_115	 1	 9	 003.tif	 1.655025e+03	 22	 8.724252e+02	 220	 3.087962e+02	 98	 1.656041e+03	 233.33	 283.33	 45.00	 3	 0.29	 
BMI_bf_115	 1	 9	 123.tif	 1.657025e+03	 11	 8.564239e+02	 110	 2.756443e+02	 98	 1.658041e+03	 250.00	 283.33	 12.00	 53	 0.76	 
BMI_bf_115	 1	 9	 115.tif	 1.659024e+03	 12	 999000	 120	 999000	 999	 1.660041e+03	 250.00	 283.33	 9.00	 45	 0.78	 
BMI_bf_115	 1	 9	 021.tif	 1.661024e+03	 22	 8.643672e+02	 220	 3.246205e+02	 98	 1.662041e+03	 250.00	 300.00	 53.00	 21	 0.19	 
BMI_bf_115	 1	 9	 029.tif	 1.667024e+03	 24	 999000	 240	 999000	 999	 1.668040e+03	 250.00	 300.00	 57.00	 29	 0.15	 
BMI_bf_115	 1	 9	 026.tif	 1.670024e+03	 24	 999000	 240	 999000	 999	 1.671040e+03	 250.00	 300.00	 54.00	 26	 0.19	 
BMI_bf_115	 1	 9	 005.tif	 1.674024e+03	 12	 999000	 120	 999000	 999	 1.675040e+03	 250.00	 300.00	 4.00	 5	 0.86	 
BMI_bf_115	 1	 9	 009.tif	 1.680024e+03	 24	 999000	 240	 999000	 999	 1.681040e+03	 250.00	 300.00	 31.00	 9	 0.49	 
BMI_bf_115	 1	 9	 103.tif	 1.682024e+03	 11	 1.239504e+03	 1100	 2.918864e+02	 98	 1.683040e+03	 200.00	 300.00	 13.00	 33	 0.75	 
BMI_bf_115	 1	 9	 126.tif	 1.687024e+03	 12	 999000	 120	 999000	 999	 1.688040e+03	 200.00	 300.00	 8.00	 56	 0.83	 
BMI_bf_115	 1	 9	 107.tif	 1.690023e+03	 24	 999000	 240	 999000	 999	 1.691040e+03	 200.00	 300.00	 58.00	 37	 0.11	 
BMI_bf_115	 1	 9	 024.tif	 1.692023e+03	 24	 999000	 240	 999000	 999	 1.693040e+03	 200.00	 300.00	 32.00	 24	 0.49	 
BMI_bf_115	 1	 9	 016.tif	 1.695023e+03	 11	 8.470780e+02	 110	 2.426777e+02	 98	 1.696040e+03	 216.67	 300.00	 20.00	 16	 0.65	 
BMI_bf_115	 1	 9	 022.tif	 1.697023e+03	 24	 999000	 240	 999000	 999	 1.698040e+03	 216.67	 300.00	 55.00	 22	 0.17	 
BMI_bf_115	 1	 9	 113.tif	 1.701023e+03	 11	 9.348568e+02	 110	 2.581081e+02	 98	 1.702039e+03	 233.33	 300.00	 7.00	 43	 0.83	 
BMI_bf_115	 1	 9	 001.tif	 1.705023e+03	 24	 999000	 240	 999000	 999	 1.706039e+03	 233.33	 300.00	 59.00	 1	 0.07	 
BMI_bf_115	 1	 9	 118.tif	 1.707023e+03	 12	 999000	 120	 999000	 999	 1.708039e+03	 233.33	 300.00	 22.00	 48	 0.63	 
BMI_bf_115	 1	 9	 020.tif	 1.714023e+03	 22	 1.006303e+03	 2200	 3.426216e+02	 98	 1.715039e+03	 233.33	 250.00	 52.00	 20	 0.21	 
BMI_bf_115	 1	 9	 010.tif	 1.716023e+03	 11	 9.502827e+02	 110	 2.751689e+02	 98	 1.717039e+03	 250.00	 250.00	 18.00	 10	 0.67	 
BMI_bf_115	 1	 9	 112.tif	 1.719023e+03	 24	 999000	 240	 999000	 999	 1.720039e+03	 250.00	 250.00	 43.00	 42	 0.33	 
BMI_bf_115	 1	 9	 128.tif	 1.723022e+03	 12	 999000	 120	 999000	 999	 1.724039e+03	 250.00	 250.00	 30.00	 58	 0.50	 
BMI_bf_115	 1	 9	 104.tif	 1.727022e+03	 12	 999000	 120	 999000	 999	 1.728039e+03	 250.00	 250.00	 19.00	 34	 0.66	 
BMI_bf_115	 1	 9	 014.tif	 1.731022e+03	 12	 999000	 120	 999000	 999	 1.732038e+03	 250.00	 250.00	 26.00	 14	 0.53	 
BMI_bf_115	 1	 9	 110.tif	 1.734022e+03	 12	 999000	 120	 999000	 999	 1.735038e+03	 250.00	 250.00	 17.00	 40	 0.68	 
BMI_bf_115	 1	 9	 025.tif	 1.736022e+03	 24	 999000	 240	 999000	 999	 1.737038e+03	 250.00	 250.00	 33.00	 25	 0.47	 
BMI_bf_115	 1	 9	 018.tif	 1.740022e+03	 24	 999000	 240	 999000	 999	 1.741038e+03	 250.00	 250.00	 56.00	 18	 0.15	 
BMI_bf_115	 1	 9	 127.tif	 1.747022e+03	 12	 999000	 120	 999000	 999	 1.748038e+03	 250.00	 250.00	 3.00	 57	 0.86	 
