subjectID	 order	 runNum	 itemName	 onsetTime	 shuff_trialType	 RT	 respInTime	 AudioTime	 response	 fixationTime	 ladder1	 ladder2	 bidIndex	 itemNameIndex	 bidValue	 
BMI_bf_109	 1	 11	 128.tif	 2.016661e+03	 24	 999000	 240	 999000	 999	 2.017678e+03	 416.67	 416.67	 32.00	 58	 0.48	 
BMI_bf_109	 1	 11	 003.tif	 2.021661e+03	 12	 999000	 120	 999000	 999	 2.022678e+03	 416.67	 416.67	 29.00	 3	 0.54	 
BMI_bf_109	 1	 11	 109.tif	 2.023661e+03	 12	 999000	 120	 999000	 999	 2.024678e+03	 416.67	 416.67	 22.00	 39	 0.65	 
BMI_bf_109	 1	 11	 115.tif	 2.025661e+03	 12	 999000	 120	 999000	 999	 2.026678e+03	 416.67	 416.67	 11.00	 45	 0.72	 
BMI_bf_109	 1	 11	 030.tif	 2.031661e+03	 11	 9.564257e+02	 110	 4.596767e+02	 98	 2.032678e+03	 433.33	 416.67	 21.00	 30	 0.65	 
BMI_bf_109	 1	 11	 012.tif	 2.033661e+03	 24	 999000	 240	 999000	 999	 2.034678e+03	 433.33	 416.67	 56.00	 12	 0.15	 
BMI_bf_109	 1	 11	 019.tif	 2.036661e+03	 24	 999000	 240	 999000	 999	 2.037678e+03	 433.33	 416.67	 55.00	 19	 0.16	 
BMI_bf_109	 1	 11	 107.tif	 2.038661e+03	 24	 999000	 240	 999000	 999	 2.039677e+03	 433.33	 416.67	 58.00	 37	 0.14	 
BMI_bf_109	 1	 11	 023.tif	 2.042661e+03	 22	 9.640760e+02	 220	 4.585318e+02	 98	 2.043678e+03	 433.33	 433.33	 50.00	 23	 0.23	 
BMI_bf_109	 1	 11	 103.tif	 2.044661e+03	 12	 999000	 120	 999000	 999	 2.045677e+03	 433.33	 433.33	 6.00	 33	 0.80	 
BMI_bf_109	 1	 11	 015.tif	 2.049661e+03	 22	 9.957755e+02	 220	 4.754181e+02	 98	 2.050677e+03	 433.33	 450.00	 44.00	 15	 0.30	 
BMI_bf_109	 1	 11	 020.tif	 2.056661e+03	 12	 999000	 120	 999000	 999	 2.057677e+03	 433.33	 450.00	 23.00	 20	 0.65	 
BMI_bf_109	 1	 11	 112.tif	 2.058661e+03	 24	 999000	 240	 999000	 999	 2.059677e+03	 433.33	 450.00	 41.00	 42	 0.39	 
BMI_bf_109	 1	 11	 028.tif	 2.061661e+03	 12	 999000	 120	 999000	 999	 2.062677e+03	 433.33	 450.00	 1.00	 28	 0.93	 
BMI_bf_109	 1	 11	 007.tif	 2.064661e+03	 24	 999000	 240	 999000	 999	 2.065677e+03	 433.33	 450.00	 48.00	 7	 0.29	 
BMI_bf_109	 1	 11	 004.tif	 2.068661e+03	 24	 999000	 240	 999000	 999	 2.069677e+03	 433.33	 450.00	 59.00	 4	 0.12	 
BMI_bf_109	 1	 11	 013.tif	 2.072661e+03	 22	 1.003031e+03	 2200	 4.954486e+02	 98	 2.073677e+03	 433.33	 400.00	 47.00	 13	 0.29	 
BMI_bf_109	 1	 11	 118.tif	 2.076661e+03	 12	 999000	 120	 999000	 999	 2.077677e+03	 433.33	 400.00	 27.00	 48	 0.61	 
BMI_bf_109	 1	 11	 005.tif	 2.079661e+03	 24	 999000	 240	 999000	 999	 2.080677e+03	 433.33	 400.00	 31.00	 5	 0.48	 
BMI_bf_109	 1	 11	 021.tif	 2.085661e+03	 24	 999000	 240	 999000	 999	 2.086677e+03	 433.33	 400.00	 38.00	 21	 0.41	 
BMI_bf_109	 1	 11	 130.tif	 2.087661e+03	 12	 999000	 120	 999000	 999	 2.088677e+03	 433.33	 400.00	 26.00	 60	 0.63	 
BMI_bf_109	 1	 11	 124.tif	 2.090661e+03	 12	 999000	 120	 999000	 999	 2.091677e+03	 433.33	 400.00	 9.00	 54	 0.74	 
BMI_bf_109	 1	 11	 008.tif	 2.092660e+03	 22	 9.463210e+02	 220	 4.417738e+02	 98	 2.093677e+03	 433.33	 416.67	 39.00	 8	 0.39	 
BMI_bf_109	 1	 11	 125.tif	 2.094660e+03	 22	 9.464761e+02	 220	 4.588077e+02	 98	 2.095677e+03	 433.33	 433.33	 52.00	 55	 0.20	 
BMI_bf_109	 1	 11	 120.tif	 2.096660e+03	 24	 999000	 240	 999000	 999	 2.097677e+03	 433.33	 433.33	 60.00	 50	 0.12	 
BMI_bf_109	 1	 11	 101.tif	 2.099660e+03	 22	 9.940395e+02	 220	 4.756674e+02	 98	 2.100677e+03	 433.33	 450.00	 36.00	 31	 0.42	 
BMI_bf_109	 1	 11	 117.tif	 2.103660e+03	 22	 9.619202e+02	 220	 4.910985e+02	 98	 2.104677e+03	 433.33	 466.67	 45.00	 47	 0.30	 
BMI_bf_109	 1	 11	 121.tif	 2.105660e+03	 11	 9.778130e+02	 110	 4.752813e+02	 98	 2.106677e+03	 450.00	 466.67	 7.00	 51	 0.75	 
BMI_bf_109	 1	 11	 116.tif	 2.107660e+03	 12	 999000	 120	 999000	 999	 2.108677e+03	 450.00	 466.67	 19.00	 46	 0.66	 
BMI_bf_109	 1	 11	 119.tif	 2.109660e+03	 11	 9.936902e+02	 110	 4.914622e+02	 98	 2.110677e+03	 466.67	 466.67	 25.00	 49	 0.64	 
BMI_bf_109	 1	 11	 113.tif	 2.111660e+03	 11	 9.856623e+02	 110	 5.071233e+02	 98	 2.112677e+03	 483.33	 466.67	 20.00	 43	 0.65	 
BMI_bf_109	 1	 11	 102.tif	 2.113660e+03	 12	 999000	 120	 999000	 999	 2.114677e+03	 483.33	 466.67	 5.00	 32	 0.80	 
BMI_bf_109	 1	 11	 025.tif	 2.117660e+03	 11	 1.025433e+03	 1100	 5.245282e+02	 98	 2.118677e+03	 433.33	 466.67	 12.00	 25	 0.72	 
BMI_bf_109	 1	 11	 010.tif	 2.121660e+03	 11	 9.773029e+02	 110	 4.756813e+02	 98	 2.122676e+03	 450.00	 466.67	 24.00	 10	 0.64	 
BMI_bf_109	 1	 11	 018.tif	 2.123660e+03	 24	 999000	 240	 999000	 999	 2.124676e+03	 450.00	 466.67	 35.00	 18	 0.45	 
BMI_bf_109	 1	 11	 009.tif	 2.125660e+03	 22	 1.017125e+03	 2200	 5.104404e+02	 98	 2.126676e+03	 450.00	 416.67	 53.00	 9	 0.18	 
BMI_bf_109	 1	 11	 017.tif	 2.127660e+03	 22	 9.450849e+02	 220	 4.578958e+02	 98	 2.128676e+03	 450.00	 433.33	 42.00	 17	 0.35	 
BMI_bf_109	 1	 11	 029.tif	 2.129660e+03	 24	 999000	 240	 999000	 999	 2.130676e+03	 450.00	 433.33	 33.00	 29	 0.46	 
BMI_bf_109	 1	 11	 122.tif	 2.135660e+03	 24	 999000	 240	 999000	 999	 2.136676e+03	 450.00	 433.33	 34.00	 52	 0.46	 
BMI_bf_109	 1	 11	 105.tif	 2.137660e+03	 12	 999000	 120	 999000	 999	 2.138676e+03	 450.00	 433.33	 28.00	 35	 0.58	 
BMI_bf_109	 1	 11	 014.tif	 2.139660e+03	 11	 1.040636e+03	 1100	 4.928517e+02	 98	 2.140676e+03	 400.00	 433.33	 13.00	 14	 0.71	 
BMI_bf_109	 1	 11	 104.tif	 2.141660e+03	 11	 9.445889e+02	 110	 4.414022e+02	 98	 2.142676e+03	 416.67	 433.33	 10.00	 34	 0.74	 
BMI_bf_109	 1	 11	 123.tif	 2.144660e+03	 11	 9.764824e+02	 110	 4.591814e+02	 98	 2.145676e+03	 433.33	 433.33	 18.00	 53	 0.67	 
BMI_bf_109	 1	 11	 127.tif	 2.146660e+03	 12	 999000	 120	 999000	 999	 2.147676e+03	 433.33	 433.33	 17.00	 57	 0.68	 
BMI_bf_109	 1	 11	 022.tif	 2.153660e+03	 24	 999000	 240	 999000	 999	 2.154676e+03	 433.33	 433.33	 40.00	 22	 0.39	 
BMI_bf_109	 1	 11	 114.tif	 2.155660e+03	 12	 999000	 120	 999000	 999	 2.156676e+03	 433.33	 433.33	 16.00	 44	 0.68	 
BMI_bf_109	 1	 11	 001.tif	 2.159660e+03	 24	 999000	 240	 999000	 999	 2.160676e+03	 433.33	 433.33	 49.00	 1	 0.28	 
BMI_bf_109	 1	 11	 129.tif	 2.163660e+03	 22	 9.678197e+02	 220	 4.756270e+02	 98	 2.164676e+03	 433.33	 450.00	 37.00	 59	 0.42	 
BMI_bf_109	 1	 11	 126.tif	 2.166660e+03	 11	 9.916943e+02	 110	 4.757870e+02	 98	 2.167676e+03	 450.00	 450.00	 15.00	 56	 0.70	 
BMI_bf_109	 1	 11	 108.tif	 2.168660e+03	 12	 999000	 120	 999000	 999	 2.169676e+03	 450.00	 450.00	 8.00	 38	 0.74	 
BMI_bf_109	 1	 11	 011.tif	 2.172660e+03	 12	 999000	 120	 999000	 999	 2.173676e+03	 450.00	 450.00	 4.00	 11	 0.81	 
BMI_bf_109	 1	 11	 026.tif	 2.174659e+03	 24	 999000	 240	 999000	 999	 2.175676e+03	 450.00	 450.00	 43.00	 26	 0.30	 
BMI_bf_109	 1	 11	 024.tif	 2.177659e+03	 24	 999000	 240	 999000	 999	 2.178676e+03	 450.00	 450.00	 54.00	 24	 0.17	 
BMI_bf_109	 1	 11	 106.tif	 2.181659e+03	 12	 999000	 120	 999000	 999	 2.182676e+03	 450.00	 450.00	 30.00	 36	 0.50	 
BMI_bf_109	 1	 11	 110.tif	 2.183659e+03	 12	 999000	 120	 999000	 999	 2.184676e+03	 450.00	 450.00	 3.00	 40	 0.82	 
BMI_bf_109	 1	 11	 111.tif	 2.188659e+03	 12	 999000	 120	 999000	 999	 2.189676e+03	 450.00	 450.00	 2.00	 41	 0.84	 
BMI_bf_109	 1	 11	 002.tif	 2.190659e+03	 12	 999000	 120	 999000	 999	 2.191676e+03	 450.00	 450.00	 14.00	 2	 0.70	 
BMI_bf_109	 1	 11	 016.tif	 2.194659e+03	 24	 999000	 240	 999000	 999	 2.195676e+03	 450.00	 450.00	 51.00	 16	 0.23	 
BMI_bf_109	 1	 11	 027.tif	 2.197659e+03	 24	 999000	 240	 999000	 999	 2.198676e+03	 450.00	 450.00	 46.00	 27	 0.29	 
BMI_bf_109	 1	 11	 006.tif	 2.200659e+03	 24	 999000	 240	 999000	 999	 2.201675e+03	 450.00	 450.00	 57.00	 6	 0.14	 
