subjectID	 order	 runNum	 itemName	 onsetTime	 shuff_trialType	 RT	 respInTime	 AudioTime	 response	 fixationTime	 ladder1	 ladder2	 bidIndex	 itemNameIndex	 bidValue	 
BMI_bf_106	 2	 4	 019.tif	 5.759842e+02	 24	 999000	 240	 999000	 999	 5.770009e+02	 383.33	 383.33	 36.00	 19	 0.46	 
BMI_bf_106	 2	 4	 110.tif	 5.789842e+02	 12	 999000	 120	 999000	 999	 5.800008e+02	 383.33	 383.33	 10.00	 40	 0.76	 
BMI_bf_106	 2	 4	 003.tif	 5.829844e+02	 11	 9.873612e+02	 110	 4.251526e+02	 98	 5.840008e+02	 400.00	 383.33	 16.00	 3	 0.69	 
BMI_bf_106	 2	 4	 030.tif	 5.849843e+02	 12	 999000	 120	 999000	 999	 5.860006e+02	 400.00	 383.33	 3.00	 30	 0.91	 
BMI_bf_106	 2	 4	 114.tif	 5.869843e+02	 11	 1.011187e+03	 1100	 4.426543e+02	 98	 5.880007e+02	 350.00	 383.33	 14.00	 44	 0.73	 
BMI_bf_106	 2	 4	 123.tif	 5.909842e+02	 12	 999000	 120	 999000	 999	 5.920005e+02	 350.00	 383.33	 21.00	 53	 0.66	 
BMI_bf_106	 2	 4	 129.tif	 5.929842e+02	 24	 999000	 240	 999000	 999	 5.940005e+02	 350.00	 383.33	 42.00	 59	 0.34	 
BMI_bf_106	 2	 4	 001.tif	 5.979841e+02	 22	 9.788504e+02	 220	 4.255544e+02	 98	 5.990004e+02	 350.00	 400.00	 35.00	 1	 0.47	 
BMI_bf_106	 2	 4	 018.tif	 5.999841e+02	 22	 9.947724e+02	 220	 4.437295e+02	 98	 6.010004e+02	 350.00	 416.67	 41.00	 18	 0.36	 
BMI_bf_106	 2	 4	 130.tif	 6.029838e+02	 11	 9.389210e+02	 110	 3.919085e+02	 98	 6.040003e+02	 366.67	 416.67	 19.00	 60	 0.67	 
BMI_bf_106	 2	 4	 119.tif	 6.059840e+02	 12	 999000	 120	 999000	 999	 6.070003e+02	 366.67	 416.67	 12.00	 49	 0.73	 
BMI_bf_106	 2	 4	 127.tif	 6.099839e+02	 12	 999000	 120	 999000	 999	 6.110003e+02	 366.67	 416.67	 4.00	 57	 0.85	 
BMI_bf_106	 2	 4	 106.tif	 6.129839e+02	 12	 999000	 120	 999000	 999	 6.140002e+02	 366.67	 416.67	 28.00	 36	 0.52	 
BMI_bf_106	 2	 4	 021.tif	 6.149838e+02	 24	 999000	 240	 999000	 999	 6.160001e+02	 366.67	 416.67	 39.00	 21	 0.39	 
BMI_bf_106	 2	 4	 016.tif	 6.179837e+02	 24	 999000	 240	 999000	 999	 6.190002e+02	 366.67	 416.67	 33.00	 16	 0.47	 
BMI_bf_106	 2	 4	 002.tif	 6.219837e+02	 11	 9.459880e+02	 110	 4.093613e+02	 98	 6.230000e+02	 383.33	 416.67	 26.00	 2	 0.54	 
BMI_bf_106	 2	 4	 025.tif	 6.249836e+02	 12	 999000	 120	 999000	 999	 6.260000e+02	 383.33	 416.67	 20.00	 25	 0.67	 
BMI_bf_106	 2	 4	 117.tif	 6.269836e+02	 12	 999000	 120	 999000	 999	 6.279999e+02	 383.33	 416.67	 24.00	 47	 0.55	 
BMI_bf_106	 2	 4	 027.tif	 6.289836e+02	 12	 999000	 120	 999000	 999	 6.299999e+02	 383.33	 416.67	 29.00	 27	 0.50	 
BMI_bf_106	 2	 4	 122.tif	 6.339835e+02	 24	 999000	 240	 999000	 999	 6.349998e+02	 383.33	 416.67	 57.00	 52	 0.12	 
BMI_bf_106	 2	 4	 109.tif	 6.379831e+02	 12	 999000	 120	 999000	 999	 6.389997e+02	 383.33	 416.67	 27.00	 39	 0.53	 
BMI_bf_106	 2	 4	 104.tif	 6.419833e+02	 11	 9.773064e+02	 110	 4.254288e+02	 98	 6.429996e+02	 400.00	 416.67	 9.00	 34	 0.79	 
BMI_bf_106	 2	 4	 017.tif	 6.479832e+02	 24	 999000	 240	 999000	 999	 6.489996e+02	 400.00	 416.67	 56.00	 17	 0.17	 
BMI_bf_106	 2	 4	 014.tif	 6.499832e+02	 12	 999000	 120	 999000	 999	 6.509995e+02	 400.00	 416.67	 15.00	 14	 0.71	 
BMI_bf_106	 2	 4	 006.tif	 6.519832e+02	 24	 999000	 240	 999000	 999	 6.529995e+02	 400.00	 416.67	 59.00	 6	 0.10	 
BMI_bf_106	 2	 4	 024.tif	 6.539832e+02	 24	 999000	 240	 999000	 999	 6.549994e+02	 400.00	 416.67	 31.00	 24	 0.48	 
BMI_bf_106	 2	 4	 118.tif	 6.559831e+02	 12	 999000	 120	 999000	 999	 6.569994e+02	 400.00	 416.67	 25.00	 48	 0.55	 
BMI_bf_106	 2	 4	 012.tif	 6.599830e+02	 24	 999000	 240	 999000	 999	 6.609993e+02	 400.00	 416.67	 60.00	 12	 0.01	 
BMI_bf_106	 2	 4	 120.tif	 6.619830e+02	 24	 999000	 240	 999000	 999	 6.629993e+02	 400.00	 416.67	 58.00	 50	 0.11	 
BMI_bf_106	 2	 4	 115.tif	 6.659829e+02	 24	 999000	 240	 999000	 999	 6.669992e+02	 400.00	 416.67	 32.00	 45	 0.47	 
BMI_bf_106	 2	 4	 125.tif	 6.679829e+02	 22	 1.056374e+03	 2200	 4.590874e+02	 98	 6.689992e+02	 400.00	 366.67	 49.00	 55	 0.27	 
BMI_bf_106	 2	 4	 020.tif	 6.699826e+02	 11	 1.032429e+03	 1100	 4.421463e+02	 98	 6.709992e+02	 350.00	 366.67	 11.00	 20	 0.74	 
BMI_bf_106	 2	 4	 029.tif	 6.719826e+02	 22	 9.924219e+02	 220	 4.088339e+02	 98	 6.729992e+02	 350.00	 383.33	 51.00	 29	 0.23	 
BMI_bf_106	 2	 4	 023.tif	 6.769827e+02	 24	 999000	 240	 999000	 999	 6.779990e+02	 350.00	 383.33	 55.00	 23	 0.19	 
BMI_bf_106	 2	 4	 007.tif	 6.789826e+02	 12	 999000	 120	 999000	 999	 6.799990e+02	 350.00	 383.33	 18.00	 7	 0.67	 
BMI_bf_106	 2	 4	 015.tif	 6.809826e+02	 11	 9.678652e+02	 110	 3.923356e+02	 98	 6.819990e+02	 366.67	 383.33	 17.00	 15	 0.67	 
BMI_bf_106	 2	 4	 004.tif	 6.839825e+02	 24	 999000	 240	 999000	 999	 6.849989e+02	 366.67	 383.33	 44.00	 4	 0.31	 
BMI_bf_106	 2	 4	 022.tif	 6.909824e+02	 24	 999000	 240	 999000	 999	 6.919988e+02	 366.67	 383.33	 45.00	 22	 0.30	 
BMI_bf_106	 2	 4	 101.tif	 6.949824e+02	 12	 999000	 120	 999000	 999	 6.959987e+02	 366.67	 383.33	 7.00	 31	 0.83	 
BMI_bf_106	 2	 4	 005.tif	 7.019819e+02	 24	 999000	 240	 999000	 999	 7.029985e+02	 366.67	 383.33	 50.00	 5	 0.24	 
BMI_bf_106	 2	 4	 009.tif	 7.039822e+02	 24	 999000	 240	 999000	 999	 7.049986e+02	 366.67	 383.33	 34.00	 9	 0.47	 
BMI_bf_106	 2	 4	 112.tif	 7.079821e+02	 24	 999000	 240	 999000	 999	 7.089984e+02	 366.67	 383.33	 53.00	 42	 0.20	 
BMI_bf_106	 2	 4	 102.tif	 7.119820e+02	 12	 999000	 120	 999000	 999	 7.129984e+02	 366.67	 383.33	 6.00	 32	 0.83	 
BMI_bf_106	 2	 4	 026.tif	 7.139820e+02	 24	 999000	 240	 999000	 999	 7.149984e+02	 366.67	 383.33	 52.00	 26	 0.22	 
BMI_bf_106	 2	 4	 107.tif	 7.179819e+02	 22	 1.054616e+03	 2200	 4.257364e+02	 98	 7.189983e+02	 366.67	 333.33	 54.00	 37	 0.19	 
BMI_bf_106	 2	 4	 105.tif	 7.199817e+02	 24	 999000	 240	 999000	 999	 7.209983e+02	 366.67	 333.33	 47.00	 35	 0.29	 
BMI_bf_106	 2	 4	 103.tif	 7.219819e+02	 11	 1.014377e+03	 1100	 4.088650e+02	 98	 7.229983e+02	 316.67	 333.33	 22.00	 33	 0.61	 
BMI_bf_106	 2	 4	 010.tif	 7.279818e+02	 24	 999000	 240	 999000	 999	 7.289981e+02	 316.67	 333.33	 37.00	 10	 0.44	 
BMI_bf_106	 2	 4	 113.tif	 7.299817e+02	 12	 999000	 120	 999000	 999	 7.309981e+02	 316.67	 333.33	 2.00	 43	 0.91	 
BMI_bf_106	 2	 4	 126.tif	 7.329814e+02	 11	 9.263302e+02	 110	 3.590498e+02	 98	 7.339980e+02	 333.33	 333.33	 8.00	 56	 0.82	 
BMI_bf_106	 2	 4	 121.tif	 7.359816e+02	 22	 9.179434e+02	 220	 3.757054e+02	 98	 7.369981e+02	 333.33	 350.00	 38.00	 51	 0.41	 
BMI_bf_106	 2	 4	 128.tif	 7.379814e+02	 22	 9.260546e+02	 220	 3.926193e+02	 98	 7.389979e+02	 333.33	 366.67	 48.00	 58	 0.28	 
BMI_bf_106	 2	 4	 124.tif	 7.399813e+02	 12	 999000	 120	 999000	 999	 7.409979e+02	 333.33	 366.67	 5.00	 54	 0.85	 
BMI_bf_106	 2	 4	 108.tif	 7.419814e+02	 22	 9.819039e+02	 220	 4.082444e+02	 98	 7.429978e+02	 333.33	 383.33	 43.00	 38	 0.33	 
BMI_bf_106	 2	 4	 111.tif	 7.479814e+02	 12	 999000	 120	 999000	 999	 7.489977e+02	 333.33	 383.33	 1.00	 41	 0.93	 
BMI_bf_106	 2	 4	 008.tif	 7.499814e+02	 22	 9.814641e+02	 220	 4.263513e+02	 98	 7.509977e+02	 333.33	 400.00	 40.00	 8	 0.36	 
BMI_bf_106	 2	 4	 116.tif	 7.519813e+02	 11	 9.173807e+02	 110	 3.758859e+02	 98	 7.529977e+02	 350.00	 400.00	 23.00	 46	 0.60	 
BMI_bf_106	 2	 4	 011.tif	 7.539813e+02	 12	 999000	 120	 999000	 999	 7.549976e+02	 350.00	 400.00	 30.00	 11	 0.49	 
BMI_bf_106	 2	 4	 013.tif	 7.569812e+02	 12	 999000	 120	 999000	 999	 7.579976e+02	 350.00	 400.00	 13.00	 13	 0.73	 
BMI_bf_106	 2	 4	 028.tif	 7.599812e+02	 22	 1.029089e+03	 2200	 4.427467e+02	 98	 7.609976e+02	 350.00	 350.00	 46.00	 28	 0.30	 
