subjectID	 order	 runNum	 itemName	 onsetTime	 shuff_trialType	 RT	 respInTime	 AudioTime	 response	 fixationTime	 ladder1	 ladder2	 bidIndex	 itemNameIndex	 bidValue	 
BMI_bf_129	 1	 11	 001.tif	 1.934091e+03	 24	 999000	 240	 999000	 999	 1.935108e+03	 150.00	 216.67	 55.00	 1	 0.16	 
BMI_bf_129	 1	 11	 114.tif	 1.937091e+03	 12	 999000	 120	 999000	 999	 1.938108e+03	 150.00	 216.67	 16.00	 44	 0.67	 
BMI_bf_129	 1	 11	 026.tif	 1.939091e+03	 12	 999000	 120	 999000	 999	 1.940108e+03	 150.00	 216.67	 8.00	 26	 0.75	 
BMI_bf_129	 1	 11	 012.tif	 1.941091e+03	 12	 999000	 120	 999000	 999	 1.942107e+03	 150.00	 216.67	 29.00	 12	 0.52	 
BMI_bf_129	 1	 11	 122.tif	 1.943091e+03	 24	 999000	 240	 999000	 999	 1.944107e+03	 150.00	 216.67	 34.00	 52	 0.46	 
BMI_bf_129	 1	 11	 023.tif	 1.946091e+03	 12	 999000	 120	 999000	 999	 1.947107e+03	 150.00	 216.67	 30.00	 23	 0.52	 
BMI_bf_129	 1	 11	 118.tif	 1.948091e+03	 12	 999000	 120	 999000	 999	 1.949107e+03	 150.00	 216.67	 5.00	 48	 0.84	 
BMI_bf_129	 1	 11	 124.tif	 1.952091e+03	 12	 999000	 120	 999000	 999	 1.953107e+03	 150.00	 216.67	 1.00	 54	 0.99	 
BMI_bf_129	 1	 11	 120.tif	 1.954091e+03	 24	 999000	 240	 999000	 999	 1.955107e+03	 150.00	 216.67	 60.00	 50	 0.06	 
BMI_bf_129	 1	 11	 008.tif	 1.959091e+03	 22	 1.064754e+03	 2200	 2.600150e+02	 98	 1.960107e+03	 150.00	 166.67	 47.00	 8	 0.29	 
BMI_bf_129	 1	 11	 007.tif	 1.961091e+03	 24	 999000	 240	 999000	 999	 1.962107e+03	 150.00	 166.67	 49.00	 7	 0.28	 
BMI_bf_129	 1	 11	 010.tif	 1.965091e+03	 22	 1.168548e+03	 2200	 2.075493e+02	 98	 1.966107e+03	 150.00	 116.67	 36.00	 10	 0.43	 
BMI_bf_129	 1	 11	 102.tif	 1.967091e+03	 12	 999000	 120	 999000	 999	 1.968107e+03	 150.00	 116.67	 6.00	 32	 0.83	 
BMI_bf_129	 1	 11	 005.tif	 1.970091e+03	 24	 999000	 240	 999000	 999	 1.971107e+03	 150.00	 116.67	 56.00	 5	 0.13	 
BMI_bf_129	 1	 11	 110.tif	 1.975090e+03	 24	 999000	 240	 999000	 999	 1.976107e+03	 150.00	 116.67	 40.00	 40	 0.41	 
BMI_bf_129	 1	 11	 019.tif	 1.977090e+03	 22	 8.401286e+02	 2	 1.582667e+02	 115	 1.978107e+03	 150.00	 66.67	 44.00	 19	 0.34	 
BMI_bf_129	 1	 11	 105.tif	 1.979090e+03	 22	 7.920516e+02	 220	 1.092721e+02	 98	 1.980107e+03	 150.00	 83.33	 53.00	 35	 0.18	 
BMI_bf_129	 1	 11	 128.tif	 1.983090e+03	 11	 9.278382e+02	 110	 1.933264e+02	 98	 1.984107e+03	 166.67	 83.33	 13.00	 58	 0.71	 
BMI_bf_129	 1	 11	 101.tif	 1.987090e+03	 12	 999000	 120	 999000	 999	 1.988106e+03	 166.67	 83.33	 9.00	 31	 0.75	 
BMI_bf_129	 1	 11	 016.tif	 1.991090e+03	 24	 999000	 240	 999000	 999	 1.992106e+03	 166.67	 83.33	 41.00	 16	 0.38	 
BMI_bf_129	 1	 11	 103.tif	 1.993090e+03	 24	 999000	 240	 999000	 999	 1.994106e+03	 166.67	 83.33	 32.00	 33	 0.49	 
BMI_bf_129	 1	 11	 029.tif	 1.995090e+03	 11	 9.034430e+02	 110	 2.089919e+02	 98	 1.996106e+03	 183.33	 83.33	 20.00	 29	 0.61	 
BMI_bf_129	 1	 11	 108.tif	 1.997090e+03	 12	 999000	 120	 999000	 999	 1.998106e+03	 183.33	 83.33	 3.00	 38	 0.85	 
BMI_bf_129	 1	 11	 129.tif	 1.999090e+03	 24	 999000	 240	 999000	 999	 2.000106e+03	 183.33	 83.33	 33.00	 59	 0.48	 
BMI_bf_129	 1	 11	 014.tif	 2.005090e+03	 12	 999000	 120	 999000	 999	 2.006106e+03	 183.33	 83.33	 19.00	 14	 0.64	 
BMI_bf_129	 1	 11	 002.tif	 2.008090e+03	 11	 9.349825e+02	 110	 2.251774e+02	 98	 2.009106e+03	 200.00	 83.33	 15.00	 2	 0.69	 
BMI_bf_129	 1	 11	 112.tif	 2.010090e+03	 24	 999000	 240	 999000	 999	 2.011106e+03	 200.00	 83.33	 51.00	 42	 0.25	 
BMI_bf_129	 1	 11	 130.tif	 2.012090e+03	 12	 999000	 120	 999000	 999	 2.013106e+03	 200.00	 83.33	 11.00	 60	 0.74	 
BMI_bf_129	 1	 11	 017.tif	 2.015090e+03	 24	 999000	 240	 999000	 999	 2.016106e+03	 200.00	 83.33	 58.00	 17	 0.10	 
BMI_bf_129	 1	 11	 025.tif	 2.017090e+03	 11	 1.070676e+03	 1100	 2.435849e+02	 98	 2.018106e+03	 150.00	 83.33	 24.00	 25	 0.58	 
BMI_bf_129	 1	 11	 011.tif	 2.019089e+03	 24	 999000	 240	 999000	 999	 2.020106e+03	 150.00	 83.33	 43.00	 11	 0.37	 
BMI_bf_129	 1	 11	 024.tif	 2.021089e+03	 22	 8.385641e+02	 220	 1.257740e+02	 98	 2.022106e+03	 150.00	 100.00	 37.00	 24	 0.43	 
BMI_bf_129	 1	 11	 123.tif	 2.024089e+03	 12	 999000	 120	 999000	 999	 2.025106e+03	 150.00	 100.00	 17.00	 53	 0.65	 
BMI_bf_129	 1	 11	 113.tif	 2.026089e+03	 11	 8.703541e+02	 110	 1.962617e+02	 98	 2.027106e+03	 166.67	 100.00	 7.00	 43	 0.81	 
BMI_bf_129	 1	 11	 018.tif	 2.028089e+03	 12	 999000	 120	 999000	 999	 2.029106e+03	 166.67	 100.00	 23.00	 18	 0.58	 
BMI_bf_129	 1	 11	 115.tif	 2.030089e+03	 12	 999000	 120	 999000	 999	 2.031106e+03	 166.67	 100.00	 28.00	 45	 0.54	 
BMI_bf_129	 1	 11	 125.tif	 2.032089e+03	 24	 999000	 240	 999000	 999	 2.033106e+03	 166.67	 100.00	 57.00	 55	 0.12	 
BMI_bf_129	 1	 11	 009.tif	 2.038089e+03	 12	 999000	 120	 999000	 999	 2.039105e+03	 166.67	 100.00	 27.00	 9	 0.55	 
BMI_bf_129	 1	 11	 004.tif	 2.041089e+03	 24	 999000	 240	 999000	 999	 2.042105e+03	 166.67	 100.00	 31.00	 4	 0.50	 
BMI_bf_129	 1	 11	 104.tif	 2.045089e+03	 12	 999000	 120	 999000	 999	 2.046105e+03	 166.67	 100.00	 14.00	 34	 0.71	 
BMI_bf_129	 1	 11	 119.tif	 2.051089e+03	 12	 999000	 120	 999000	 999	 2.052105e+03	 166.67	 100.00	 26.00	 49	 0.55	 
BMI_bf_129	 1	 11	 003.tif	 2.053089e+03	 24	 999000	 240	 999000	 999	 2.054105e+03	 166.67	 100.00	 35.00	 3	 0.44	 
BMI_bf_129	 1	 11	 116.tif	 2.058089e+03	 11	 1.021217e+03	 1100	 2.088811e+02	 98	 2.059105e+03	 116.67	 100.00	 21.00	 46	 0.61	 
BMI_bf_129	 1	 11	 020.tif	 2.061089e+03	 12	 999000	 120	 999000	 999	 2.062105e+03	 116.67	 100.00	 2.00	 20	 0.95	 
BMI_bf_129	 1	 11	 111.tif	 2.063089e+03	 22	 9.250659e+02	 220	 1.416930e+02	 98	 2.064105e+03	 116.67	 116.67	 39.00	 41	 0.41	 
BMI_bf_129	 1	 11	 006.tif	 2.066088e+03	 24	 999000	 240	 999000	 999	 2.067105e+03	 116.67	 116.67	 46.00	 6	 0.30	 
BMI_bf_129	 1	 11	 107.tif	 2.068088e+03	 24	 999000	 240	 999000	 999	 2.069105e+03	 116.67	 116.67	 59.00	 37	 0.09	 
BMI_bf_129	 1	 11	 028.tif	 2.072088e+03	 22	 8.607475e+02	 220	 1.584013e+02	 98	 2.073105e+03	 116.67	 133.33	 50.00	 28	 0.28	 
BMI_bf_129	 1	 11	 127.tif	 2.076088e+03	 12	 999000	 120	 999000	 999	 2.077105e+03	 116.67	 133.33	 4.00	 57	 0.85	 
BMI_bf_129	 1	 11	 126.tif	 2.078088e+03	 11	 8.285307e+02	 110	 1.583702e+02	 98	 2.079105e+03	 133.33	 133.33	 18.00	 56	 0.65	 
BMI_bf_129	 1	 11	 106.tif	 2.085088e+03	 11	 8.522998e+02	 110	 1.857852e+02	 98	 2.086104e+03	 150.00	 133.33	 10.00	 36	 0.75	 
BMI_bf_129	 1	 11	 117.tif	 2.087105e+03	 24	 999000	 240	 999000	 999	 2.088121e+03	 150.00	 133.33	 54.00	 47	 0.17	 
BMI_bf_129	 1	 11	 021.tif	 2.090088e+03	 24	 999000	 240	 999000	 999	 2.091104e+03	 150.00	 133.33	 38.00	 21	 0.42	 
BMI_bf_129	 1	 11	 109.tif	 2.094105e+03	 11	 9.233315e+02	 110	 1.918727e+02	 98	 2.095121e+03	 166.67	 133.33	 12.00	 39	 0.73	 
BMI_bf_129	 1	 11	 121.tif	 2.098104e+03	 12	 999000	 120	 999000	 999	 2.099121e+03	 166.67	 133.33	 22.00	 51	 0.59	 
BMI_bf_129	 1	 11	 030.tif	 2.102104e+03	 22	 9.870030e+02	 220	 1.765097e+02	 98	 2.103121e+03	 166.67	 150.00	 45.00	 30	 0.33	 
BMI_bf_129	 1	 11	 027.tif	 2.105104e+03	 24	 999000	 240	 999000	 999	 2.106121e+03	 166.67	 150.00	 48.00	 27	 0.28	 
BMI_bf_129	 1	 11	 013.tif	 2.107104e+03	 11	 9.228216e+02	 110	 2.099512e+02	 98	 2.108121e+03	 183.33	 150.00	 25.00	 13	 0.57	 
BMI_bf_129	 1	 11	 015.tif	 2.111104e+03	 22	 8.746616e+02	 220	 1.911959e+02	 98	 2.112121e+03	 183.33	 166.67	 42.00	 15	 0.38	 
BMI_bf_129	 1	 11	 022.tif	 2.118104e+03	 22	 -1.781206e+03	 22	 2.096662e+02	 98	 2.119120e+03	 183.33	 183.33	 52.00	 22	 0.23	 
