subjectID	 order	 runNum	 itemName	 onsetTime	 shuff_trialType	 RT	 respInTime	 AudioTime	 response	 fixationTime	 ladder1	 ladder2	 bidIndex	 itemNameIndex	 bidValue	 
BMI_bf_118	 2	 9	 015.tif	 1.544628e+03	 24	 999000	 240	 999000	 999	 1.545645e+03	 350.00	 350.00	 50.00	 15	 0.30	 
BMI_bf_118	 2	 9	 121.tif	 1.547629e+03	 11	 9.837304e+02	 110	 3.921868e+02	 98	 1.548645e+03	 366.67	 350.00	 17.00	 51	 0.66	 
BMI_bf_118	 2	 9	 018.tif	 1.549629e+03	 22	 9.756077e+02	 220	 3.902660e+02	 98	 1.550645e+03	 366.67	 366.67	 41.00	 18	 0.38	 
BMI_bf_118	 2	 9	 129.tif	 1.551629e+03	 12	 999000	 120	 999000	 999	 1.552645e+03	 366.67	 366.67	 5.00	 59	 0.79	 
BMI_bf_118	 2	 9	 022.tif	 1.553629e+03	 24	 999000	 240	 999000	 999	 1.554645e+03	 366.67	 366.67	 58.00	 22	 0.21	 
BMI_bf_118	 2	 9	 023.tif	 1.556629e+03	 22	 1.023368e+03	 2200	 4.075867e+02	 98	 1.557645e+03	 366.67	 316.67	 35.00	 23	 0.43	 
BMI_bf_118	 2	 9	 105.tif	 1.558629e+03	 24	 999000	 240	 999000	 999	 1.559645e+03	 366.67	 316.67	 57.00	 35	 0.22	 
BMI_bf_118	 2	 9	 111.tif	 1.562628e+03	 11	 9.431196e+02	 110	 4.080041e+02	 98	 1.563645e+03	 383.33	 316.67	 16.00	 41	 0.70	 
BMI_bf_118	 2	 9	 020.tif	 1.564628e+03	 24	 999000	 240	 999000	 999	 1.565645e+03	 383.33	 316.67	 42.00	 20	 0.36	 
BMI_bf_118	 2	 9	 012.tif	 1.569628e+03	 22	 9.190829e+02	 220	 3.594846e+02	 98	 1.570645e+03	 383.33	 333.33	 43.00	 12	 0.36	 
BMI_bf_118	 2	 9	 014.tif	 1.571628e+03	 24	 999000	 240	 999000	 999	 1.572645e+03	 383.33	 333.33	 31.00	 14	 0.47	 
BMI_bf_118	 2	 9	 113.tif	 1.575628e+03	 11	 9.266925e+02	 110	 4.255741e+02	 98	 1.576645e+03	 400.00	 333.33	 22.00	 43	 0.58	 
BMI_bf_118	 2	 9	 115.tif	 1.577628e+03	 22	 9.668390e+02	 220	 3.754554e+02	 98	 1.578645e+03	 400.00	 350.00	 40.00	 45	 0.38	 
BMI_bf_118	 2	 9	 003.tif	 1.580628e+03	 22	 9.185468e+02	 220	 3.917050e+02	 98	 1.581645e+03	 400.00	 366.67	 46.00	 3	 0.35	 
BMI_bf_118	 2	 9	 128.tif	 1.585628e+03	 12	 999000	 120	 999000	 999	 1.586644e+03	 400.00	 366.67	 2.00	 58	 0.84	 
BMI_bf_118	 2	 9	 123.tif	 1.587628e+03	 12	 999000	 120	 999000	 999	 1.588644e+03	 400.00	 366.67	 27.00	 53	 0.49	 
BMI_bf_118	 2	 9	 007.tif	 1.589628e+03	 22	 1.038246e+03	 2200	 4.077786e+02	 98	 1.590644e+03	 400.00	 316.67	 48.00	 7	 0.34	 
BMI_bf_118	 2	 9	 124.tif	 1.593628e+03	 12	 999000	 120	 999000	 999	 1.594644e+03	 400.00	 316.67	 13.00	 54	 0.71	 
BMI_bf_118	 2	 9	 122.tif	 1.597628e+03	 12	 999000	 120	 999000	 999	 1.598644e+03	 400.00	 316.67	 4.00	 52	 0.81	 
BMI_bf_118	 2	 9	 127.tif	 1.601628e+03	 12	 999000	 120	 999000	 999	 1.602644e+03	 400.00	 316.67	 18.00	 57	 0.64	 
BMI_bf_118	 2	 9	 002.tif	 1.603628e+03	 24	 999000	 240	 999000	 999	 1.604644e+03	 400.00	 316.67	 52.00	 2	 0.29	 
BMI_bf_118	 2	 9	 120.tif	 1.605628e+03	 24	 999000	 240	 999000	 999	 1.606644e+03	 400.00	 316.67	 60.00	 50	 0.18	 
BMI_bf_118	 2	 9	 006.tif	 1.607628e+03	 24	 999000	 240	 999000	 999	 1.608644e+03	 400.00	 316.67	 47.00	 6	 0.35	 
BMI_bf_118	 2	 9	 013.tif	 1.609628e+03	 11	 1.021531e+03	 1100	 4.412348e+02	 98	 1.610644e+03	 350.00	 316.67	 26.00	 13	 0.50	 
BMI_bf_118	 2	 9	 116.tif	 1.615628e+03	 12	 999000	 120	 999000	 999	 1.616644e+03	 350.00	 316.67	 15.00	 46	 0.70	 
BMI_bf_118	 2	 9	 125.tif	 1.618628e+03	 12	 999000	 120	 999000	 999	 1.619644e+03	 350.00	 316.67	 7.00	 55	 0.77	 
BMI_bf_118	 2	 9	 030.tif	 1.620628e+03	 12	 999000	 120	 999000	 999	 1.621644e+03	 350.00	 316.67	 30.00	 30	 0.48	 
BMI_bf_118	 2	 9	 102.tif	 1.622628e+03	 11	 9.490735e+02	 110	 3.923519e+02	 98	 1.623644e+03	 366.67	 316.67	 9.00	 32	 0.73	 
BMI_bf_118	 2	 9	 005.tif	 1.625627e+03	 12	 999000	 120	 999000	 999	 1.626644e+03	 366.67	 316.67	 28.00	 5	 0.49	 
BMI_bf_118	 2	 9	 010.tif	 1.627627e+03	 24	 999000	 240	 999000	 999	 1.628644e+03	 366.67	 316.67	 45.00	 10	 0.35	 
BMI_bf_118	 2	 9	 112.tif	 1.629627e+03	 12	 999000	 120	 999000	 999	 1.630644e+03	 366.67	 316.67	 10.00	 42	 0.72	 
BMI_bf_118	 2	 9	 009.tif	 1.631627e+03	 24	 999000	 240	 999000	 999	 1.632644e+03	 366.67	 316.67	 56.00	 9	 0.24	 
BMI_bf_118	 2	 9	 016.tif	 1.634627e+03	 24	 999000	 240	 999000	 999	 1.635644e+03	 366.67	 316.67	 55.00	 16	 0.25	 
BMI_bf_118	 2	 9	 130.tif	 1.636627e+03	 11	 9.645594e+02	 110	 4.086332e+02	 98	 1.637644e+03	 383.33	 316.67	 23.00	 60	 0.57	 
BMI_bf_118	 2	 9	 024.tif	 1.638627e+03	 22	 9.405161e+02	 220	 3.583714e+02	 98	 1.639644e+03	 383.33	 333.33	 38.00	 24	 0.39	 
BMI_bf_118	 2	 9	 109.tif	 1.640627e+03	 24	 999000	 240	 999000	 999	 1.641644e+03	 383.33	 333.33	 36.00	 39	 0.42	 
BMI_bf_118	 2	 9	 021.tif	 1.642627e+03	 12	 999000	 120	 999000	 999	 1.643644e+03	 383.33	 333.33	 29.00	 21	 0.49	 
BMI_bf_118	 2	 9	 011.tif	 1.648627e+03	 22	 9.561611e+02	 220	 3.754200e+02	 98	 1.649643e+03	 383.33	 350.00	 54.00	 11	 0.25	 
BMI_bf_118	 2	 9	 119.tif	 1.651627e+03	 12	 999000	 120	 999000	 999	 1.652643e+03	 383.33	 350.00	 20.00	 49	 0.63	 
BMI_bf_118	 2	 9	 017.tif	 1.655627e+03	 11	 9.958781e+02	 110	 4.252544e+02	 98	 1.656643e+03	 400.00	 350.00	 19.00	 17	 0.63	 
BMI_bf_118	 2	 9	 114.tif	 1.661627e+03	 12	 999000	 120	 999000	 999	 1.662643e+03	 400.00	 350.00	 6.00	 44	 0.77	 
BMI_bf_118	 2	 9	 028.tif	 1.663627e+03	 24	 999000	 240	 999000	 999	 1.664643e+03	 400.00	 350.00	 37.00	 28	 0.39	 
BMI_bf_118	 2	 9	 106.tif	 1.668627e+03	 24	 999000	 240	 999000	 999	 1.669643e+03	 400.00	 350.00	 33.00	 36	 0.44	 
BMI_bf_118	 2	 9	 027.tif	 1.671627e+03	 24	 999000	 240	 999000	 999	 1.672643e+03	 400.00	 350.00	 32.00	 27	 0.47	 
BMI_bf_118	 2	 9	 004.tif	 1.673627e+03	 22	 1.003231e+03	 2200	 3.923691e+02	 98	 1.674643e+03	 400.00	 300.00	 49.00	 4	 0.34	 
BMI_bf_118	 2	 9	 108.tif	 1.676627e+03	 12	 999000	 120	 999000	 999	 1.677643e+03	 400.00	 300.00	 1.00	 38	 0.87	 
BMI_bf_118	 2	 9	 026.tif	 1.678627e+03	 24	 999000	 240	 999000	 999	 1.679643e+03	 400.00	 300.00	 59.00	 26	 0.19	 
BMI_bf_118	 2	 9	 104.tif	 1.682627e+03	 12	 999000	 120	 999000	 999	 1.683643e+03	 400.00	 300.00	 3.00	 34	 0.81	 
BMI_bf_118	 2	 9	 008.tif	 1.686627e+03	 24	 999000	 240	 999000	 999	 1.687643e+03	 400.00	 300.00	 34.00	 8	 0.43	 
BMI_bf_118	 2	 9	 107.tif	 1.688627e+03	 12	 999000	 120	 999000	 999	 1.689643e+03	 400.00	 300.00	 21.00	 37	 0.62	 
BMI_bf_118	 2	 9	 019.tif	 1.695626e+03	 22	 9.544870e+02	 220	 3.414211e+02	 98	 1.696643e+03	 400.00	 316.67	 51.00	 19	 0.29	 
BMI_bf_118	 2	 9	 029.tif	 1.697626e+03	 24	 999000	 240	 999000	 999	 1.698643e+03	 400.00	 316.67	 44.00	 29	 0.35	 
BMI_bf_118	 2	 9	 126.tif	 1.700626e+03	 12	 999000	 120	 999000	 999	 1.701643e+03	 400.00	 316.67	 25.00	 56	 0.54	 
BMI_bf_118	 2	 9	 025.tif	 1.704626e+03	 24	 999000	 240	 999000	 999	 1.705643e+03	 400.00	 316.67	 39.00	 25	 0.39	 
BMI_bf_118	 2	 9	 103.tif	 1.708626e+03	 11	 9.940573e+02	 110	 4.418603e+02	 98	 1.709643e+03	 416.67	 316.67	 8.00	 33	 0.74	 
BMI_bf_118	 2	 9	 001.tif	 1.712626e+03	 24	 999000	 240	 999000	 999	 1.713642e+03	 416.67	 316.67	 53.00	 1	 0.26	 
BMI_bf_118	 2	 9	 101.tif	 1.715626e+03	 11	 1.049717e+03	 1100	 4.575020e+02	 98	 1.716642e+03	 366.67	 316.67	 14.00	 31	 0.70	 
BMI_bf_118	 2	 9	 110.tif	 1.717626e+03	 12	 999000	 120	 999000	 999	 1.718642e+03	 366.67	 316.67	 12.00	 40	 0.71	 
BMI_bf_118	 2	 9	 117.tif	 1.721626e+03	 11	 9.936097e+02	 110	 4.084602e+02	 98	 1.722642e+03	 383.33	 316.67	 11.00	 47	 0.72	 
BMI_bf_118	 2	 9	 118.tif	 1.728626e+03	 12	 999000	 120	 999000	 999	 1.729642e+03	 383.33	 316.67	 24.00	 48	 0.55	 
