subjectID	 order	 runNum	 itemName	 onsetTime	 shuff_trialType	 RT	 respInTime	 AudioTime	 response	 fixationTime	 ladder1	 ladder2	 bidIndex	 itemNameIndex	 bidValue	 
BMI_bf_106	 2	 7	 028.tif	 1.180623e+03	 22	 5.885152e+02	 220	 4.581840e+02	 98	 1.181640e+03	 416.67	 433.33	 46.00	 28	 0.30	 
BMI_bf_106	 2	 7	 127.tif	 1.182623e+03	 12	 999000	 120	 999000	 999	 1.183640e+03	 416.67	 433.33	 4.00	 57	 0.85	 
BMI_bf_106	 2	 7	 125.tif	 1.186623e+03	 22	 1.019892e+03	 2200	 4.748746e+02	 98	 1.187640e+03	 416.67	 383.33	 49.00	 55	 0.27	 
BMI_bf_106	 2	 7	 111.tif	 1.189623e+03	 12	 999000	 120	 999000	 999	 1.190640e+03	 416.67	 383.33	 1.00	 41	 0.93	 
BMI_bf_106	 2	 7	 007.tif	 1.191623e+03	 12	 999000	 120	 999000	 999	 1.192640e+03	 416.67	 383.33	 18.00	 7	 0.67	 
BMI_bf_106	 2	 7	 003.tif	 1.194623e+03	 11	 1.051827e+03	 1100	 4.592498e+02	 98	 1.195640e+03	 366.67	 383.33	 16.00	 3	 0.69	 
BMI_bf_106	 2	 7	 128.tif	 1.198623e+03	 22	 9.555289e+02	 220	 4.258288e+02	 98	 1.199640e+03	 366.67	 400.00	 48.00	 58	 0.28	 
BMI_bf_106	 2	 7	 126.tif	 1.202623e+03	 11	 8.993366e+02	 110	 4.096957e+02	 98	 1.203639e+03	 383.33	 400.00	 8.00	 56	 0.82	 
BMI_bf_106	 2	 7	 119.tif	 1.204623e+03	 12	 999000	 120	 999000	 999	 1.205639e+03	 383.33	 400.00	 12.00	 49	 0.73	 
BMI_bf_106	 2	 7	 008.tif	 1.209623e+03	 22	 9.873552e+02	 220	 4.430464e+02	 98	 1.210639e+03	 383.33	 416.67	 40.00	 8	 0.36	 
BMI_bf_106	 2	 7	 019.tif	 1.211623e+03	 24	 999000	 240	 999000	 999	 1.212639e+03	 383.33	 416.67	 36.00	 19	 0.46	 
BMI_bf_106	 2	 7	 018.tif	 1.213623e+03	 22	 9.389240e+02	 220	 4.585692e+02	 98	 1.214639e+03	 383.33	 433.33	 41.00	 18	 0.36	 
BMI_bf_106	 2	 7	 021.tif	 1.219623e+03	 24	 999000	 240	 999000	 999	 1.220639e+03	 383.33	 433.33	 39.00	 21	 0.39	 
BMI_bf_106	 2	 7	 107.tif	 1.221623e+03	 22	 1.002656e+03	 2200	 4.750403e+02	 98	 1.222639e+03	 383.33	 383.33	 54.00	 37	 0.19	 
BMI_bf_106	 2	 7	 030.tif	 1.223623e+03	 12	 999000	 120	 999000	 999	 1.224639e+03	 383.33	 383.33	 3.00	 30	 0.91	 
BMI_bf_106	 2	 7	 022.tif	 1.225623e+03	 24	 999000	 240	 999000	 999	 1.226639e+03	 383.33	 383.33	 45.00	 22	 0.30	 
BMI_bf_106	 2	 7	 114.tif	 1.229623e+03	 11	 9.944011e+02	 110	 4.258695e+02	 98	 1.230639e+03	 400.00	 383.33	 14.00	 44	 0.73	 
BMI_bf_106	 2	 7	 006.tif	 1.233623e+03	 24	 999000	 240	 999000	 999	 1.234639e+03	 400.00	 383.33	 59.00	 6	 0.10	 
BMI_bf_106	 2	 7	 113.tif	 1.236622e+03	 12	 999000	 120	 999000	 999	 1.237639e+03	 400.00	 383.33	 2.00	 43	 0.91	 
BMI_bf_106	 2	 7	 029.tif	 1.240622e+03	 22	 9.379858e+02	 220	 4.260069e+02	 98	 1.241639e+03	 400.00	 400.00	 51.00	 29	 0.23	 
BMI_bf_106	 2	 7	 109.tif	 1.243622e+03	 12	 999000	 120	 999000	 999	 1.244639e+03	 400.00	 400.00	 27.00	 39	 0.53	 
BMI_bf_106	 2	 7	 120.tif	 1.245622e+03	 24	 999000	 240	 999000	 999	 1.246639e+03	 400.00	 400.00	 58.00	 50	 0.11	 
BMI_bf_106	 2	 7	 027.tif	 1.249622e+03	 12	 999000	 120	 999000	 999	 1.250639e+03	 400.00	 400.00	 29.00	 27	 0.50	 
BMI_bf_106	 2	 7	 118.tif	 1.251622e+03	 12	 999000	 120	 999000	 999	 1.252639e+03	 400.00	 400.00	 25.00	 48	 0.55	 
BMI_bf_106	 2	 7	 004.tif	 1.253622e+03	 24	 999000	 240	 999000	 999	 1.254639e+03	 400.00	 400.00	 44.00	 4	 0.31	 
BMI_bf_106	 2	 7	 102.tif	 1.257622e+03	 12	 999000	 120	 999000	 999	 1.258638e+03	 400.00	 400.00	 6.00	 32	 0.83	 
BMI_bf_106	 2	 7	 115.tif	 1.259622e+03	 24	 999000	 240	 999000	 999	 1.260638e+03	 400.00	 400.00	 32.00	 45	 0.47	 
BMI_bf_106	 2	 7	 105.tif	 1.263622e+03	 24	 999000	 240	 999000	 999	 1.264638e+03	 400.00	 400.00	 47.00	 35	 0.29	 
BMI_bf_106	 2	 7	 123.tif	 1.267622e+03	 12	 999000	 120	 999000	 999	 1.268638e+03	 400.00	 400.00	 21.00	 53	 0.66	 
BMI_bf_106	 2	 7	 010.tif	 1.270622e+03	 24	 999000	 240	 999000	 999	 1.271638e+03	 400.00	 400.00	 37.00	 10	 0.44	 
BMI_bf_106	 2	 7	 015.tif	 1.276622e+03	 11	 1.032747e+03	 1100	 4.414557e+02	 98	 1.277638e+03	 350.00	 400.00	 17.00	 15	 0.67	 
BMI_bf_106	 2	 7	 016.tif	 1.278622e+03	 24	 999000	 240	 999000	 999	 1.279638e+03	 350.00	 400.00	 33.00	 16	 0.47	 
BMI_bf_106	 2	 7	 020.tif	 1.282622e+03	 11	 8.884914e+02	 110	 3.919097e+02	 98	 1.283638e+03	 366.67	 400.00	 11.00	 20	 0.74	 
BMI_bf_106	 2	 7	 025.tif	 1.284622e+03	 12	 999000	 120	 999000	 999	 1.285638e+03	 366.67	 400.00	 20.00	 25	 0.67	 
BMI_bf_106	 2	 7	 108.tif	 1.286622e+03	 22	 9.203869e+02	 220	 4.415661e+02	 98	 1.287655e+03	 366.67	 416.67	 43.00	 38	 0.33	 
BMI_bf_106	 2	 7	 112.tif	 1.288621e+03	 24	 999000	 240	 999000	 999	 1.289638e+03	 366.67	 416.67	 53.00	 42	 0.20	 
BMI_bf_106	 2	 7	 116.tif	 1.293622e+03	 11	 8.881186e+02	 110	 4.084110e+02	 98	 1.294638e+03	 383.33	 416.67	 23.00	 46	 0.60	 
BMI_bf_106	 2	 7	 129.tif	 1.295621e+03	 24	 999000	 240	 999000	 999	 1.296638e+03	 383.33	 416.67	 42.00	 59	 0.34	 
BMI_bf_106	 2	 7	 104.tif	 1.297621e+03	 11	 9.359640e+02	 110	 4.261279e+02	 98	 1.298638e+03	 400.00	 416.67	 9.00	 34	 0.79	 
BMI_bf_106	 2	 7	 122.tif	 1.300621e+03	 24	 999000	 240	 999000	 999	 1.301638e+03	 400.00	 416.67	 57.00	 52	 0.12	 
BMI_bf_106	 2	 7	 017.tif	 1.303621e+03	 24	 999000	 240	 999000	 999	 1.304638e+03	 400.00	 416.67	 56.00	 17	 0.17	 
BMI_bf_106	 2	 7	 026.tif	 1.307621e+03	 24	 999000	 240	 999000	 999	 1.308638e+03	 400.00	 416.67	 52.00	 26	 0.22	 
BMI_bf_106	 2	 7	 009.tif	 1.309621e+03	 24	 999000	 240	 999000	 999	 1.310638e+03	 400.00	 416.67	 34.00	 9	 0.47	 
BMI_bf_106	 2	 7	 106.tif	 1.311621e+03	 12	 999000	 120	 999000	 999	 1.312638e+03	 400.00	 416.67	 28.00	 36	 0.52	 
BMI_bf_106	 2	 7	 124.tif	 1.314621e+03	 12	 999000	 120	 999000	 999	 1.315637e+03	 400.00	 416.67	 5.00	 54	 0.85	 
BMI_bf_106	 2	 7	 001.tif	 1.317621e+03	 22	 9.832418e+02	 220	 4.601705e+02	 98	 1.318637e+03	 400.00	 433.33	 35.00	 1	 0.47	 
BMI_bf_106	 2	 7	 117.tif	 1.319621e+03	 12	 999000	 120	 999000	 999	 1.320637e+03	 400.00	 433.33	 24.00	 47	 0.55	 
BMI_bf_106	 2	 7	 005.tif	 1.321621e+03	 24	 999000	 240	 999000	 999	 1.322637e+03	 400.00	 433.33	 50.00	 5	 0.24	 
BMI_bf_106	 2	 7	 024.tif	 1.323621e+03	 24	 999000	 240	 999000	 999	 1.324637e+03	 400.00	 433.33	 31.00	 24	 0.48	 
BMI_bf_106	 2	 7	 013.tif	 1.328621e+03	 12	 999000	 120	 999000	 999	 1.329637e+03	 400.00	 433.33	 13.00	 13	 0.73	 
BMI_bf_106	 2	 7	 014.tif	 1.330621e+03	 12	 999000	 120	 999000	 999	 1.331637e+03	 400.00	 433.33	 15.00	 14	 0.71	 
BMI_bf_106	 2	 7	 002.tif	 1.332621e+03	 11	 9.747318e+02	 110	 4.429553e+02	 98	 1.333637e+03	 416.67	 433.33	 26.00	 2	 0.54	 
BMI_bf_106	 2	 7	 103.tif	 1.334621e+03	 11	 1.030821e+03	 1100	 4.598614e+02	 98	 1.335637e+03	 366.67	 433.33	 22.00	 33	 0.61	 
BMI_bf_106	 2	 7	 121.tif	 1.341621e+03	 22	 1.014417e+03	 2200	 4.753352e+02	 98	 1.342637e+03	 366.67	 383.33	 38.00	 51	 0.41	 
BMI_bf_106	 2	 7	 110.tif	 1.343621e+03	 12	 999000	 120	 999000	 999	 1.344637e+03	 366.67	 383.33	 10.00	 40	 0.76	 
BMI_bf_106	 2	 7	 012.tif	 1.350620e+03	 24	 999000	 240	 999000	 999	 1.351637e+03	 366.67	 383.33	 60.00	 12	 0.01	 
BMI_bf_106	 2	 7	 011.tif	 1.353620e+03	 12	 999000	 120	 999000	 999	 1.354637e+03	 366.67	 383.33	 30.00	 11	 0.49	 
BMI_bf_106	 2	 7	 130.tif	 1.356620e+03	 11	 9.418399e+02	 110	 4.088472e+02	 98	 1.357637e+03	 383.33	 383.33	 19.00	 60	 0.67	 
BMI_bf_106	 2	 7	 101.tif	 1.362620e+03	 12	 999000	 120	 999000	 999	 1.363637e+03	 383.33	 383.33	 7.00	 31	 0.83	 
BMI_bf_106	 2	 7	 023.tif	 1.364620e+03	 24	 999000	 240	 999000	 999	 1.365637e+03	 383.33	 383.33	 55.00	 23	 0.19	 
