subjectID	 order	 runNum	 itemName	 onsetTime	 shuff_trialType	 RT	 respInTime	 AudioTime	 response	 fixationTime	 ladder1	 ladder2	 bidIndex	 itemNameIndex	 bidValue	 
BMI_bf_125	 1	 5	 118.tif	 8.412729e+02	 12	 999000	 120	 999000	 999	 8.422895e+02	 283.33	 350.00	 22.00	 48	 0.63	 
BMI_bf_125	 1	 5	 119.tif	 8.462731e+02	 24	 999000	 240	 999000	 999	 8.472894e+02	 283.33	 350.00	 32.00	 49	 0.46	 
BMI_bf_125	 1	 5	 011.tif	 8.482731e+02	 11	 8.841199e+02	 110	 3.251391e+02	 98	 8.492894e+02	 300.00	 350.00	 15.00	 11	 0.70	 
BMI_bf_125	 1	 5	 012.tif	 8.502730e+02	 22	 9.561114e+02	 220	 3.922158e+02	 98	 8.512894e+02	 300.00	 366.67	 50.00	 12	 0.25	 
BMI_bf_125	 1	 5	 126.tif	 8.562729e+02	 12	 999000	 120	 999000	 999	 8.572892e+02	 300.00	 366.67	 8.00	 56	 0.80	 
BMI_bf_125	 1	 5	 010.tif	 8.582729e+02	 22	 9.797813e+02	 220	 4.085293e+02	 98	 8.592893e+02	 300.00	 383.33	 36.00	 10	 0.44	 
BMI_bf_125	 1	 5	 003.tif	 8.612728e+02	 24	 999000	 240	 999000	 999	 8.622891e+02	 300.00	 383.33	 40.00	 3	 0.40	 
BMI_bf_125	 1	 5	 128.tif	 8.632728e+02	 22	 1.003569e+03	 2200	 4.247928e+02	 98	 8.642892e+02	 300.00	 333.33	 52.00	 58	 0.24	 
BMI_bf_125	 1	 5	 129.tif	 8.672727e+02	 24	 999000	 240	 999000	 999	 8.682890e+02	 300.00	 333.33	 41.00	 59	 0.39	 
BMI_bf_125	 1	 5	 016.tif	 8.692727e+02	 24	 999000	 240	 999000	 999	 8.702890e+02	 300.00	 333.33	 57.00	 16	 0.16	 
BMI_bf_125	 1	 5	 025.tif	 8.742726e+02	 24	 999000	 240	 999000	 999	 8.752889e+02	 300.00	 333.33	 48.00	 25	 0.27	 
BMI_bf_125	 1	 5	 005.tif	 8.812725e+02	 24	 999000	 240	 999000	 999	 8.822888e+02	 300.00	 333.33	 34.00	 5	 0.44	 
BMI_bf_125	 1	 5	 111.tif	 8.832724e+02	 12	 999000	 120	 999000	 999	 8.842888e+02	 300.00	 333.33	 3.00	 41	 0.84	 
BMI_bf_125	 1	 5	 020.tif	 8.862724e+02	 12	 999000	 120	 999000	 999	 8.872887e+02	 300.00	 333.33	 2.00	 20	 0.87	 
BMI_bf_125	 1	 5	 115.tif	 8.892723e+02	 24	 999000	 240	 999000	 999	 8.902886e+02	 300.00	 333.33	 33.00	 45	 0.44	 
BMI_bf_125	 1	 5	 022.tif	 8.932722e+02	 12	 999000	 120	 999000	 999	 8.942886e+02	 300.00	 333.33	 17.00	 22	 0.65	 
BMI_bf_125	 1	 5	 007.tif	 8.972721e+02	 12	 999000	 120	 999000	 999	 8.982885e+02	 300.00	 333.33	 27.00	 7	 0.55	 
BMI_bf_125	 1	 5	 109.tif	 9.012721e+02	 12	 999000	 120	 999000	 999	 9.022884e+02	 300.00	 333.33	 26.00	 39	 0.57	 
BMI_bf_125	 1	 5	 101.tif	 9.042720e+02	 12	 999000	 120	 999000	 999	 9.052884e+02	 300.00	 333.33	 23.00	 31	 0.63	 
BMI_bf_125	 1	 5	 106.tif	 9.102719e+02	 24	 999000	 240	 999000	 999	 9.112883e+02	 300.00	 333.33	 35.00	 36	 0.44	 
BMI_bf_125	 1	 5	 014.tif	 9.122719e+02	 11	 9.458794e+02	 110	 3.434745e+02	 98	 9.132882e+02	 316.67	 333.33	 10.00	 14	 0.77	 
BMI_bf_125	 1	 5	 028.tif	 9.152718e+02	 22	 9.377075e+02	 220	 3.747747e+02	 98	 9.162882e+02	 316.67	 350.00	 42.00	 28	 0.36	 
BMI_bf_125	 1	 5	 026.tif	 9.172718e+02	 12	 999000	 120	 999000	 999	 9.182881e+02	 316.67	 350.00	 30.00	 26	 0.46	 
BMI_bf_125	 1	 5	 029.tif	 9.192718e+02	 22	 9.536112e+02	 220	 3.917998e+02	 98	 9.202881e+02	 316.67	 366.67	 37.00	 29	 0.43	 
BMI_bf_125	 1	 5	 125.tif	 9.212717e+02	 12	 999000	 120	 999000	 999	 9.222880e+02	 316.67	 366.67	 28.00	 55	 0.47	 
BMI_bf_125	 1	 5	 116.tif	 9.242717e+02	 12	 999000	 120	 999000	 999	 9.252880e+02	 316.67	 366.67	 14.00	 46	 0.71	 
BMI_bf_125	 1	 5	 123.tif	 9.282716e+02	 11	 9.532873e+02	 110	 3.598050e+02	 98	 9.292880e+02	 333.33	 366.67	 25.00	 53	 0.58	 
BMI_bf_125	 1	 5	 008.tif	 9.302715e+02	 24	 999000	 240	 999000	 999	 9.312879e+02	 333.33	 366.67	 46.00	 8	 0.29	 
BMI_bf_125	 1	 5	 122.tif	 9.322715e+02	 11	 9.291698e+02	 110	 3.763646e+02	 98	 9.332879e+02	 350.00	 366.67	 18.00	 52	 0.64	 
BMI_bf_125	 1	 5	 114.tif	 9.342715e+02	 24	 999000	 240	 999000	 999	 9.352878e+02	 350.00	 366.67	 54.00	 44	 0.22	 
BMI_bf_125	 1	 5	 113.tif	 9.362714e+02	 11	 9.290291e+02	 110	 3.917261e+02	 98	 9.372878e+02	 366.67	 366.67	 13.00	 43	 0.74	 
BMI_bf_125	 1	 5	 006.tif	 9.382714e+02	 24	 999000	 240	 999000	 999	 9.392878e+02	 366.67	 366.67	 58.00	 6	 0.14	 
BMI_bf_125	 1	 5	 027.tif	 9.422713e+02	 22	 9.288075e+02	 220	 4.082045e+02	 98	 9.432877e+02	 366.67	 383.33	 47.00	 27	 0.28	 
BMI_bf_125	 1	 5	 009.tif	 9.462713e+02	 22	 9.126419e+02	 220	 4.259498e+02	 98	 9.472876e+02	 366.67	 400.00	 53.00	 9	 0.23	 
BMI_bf_125	 1	 5	 121.tif	 9.482712e+02	 12	 999000	 120	 999000	 999	 9.492876e+02	 366.67	 400.00	 16.00	 51	 0.67	 
BMI_bf_125	 1	 5	 110.tif	 9.502712e+02	 12	 6.004986e+02	 12	 999000	 98	 9.512875e+02	 366.67	 400.00	 1.00	 40	 0.90	 
BMI_bf_125	 1	 5	 019.tif	 9.522712e+02	 24	 999000	 240	 999000	 999	 9.532875e+02	 366.67	 400.00	 51.00	 19	 0.24	 
BMI_bf_125	 1	 5	 105.tif	 9.542711e+02	 22	 1.040391e+03	 2200	 4.415601e+02	 98	 9.552875e+02	 366.67	 350.00	 45.00	 35	 0.30	 
BMI_bf_125	 1	 5	 112.tif	 9.602710e+02	 11	 9.761511e+02	 110	 4.085942e+02	 98	 9.612874e+02	 383.33	 350.00	 21.00	 42	 0.64	 
BMI_bf_125	 1	 5	 023.tif	 9.622710e+02	 24	 999000	 240	 999000	 999	 9.632873e+02	 383.33	 350.00	 43.00	 23	 0.36	 
BMI_bf_125	 1	 5	 108.tif	 9.642709e+02	 11	 9.519872e+02	 110	 4.250047e+02	 98	 9.652873e+02	 400.00	 350.00	 12.00	 38	 0.76	 
BMI_bf_125	 1	 5	 102.tif	 9.662709e+02	 12	 999000	 120	 999000	 999	 9.672873e+02	 400.00	 350.00	 5.00	 32	 0.83	 
BMI_bf_125	 1	 5	 001.tif	 9.692709e+02	 24	 999000	 240	 999000	 999	 9.702872e+02	 400.00	 350.00	 55.00	 1	 0.19	 
BMI_bf_125	 1	 5	 120.tif	 9.712708e+02	 24	 999000	 240	 999000	 999	 9.722872e+02	 400.00	 350.00	 49.00	 50	 0.25	 
BMI_bf_125	 1	 5	 103.tif	 9.782707e+02	 12	 999000	 120	 999000	 999	 9.792871e+02	 400.00	 350.00	 9.00	 33	 0.78	 
BMI_bf_125	 1	 5	 130.tif	 9.802707e+02	 11	 9.834679e+02	 110	 4.424092e+02	 98	 9.812870e+02	 416.67	 350.00	 7.00	 60	 0.81	 
BMI_bf_125	 1	 5	 017.tif	 9.842706e+02	 24	 999000	 240	 999000	 999	 9.852869e+02	 416.67	 350.00	 56.00	 17	 0.18	 
BMI_bf_125	 1	 5	 104.tif	 9.882705e+02	 12	 999000	 120	 999000	 999	 9.892868e+02	 416.67	 350.00	 4.00	 34	 0.84	 
BMI_bf_125	 1	 5	 117.tif	 9.912704e+02	 24	 999000	 240	 999000	 999	 9.922868e+02	 416.67	 350.00	 31.00	 47	 0.46	 
BMI_bf_125	 1	 5	 107.tif	 9.932704e+02	 24	 999000	 240	 999000	 999	 9.942868e+02	 416.67	 350.00	 59.00	 37	 0.11	 
BMI_bf_125	 1	 5	 018.tif	 9.972703e+02	 24	 999000	 240	 999000	 999	 9.982867e+02	 416.67	 350.00	 38.00	 18	 0.42	 
BMI_bf_125	 1	 5	 002.tif	 9.992703e+02	 24	 999000	 240	 999000	 999	 1.000287e+03	 416.67	 350.00	 60.00	 2	 0.06	 
BMI_bf_125	 1	 5	 021.tif	 1.002270e+03	 11	 1.062686e+03	 1100	 4.590425e+02	 98	 1.003287e+03	 366.67	 350.00	 24.00	 21	 0.61	 
BMI_bf_125	 1	 5	 127.tif	 1.006270e+03	 12	 999000	 120	 999000	 999	 1.007287e+03	 366.67	 350.00	 6.00	 57	 0.82	 
BMI_bf_125	 1	 5	 015.tif	 1.008270e+03	 12	 999000	 120	 999000	 999	 1.009286e+03	 366.67	 350.00	 29.00	 15	 0.46	 
BMI_bf_125	 1	 5	 013.tif	 1.013270e+03	 11	 9.742709e+02	 110	 4.099617e+02	 98	 1.014286e+03	 383.33	 350.00	 20.00	 13	 0.64	 
BMI_bf_125	 1	 5	 024.tif	 1.015270e+03	 22	 1.030202e+03	 2200	 3.930570e+02	 98	 1.016286e+03	 383.33	 300.00	 44.00	 24	 0.33	 
BMI_bf_125	 1	 5	 124.tif	 1.019270e+03	 12	 999000	 120	 999000	 999	 1.020286e+03	 383.33	 300.00	 11.00	 54	 0.77	 
BMI_bf_125	 1	 5	 004.tif	 1.022270e+03	 22	 8.619509e+02	 220	 3.446642e+02	 98	 1.023286e+03	 383.33	 316.67	 39.00	 4	 0.42	 
BMI_bf_125	 1	 5	 030.tif	 1.025270e+03	 12	 999000	 120	 999000	 999	 1.026286e+03	 383.33	 316.67	 19.00	 30	 0.64	 
