subjectID	 order	 runNum	 itemName	 onsetTime	 shuff_trialType	 RT	 respInTime	 AudioTime	 response	 fixationTime	 ladder1	 ladder2	 bidIndex	 itemNameIndex	 bidValue	 
BMI_bf_109	 1	 7	 112.tif	 1.219938e+03	 24	 999000	 240	 999000	 999	 1.220955e+03	 416.67	 416.67	 41.00	 42	 0.39	 
BMI_bf_109	 1	 7	 027.tif	 1.222938e+03	 24	 999000	 240	 999000	 999	 1.223954e+03	 416.67	 416.67	 46.00	 27	 0.29	 
BMI_bf_109	 1	 7	 119.tif	 1.226938e+03	 11	 9.979682e+02	 110	 4.603025e+02	 98	 1.227954e+03	 433.33	 416.67	 25.00	 49	 0.64	 
BMI_bf_109	 1	 7	 004.tif	 1.228938e+03	 24	 999000	 240	 999000	 999	 1.229954e+03	 433.33	 416.67	 59.00	 4	 0.12	 
BMI_bf_109	 1	 7	 127.tif	 1.230938e+03	 12	 999000	 120	 999000	 999	 1.231954e+03	 433.33	 416.67	 17.00	 57	 0.68	 
BMI_bf_109	 1	 7	 009.tif	 1.234938e+03	 22	 9.896846e+02	 220	 4.592532e+02	 98	 1.235954e+03	 433.33	 433.33	 53.00	 9	 0.18	 
BMI_bf_109	 1	 7	 107.tif	 1.236938e+03	 24	 999000	 240	 999000	 999	 1.237954e+03	 433.33	 433.33	 58.00	 37	 0.14	 
BMI_bf_109	 1	 7	 019.tif	 1.241938e+03	 24	 999000	 240	 999000	 999	 1.242954e+03	 433.33	 433.33	 55.00	 19	 0.16	 
BMI_bf_109	 1	 7	 105.tif	 1.243938e+03	 12	 999000	 120	 999000	 999	 1.244954e+03	 433.33	 433.33	 28.00	 35	 0.58	 
BMI_bf_109	 1	 7	 003.tif	 1.246938e+03	 12	 999000	 120	 999000	 999	 1.247954e+03	 433.33	 433.33	 29.00	 3	 0.54	 
BMI_bf_109	 1	 7	 002.tif	 1.249938e+03	 12	 999000	 120	 999000	 999	 1.250954e+03	 433.33	 433.33	 14.00	 2	 0.70	 
BMI_bf_109	 1	 7	 123.tif	 1.253938e+03	 11	 9.649795e+02	 110	 4.763692e+02	 98	 1.254954e+03	 450.00	 433.33	 18.00	 53	 0.67	 
BMI_bf_109	 1	 7	 010.tif	 1.256938e+03	 11	 1.052921e+03	 1100	 4.910604e+02	 98	 1.257954e+03	 400.00	 433.33	 24.00	 10	 0.64	 
BMI_bf_109	 1	 7	 115.tif	 1.258938e+03	 12	 999000	 120	 999000	 999	 1.259954e+03	 400.00	 433.33	 11.00	 45	 0.72	 
BMI_bf_109	 1	 7	 113.tif	 1.261938e+03	 11	 9.406895e+02	 110	 4.419935e+02	 98	 1.262954e+03	 416.67	 433.33	 20.00	 43	 0.65	 
BMI_bf_109	 1	 7	 020.tif	 1.265938e+03	 12	 999000	 120	 999000	 999	 1.266954e+03	 416.67	 433.33	 23.00	 20	 0.65	 
BMI_bf_109	 1	 7	 108.tif	 1.268938e+03	 12	 999000	 120	 999000	 999	 1.269954e+03	 416.67	 433.33	 8.00	 38	 0.74	 
BMI_bf_109	 1	 7	 125.tif	 1.270938e+03	 22	 9.883992e+02	 220	 4.748772e+02	 98	 1.271954e+03	 416.67	 450.00	 52.00	 55	 0.20	 
BMI_bf_109	 1	 7	 026.tif	 1.272937e+03	 24	 999000	 240	 999000	 999	 1.273954e+03	 416.67	 450.00	 43.00	 26	 0.30	 
BMI_bf_109	 1	 7	 129.tif	 1.277937e+03	 22	 1.012165e+03	 2200	 4.928194e+02	 98	 1.278954e+03	 416.67	 400.00	 37.00	 59	 0.42	 
BMI_bf_109	 1	 7	 022.tif	 1.281937e+03	 24	 999000	 240	 999000	 999	 1.282954e+03	 416.67	 400.00	 40.00	 22	 0.39	 
BMI_bf_109	 1	 7	 023.tif	 1.285937e+03	 22	 9.238726e+02	 220	 4.411435e+02	 98	 1.286954e+03	 416.67	 416.67	 50.00	 23	 0.23	 
BMI_bf_109	 1	 7	 016.tif	 1.291937e+03	 24	 999000	 240	 999000	 999	 1.292954e+03	 416.67	 416.67	 51.00	 16	 0.23	 
BMI_bf_109	 1	 7	 012.tif	 1.293937e+03	 24	 999000	 240	 999000	 999	 1.294954e+03	 416.67	 416.67	 56.00	 12	 0.15	 
BMI_bf_109	 1	 7	 028.tif	 1.295937e+03	 12	 999000	 120	 999000	 999	 1.296954e+03	 416.67	 416.67	 1.00	 28	 0.93	 
BMI_bf_109	 1	 7	 007.tif	 1.297937e+03	 24	 999000	 240	 999000	 999	 1.298954e+03	 416.67	 416.67	 48.00	 7	 0.29	 
BMI_bf_109	 1	 7	 124.tif	 1.299937e+03	 12	 999000	 120	 999000	 999	 1.300954e+03	 416.67	 416.67	 9.00	 54	 0.74	 
BMI_bf_109	 1	 7	 110.tif	 1.303937e+03	 12	 999000	 120	 999000	 999	 1.304953e+03	 416.67	 416.67	 3.00	 40	 0.82	 
BMI_bf_109	 1	 7	 024.tif	 1.305937e+03	 24	 999000	 240	 999000	 999	 1.306953e+03	 416.67	 416.67	 54.00	 24	 0.17	 
BMI_bf_109	 1	 7	 128.tif	 1.309937e+03	 24	 999000	 240	 999000	 999	 1.310953e+03	 416.67	 416.67	 32.00	 58	 0.48	 
BMI_bf_109	 1	 7	 104.tif	 1.311937e+03	 11	 9.549913e+02	 110	 4.585134e+02	 98	 1.312953e+03	 433.33	 416.67	 10.00	 34	 0.74	 
BMI_bf_109	 1	 7	 025.tif	 1.313937e+03	 11	 1.011030e+03	 1100	 4.760411e+02	 98	 1.314953e+03	 383.33	 416.67	 12.00	 25	 0.72	 
BMI_bf_109	 1	 7	 029.tif	 1.315937e+03	 24	 999000	 240	 999000	 999	 1.316953e+03	 383.33	 416.67	 33.00	 29	 0.46	 
BMI_bf_109	 1	 7	 118.tif	 1.320937e+03	 12	 999000	 120	 999000	 999	 1.321953e+03	 383.33	 416.67	 27.00	 48	 0.61	 
BMI_bf_109	 1	 7	 014.tif	 1.322937e+03	 11	 9.466117e+02	 110	 4.244760e+02	 98	 1.323953e+03	 400.00	 416.67	 13.00	 14	 0.71	 
BMI_bf_109	 1	 7	 120.tif	 1.324937e+03	 24	 999000	 240	 999000	 999	 1.325953e+03	 400.00	 416.67	 60.00	 50	 0.12	 
BMI_bf_109	 1	 7	 116.tif	 1.327937e+03	 12	 999000	 120	 999000	 999	 1.328953e+03	 400.00	 416.67	 19.00	 46	 0.66	 
BMI_bf_109	 1	 7	 117.tif	 1.334937e+03	 22	 9.701920e+02	 220	 4.584699e+02	 98	 1.335953e+03	 400.00	 433.33	 45.00	 47	 0.30	 
BMI_bf_109	 1	 7	 006.tif	 1.338937e+03	 24	 999000	 240	 999000	 999	 1.339953e+03	 400.00	 433.33	 57.00	 6	 0.14	 
BMI_bf_109	 1	 7	 030.tif	 1.345937e+03	 11	 9.457894e+02	 110	 4.418375e+02	 98	 1.346953e+03	 416.67	 433.33	 21.00	 30	 0.65	 
BMI_bf_109	 1	 7	 111.tif	 1.347936e+03	 12	 999000	 120	 999000	 999	 1.348953e+03	 416.67	 433.33	 2.00	 41	 0.84	 
BMI_bf_109	 1	 7	 001.tif	 1.351936e+03	 24	 999000	 240	 999000	 999	 1.352953e+03	 416.67	 433.33	 49.00	 1	 0.28	 
BMI_bf_109	 1	 7	 008.tif	 1.355936e+03	 22	 1.009393e+03	 2200	 4.741986e+02	 98	 1.356953e+03	 416.67	 383.33	 39.00	 8	 0.39	 
BMI_bf_109	 1	 7	 101.tif	 1.357936e+03	 22	 9.454003e+02	 220	 4.245053e+02	 98	 1.358953e+03	 416.67	 400.00	 36.00	 31	 0.42	 
BMI_bf_109	 1	 7	 017.tif	 1.361936e+03	 22	 9.612654e+02	 220	 4.421091e+02	 98	 1.362953e+03	 416.67	 416.67	 42.00	 17	 0.35	 
BMI_bf_109	 1	 7	 005.tif	 1.363936e+03	 24	 999000	 240	 999000	 999	 1.364953e+03	 416.67	 416.67	 31.00	 5	 0.48	 
BMI_bf_109	 1	 7	 013.tif	 1.365936e+03	 22	 1.009045e+03	 2200	 4.583401e+02	 98	 1.366953e+03	 416.67	 366.67	 47.00	 13	 0.29	 
BMI_bf_109	 1	 7	 011.tif	 1.371936e+03	 12	 999000	 120	 999000	 999	 1.372953e+03	 416.67	 366.67	 4.00	 11	 0.81	 
BMI_bf_109	 1	 7	 021.tif	 1.373936e+03	 24	 999000	 240	 999000	 999	 1.374953e+03	 416.67	 366.67	 38.00	 21	 0.41	 
BMI_bf_109	 1	 7	 106.tif	 1.376936e+03	 12	 999000	 120	 999000	 999	 1.377953e+03	 416.67	 366.67	 30.00	 36	 0.50	 
BMI_bf_109	 1	 7	 126.tif	 1.379936e+03	 11	 9.605787e+02	 110	 4.592882e+02	 98	 1.380953e+03	 433.33	 366.67	 15.00	 56	 0.70	 
BMI_bf_109	 1	 7	 103.tif	 1.381936e+03	 12	 999000	 120	 999000	 999	 1.382952e+03	 433.33	 366.67	 6.00	 33	 0.80	 
BMI_bf_109	 1	 7	 015.tif	 1.383936e+03	 22	 9.764251e+02	 220	 4.084132e+02	 98	 1.384952e+03	 433.33	 383.33	 44.00	 15	 0.30	 
BMI_bf_109	 1	 7	 122.tif	 1.385936e+03	 24	 999000	 240	 999000	 999	 1.386952e+03	 433.33	 383.33	 34.00	 52	 0.46	 
BMI_bf_109	 1	 7	 102.tif	 1.391936e+03	 12	 999000	 120	 999000	 999	 1.392952e+03	 433.33	 383.33	 5.00	 32	 0.80	 
BMI_bf_109	 1	 7	 121.tif	 1.393936e+03	 11	 1.048140e+03	 1100	 4.750691e+02	 98	 1.394952e+03	 383.33	 383.33	 7.00	 51	 0.75	 
BMI_bf_109	 1	 7	 130.tif	 1.395936e+03	 12	 999000	 120	 999000	 999	 1.396952e+03	 383.33	 383.33	 26.00	 60	 0.63	 
BMI_bf_109	 1	 7	 018.tif	 1.397936e+03	 24	 999000	 240	 999000	 999	 1.398952e+03	 383.33	 383.33	 35.00	 18	 0.45	 
BMI_bf_109	 1	 7	 114.tif	 1.400936e+03	 12	 999000	 120	 999000	 999	 1.401952e+03	 383.33	 383.33	 16.00	 44	 0.68	 
BMI_bf_109	 1	 7	 109.tif	 1.403936e+03	 12	 999000	 120	 999000	 999	 1.404952e+03	 383.33	 383.33	 22.00	 39	 0.65	 
