subjectID	 order	 runNum	 itemName	 onsetTime	 shuff_trialType	 RT	 respInTime	 AudioTime	 response	 fixationTime	 ladder1	 ladder2	 bidIndex	 itemNameIndex	 bidValue	 
BMI_bf_129	 1	 6	 021.tif	 9.795444e+02	 24	 999000	 240	 999000	 999	 9.805611e+02	 183.33	 183.33	 38.00	 21	 0.42	 
BMI_bf_129	 1	 6	 103.tif	 9.825446e+02	 24	 999000	 240	 999000	 999	 9.835610e+02	 183.33	 183.33	 32.00	 33	 0.49	 
BMI_bf_129	 1	 6	 124.tif	 9.845446e+02	 12	 999000	 120	 999000	 999	 9.855609e+02	 183.33	 183.33	 1.00	 54	 0.99	 
BMI_bf_129	 1	 6	 024.tif	 9.865446e+02	 22	 9.700296e+02	 220	 2.258352e+02	 98	 9.875609e+02	 183.33	 200.00	 37.00	 24	 0.43	 
BMI_bf_129	 1	 6	 017.tif	 9.885445e+02	 24	 999000	 240	 999000	 999	 9.895608e+02	 183.33	 200.00	 58.00	 17	 0.10	 
BMI_bf_129	 1	 6	 105.tif	 9.915445e+02	 22	 8.978596e+02	 220	 2.416190e+02	 98	 9.925608e+02	 183.33	 216.67	 53.00	 35	 0.18	 
BMI_bf_129	 1	 6	 123.tif	 9.935444e+02	 12	 999000	 120	 999000	 999	 9.945607e+02	 183.33	 216.67	 17.00	 53	 0.65	 
BMI_bf_129	 1	 6	 014.tif	 9.975444e+02	 12	 999000	 120	 999000	 999	 9.985607e+02	 183.33	 216.67	 19.00	 14	 0.64	 
BMI_bf_129	 1	 6	 009.tif	 9.995443e+02	 12	 999000	 120	 999000	 999	 1.000561e+03	 183.33	 216.67	 27.00	 9	 0.55	 
BMI_bf_129	 1	 6	 001.tif	 1.004544e+03	 24	 999000	 240	 999000	 999	 1.005561e+03	 183.33	 216.67	 55.00	 1	 0.16	 
BMI_bf_129	 1	 6	 102.tif	 1.006544e+03	 12	 999000	 120	 999000	 999	 1.007560e+03	 183.33	 216.67	 6.00	 32	 0.83	 
BMI_bf_129	 1	 6	 107.tif	 1.010544e+03	 24	 999000	 240	 999000	 999	 1.011560e+03	 183.33	 216.67	 59.00	 37	 0.09	 
BMI_bf_129	 1	 6	 008.tif	 1.012544e+03	 22	 1.121095e+03	 2200	 2.572171e+02	 98	 1.013560e+03	 183.33	 166.67	 47.00	 8	 0.29	 
BMI_bf_129	 1	 6	 129.tif	 1.015544e+03	 24	 999000	 240	 999000	 999	 1.016560e+03	 183.33	 166.67	 33.00	 59	 0.48	 
BMI_bf_129	 1	 6	 025.tif	 1.020544e+03	 11	 1.296795e+03	 1100	 2.255225e+02	 98	 1.021560e+03	 133.33	 166.67	 24.00	 25	 0.58	 
BMI_bf_129	 1	 6	 108.tif	 1.022544e+03	 12	 999000	 120	 999000	 999	 1.023560e+03	 133.33	 166.67	 3.00	 38	 0.85	 
BMI_bf_129	 1	 6	 011.tif	 1.024544e+03	 24	 999000	 240	 999000	 999	 1.025560e+03	 133.33	 166.67	 43.00	 11	 0.37	 
BMI_bf_129	 1	 6	 116.tif	 1.028544e+03	 11	 8.244807e+02	 110	 1.745721e+02	 98	 1.029560e+03	 150.00	 166.67	 21.00	 46	 0.61	 
BMI_bf_129	 1	 6	 010.tif	 1.032544e+03	 22	 9.044201e+02	 220	 2.078762e+02	 98	 1.033560e+03	 150.00	 183.33	 36.00	 10	 0.43	 
BMI_bf_129	 1	 6	 022.tif	 1.036544e+03	 22	 8.882636e+02	 220	 2.247047e+02	 98	 1.037560e+03	 150.00	 200.00	 52.00	 22	 0.23	 
BMI_bf_129	 1	 6	 126.tif	 1.038543e+03	 11	 7.601131e+02	 110	 1.915708e+02	 98	 1.039560e+03	 166.67	 200.00	 18.00	 56	 0.65	 
BMI_bf_129	 1	 6	 111.tif	 1.040543e+03	 22	 7.840953e+02	 220	 2.421505e+02	 98	 1.041560e+03	 166.67	 216.67	 39.00	 41	 0.41	 
BMI_bf_129	 1	 6	 005.tif	 1.042543e+03	 24	 3.360521e+02	 24	 999000	 98	 1.043560e+03	 166.67	 216.67	 56.00	 5	 0.13	 
BMI_bf_129	 1	 6	 125.tif	 1.044543e+03	 24	 999000	 240	 999000	 999	 1.045560e+03	 166.67	 216.67	 57.00	 55	 0.12	 
BMI_bf_129	 1	 6	 112.tif	 1.050543e+03	 24	 999000	 240	 999000	 999	 1.051560e+03	 166.67	 216.67	 51.00	 42	 0.25	 
BMI_bf_129	 1	 6	 029.tif	 1.053543e+03	 11	 1.031621e+03	 1100	 2.085596e+02	 98	 1.054560e+03	 116.67	 216.67	 20.00	 29	 0.61	 
BMI_bf_129	 1	 6	 128.tif	 1.055543e+03	 11	 7.675937e+02	 110	 1.573898e+02	 98	 1.056559e+03	 133.33	 216.67	 13.00	 58	 0.71	 
BMI_bf_129	 1	 6	 115.tif	 1.057543e+03	 12	 999000	 120	 999000	 999	 1.058559e+03	 133.33	 216.67	 28.00	 45	 0.54	 
BMI_bf_129	 1	 6	 114.tif	 1.060543e+03	 12	 999000	 120	 999000	 999	 1.061559e+03	 133.33	 216.67	 16.00	 44	 0.67	 
BMI_bf_129	 1	 6	 118.tif	 1.062543e+03	 12	 999000	 120	 999000	 999	 1.063559e+03	 133.33	 216.67	 5.00	 48	 0.84	 
BMI_bf_129	 1	 6	 002.tif	 1.064543e+03	 11	 8.792616e+02	 110	 1.753717e+02	 98	 1.065559e+03	 150.00	 216.67	 15.00	 2	 0.69	 
BMI_bf_129	 1	 6	 023.tif	 1.066543e+03	 12	 999000	 120	 999000	 999	 1.067559e+03	 150.00	 216.67	 30.00	 23	 0.52	 
BMI_bf_129	 1	 6	 016.tif	 1.069543e+03	 24	 999000	 240	 999000	 999	 1.070559e+03	 150.00	 216.67	 41.00	 16	 0.38	 
BMI_bf_129	 1	 6	 104.tif	 1.071543e+03	 12	 999000	 120	 999000	 999	 1.072559e+03	 150.00	 216.67	 14.00	 34	 0.71	 
BMI_bf_129	 1	 6	 018.tif	 1.073543e+03	 12	 999000	 120	 999000	 999	 1.074559e+03	 150.00	 216.67	 23.00	 18	 0.58	 
BMI_bf_129	 1	 6	 113.tif	 1.075543e+03	 11	 1.118878e+03	 1100	 1.908056e+02	 98	 1.076559e+03	 100.00	 216.67	 7.00	 43	 0.81	 
BMI_bf_129	 1	 6	 109.tif	 1.077543e+03	 11	 7.588142e+02	 110	 1.441730e+02	 98	 1.078559e+03	 116.67	 216.67	 12.00	 39	 0.73	 
BMI_bf_129	 1	 6	 110.tif	 1.083543e+03	 24	 999000	 240	 999000	 999	 1.084559e+03	 116.67	 216.67	 40.00	 40	 0.41	 
BMI_bf_129	 1	 6	 007.tif	 1.086559e+03	 24	 999000	 240	 999000	 999	 1.087575e+03	 116.67	 216.67	 49.00	 7	 0.28	 
BMI_bf_129	 1	 6	 127.tif	 1.090542e+03	 12	 999000	 120	 999000	 999	 1.091559e+03	 116.67	 216.67	 4.00	 57	 0.85	 
BMI_bf_129	 1	 6	 130.tif	 1.096559e+03	 12	 999000	 120	 999000	 999	 1.097575e+03	 116.67	 216.67	 11.00	 60	 0.74	 
BMI_bf_129	 1	 6	 015.tif	 1.098559e+03	 22	 1.045342e+03	 2200	 2.589552e+02	 98	 1.099575e+03	 116.67	 166.67	 42.00	 15	 0.38	 
BMI_bf_129	 1	 6	 020.tif	 1.103559e+03	 12	 999000	 120	 999000	 999	 1.104575e+03	 116.67	 166.67	 2.00	 20	 0.95	 
BMI_bf_129	 1	 6	 106.tif	 1.106559e+03	 11	 9.972685e+02	 110	 1.590186e+02	 98	 1.107575e+03	 133.33	 166.67	 10.00	 36	 0.75	 
BMI_bf_129	 1	 6	 120.tif	 1.108559e+03	 24	 999000	 240	 999000	 999	 1.109575e+03	 133.33	 166.67	 60.00	 50	 0.06	 
BMI_bf_129	 1	 6	 013.tif	 1.111559e+03	 11	 1.044889e+03	 1100	 1.759842e+02	 98	 1.112575e+03	 83.33	 166.67	 25.00	 13	 0.57	 
BMI_bf_129	 1	 6	 012.tif	 1.113558e+03	 12	 999000	 120	 999000	 999	 1.114575e+03	 83.33	 166.67	 29.00	 12	 0.52	 
BMI_bf_129	 1	 6	 117.tif	 1.117558e+03	 24	 999000	 240	 999000	 999	 1.118575e+03	 83.33	 166.67	 54.00	 47	 0.17	 
BMI_bf_129	 1	 6	 119.tif	 1.121558e+03	 12	 999000	 120	 999000	 999	 1.122575e+03	 83.33	 166.67	 26.00	 49	 0.55	 
BMI_bf_129	 1	 6	 004.tif	 1.123558e+03	 24	 999000	 240	 999000	 999	 1.124575e+03	 83.33	 166.67	 31.00	 4	 0.50	 
BMI_bf_129	 1	 6	 122.tif	 1.130558e+03	 24	 999000	 240	 999000	 999	 1.131575e+03	 83.33	 166.67	 34.00	 52	 0.46	 
BMI_bf_129	 1	 6	 028.tif	 1.132558e+03	 22	 1.020112e+03	 2200	 2.091893e+02	 98	 1.133575e+03	 83.33	 116.67	 50.00	 28	 0.28	 
BMI_bf_129	 1	 6	 006.tif	 1.135558e+03	 24	 999000	 240	 999000	 999	 1.136574e+03	 83.33	 116.67	 46.00	 6	 0.30	 
BMI_bf_129	 1	 6	 121.tif	 1.139558e+03	 12	 999000	 120	 999000	 999	 1.140574e+03	 83.33	 116.67	 22.00	 51	 0.59	 
BMI_bf_129	 1	 6	 003.tif	 1.143558e+03	 24	 999000	 240	 999000	 999	 1.144574e+03	 83.33	 116.67	 35.00	 3	 0.44	 
BMI_bf_129	 1	 6	 019.tif	 1.147558e+03	 22	 8.036553e+02	 220	 1.581659e+02	 98	 1.148574e+03	 83.33	 133.33	 44.00	 19	 0.34	 
BMI_bf_129	 1	 6	 030.tif	 1.150558e+03	 22	 8.274890e+02	 220	 1.752504e+02	 98	 1.151574e+03	 83.33	 150.00	 45.00	 30	 0.33	 
BMI_bf_129	 1	 6	 101.tif	 1.152558e+03	 12	 999000	 120	 999000	 999	 1.153574e+03	 83.33	 150.00	 9.00	 31	 0.75	 
BMI_bf_129	 1	 6	 027.tif	 1.156558e+03	 24	 999000	 240	 999000	 999	 1.157574e+03	 83.33	 150.00	 48.00	 27	 0.28	 
BMI_bf_129	 1	 6	 026.tif	 1.163558e+03	 12	 999000	 120	 999000	 999	 1.164574e+03	 83.33	 150.00	 8.00	 26	 0.75	 
