subjectID	 order	 runNum	 itemName	 onsetTime	 shuff_trialType	 RT	 respInTime	 AudioTime	 response	 fixationTime	 ladder1	 ladder2	 bidIndex	 itemNameIndex	 bidValue	 
BMI_bf_107	 1	 2	 008.tif	 1.887114e+02	 24	 999000	 240	 999000	 999	 1.897280e+02	 316.67	 383.33	 51.00	 8	 0.25	 
BMI_bf_107	 1	 2	 005.tif	 1.937116e+02	 12	 999000	 120	 999000	 999	 1.947280e+02	 316.67	 383.33	 30.00	 5	 0.51	 
BMI_bf_107	 1	 2	 128.tif	 1.957116e+02	 12	 999000	 120	 999000	 999	 1.967280e+02	 316.67	 383.33	 28.00	 58	 0.56	 
BMI_bf_107	 1	 2	 014.tif	 1.977115e+02	 12	 999000	 120	 999000	 999	 1.987279e+02	 316.67	 383.33	 14.00	 14	 0.73	 
BMI_bf_107	 1	 2	 117.tif	 2.037114e+02	 22	 9.444999e+02	 220	 4.263459e+02	 98	 2.047278e+02	 316.67	 400.00	 47.00	 47	 0.28	 
BMI_bf_107	 1	 2	 125.tif	 2.057112e+02	 12	 999000	 120	 999000	 999	 2.067277e+02	 316.67	 400.00	 22.00	 55	 0.63	 
BMI_bf_107	 1	 2	 115.tif	 2.087113e+02	 11	 9.283143e+02	 110	 3.599083e+02	 98	 2.097277e+02	 333.33	 400.00	 15.00	 45	 0.73	 
BMI_bf_107	 1	 2	 107.tif	 2.107113e+02	 24	 999000	 240	 999000	 999	 2.117276e+02	 333.33	 400.00	 58.00	 37	 0.11	 
BMI_bf_107	 1	 2	 010.tif	 2.147112e+02	 22	 1.048088e+03	 2200	 4.434032e+02	 98	 2.157276e+02	 333.33	 350.00	 36.00	 10	 0.44	 
BMI_bf_107	 1	 2	 111.tif	 2.167110e+02	 24	 999000	 240	 999000	 999	 2.177276e+02	 333.33	 350.00	 33.00	 41	 0.48	 
BMI_bf_107	 1	 2	 112.tif	 2.217111e+02	 24	 999000	 240	 999000	 999	 2.227274e+02	 333.33	 350.00	 32.00	 42	 0.49	 
BMI_bf_107	 1	 2	 124.tif	 2.287110e+02	 22	 9.516548e+02	 220	 3.925713e+02	 98	 2.297273e+02	 333.33	 366.67	 37.00	 54	 0.43	 
BMI_bf_107	 1	 2	 018.tif	 2.307109e+02	 24	 999000	 240	 999000	 999	 2.317273e+02	 333.33	 366.67	 49.00	 18	 0.26	 
BMI_bf_107	 1	 2	 024.tif	 2.337109e+02	 12	 999000	 120	 999000	 999	 2.347272e+02	 333.33	 366.67	 27.00	 24	 0.56	 
BMI_bf_107	 1	 2	 116.tif	 2.367108e+02	 11	 1.023373e+03	 1100	 3.757534e+02	 98	 2.377272e+02	 283.33	 366.67	 10.00	 46	 0.74	 
BMI_bf_107	 1	 2	 007.tif	 2.407108e+02	 12	 999000	 120	 999000	 999	 2.417271e+02	 283.33	 366.67	 26.00	 7	 0.59	 
BMI_bf_107	 1	 2	 020.tif	 2.447107e+02	 12	 999000	 120	 999000	 999	 2.457270e+02	 283.33	 366.67	 3.00	 20	 0.85	 
BMI_bf_107	 1	 2	 114.tif	 2.487106e+02	 11	 8.869091e+02	 110	 3.254787e+02	 98	 2.497270e+02	 300.00	 366.67	 18.00	 44	 0.68	 
BMI_bf_107	 1	 2	 016.tif	 2.517106e+02	 22	 1.030773e+03	 2200	 4.094153e+02	 98	 2.527269e+02	 300.00	 316.67	 53.00	 16	 0.22	 
BMI_bf_107	 1	 2	 118.tif	 2.577105e+02	 12	 999000	 120	 999000	 999	 2.587268e+02	 300.00	 316.67	 6.00	 48	 0.81	 
BMI_bf_107	 1	 2	 113.tif	 2.597104e+02	 12	 999000	 120	 999000	 999	 2.607267e+02	 300.00	 316.67	 5.00	 43	 0.81	 
BMI_bf_107	 1	 2	 009.tif	 2.627103e+02	 24	 999000	 240	 999000	 999	 2.637267e+02	 300.00	 316.67	 34.00	 9	 0.47	 
BMI_bf_107	 1	 2	 119.tif	 2.647104e+02	 22	 9.742935e+02	 220	 3.584337e+02	 98	 2.657267e+02	 300.00	 333.33	 50.00	 49	 0.26	 
BMI_bf_107	 1	 2	 121.tif	 2.667103e+02	 12	 999000	 120	 999000	 999	 2.677266e+02	 300.00	 333.33	 11.00	 51	 0.74	 
BMI_bf_107	 1	 2	 019.tif	 2.687102e+02	 24	 999000	 240	 999000	 999	 2.697266e+02	 300.00	 333.33	 54.00	 19	 0.22	 
BMI_bf_107	 1	 2	 105.tif	 2.717102e+02	 24	 999000	 240	 999000	 999	 2.727265e+02	 300.00	 333.33	 60.00	 35	 0.10	 
BMI_bf_107	 1	 2	 108.tif	 2.757101e+02	 12	 999000	 120	 999000	 999	 2.767264e+02	 300.00	 333.33	 23.00	 38	 0.63	 
BMI_bf_107	 1	 2	 126.tif	 2.777101e+02	 11	 9.579223e+02	 110	 3.402546e+02	 98	 2.787264e+02	 316.67	 333.33	 21.00	 56	 0.64	 
BMI_bf_107	 1	 2	 017.tif	 2.797101e+02	 24	 999000	 240	 999000	 999	 2.807264e+02	 316.67	 333.33	 56.00	 17	 0.12	 
BMI_bf_107	 1	 2	 021.tif	 2.817100e+02	 22	 9.657784e+02	 220	 3.765294e+02	 98	 2.827263e+02	 316.67	 350.00	 45.00	 21	 0.29	 
BMI_bf_107	 1	 2	 109.tif	 2.837100e+02	 12	 999000	 120	 999000	 999	 2.847263e+02	 316.67	 350.00	 2.00	 39	 0.85	 
BMI_bf_107	 1	 2	 103.tif	 2.857100e+02	 11	 9.335645e+02	 110	 3.597114e+02	 98	 2.867263e+02	 333.33	 350.00	 20.00	 33	 0.64	 
BMI_bf_107	 1	 2	 002.tif	 2.897099e+02	 11	 9.414801e+02	 110	 3.758249e+02	 98	 2.907262e+02	 350.00	 350.00	 13.00	 2	 0.73	 
BMI_bf_107	 1	 2	 001.tif	 2.937098e+02	 24	 999000	 240	 999000	 999	 2.947261e+02	 350.00	 350.00	 46.00	 1	 0.28	 
BMI_bf_107	 1	 2	 104.tif	 2.957098e+02	 12	 999000	 120	 999000	 999	 2.967261e+02	 350.00	 350.00	 19.00	 34	 0.66	 
BMI_bf_107	 1	 2	 123.tif	 2.977097e+02	 12	 999000	 120	 999000	 999	 2.987260e+02	 350.00	 350.00	 9.00	 53	 0.78	 
BMI_bf_107	 1	 2	 106.tif	 2.997096e+02	 24	 999000	 240	 999000	 999	 3.007260e+02	 350.00	 350.00	 31.00	 36	 0.49	 
BMI_bf_107	 1	 2	 013.tif	 3.017096e+02	 24	 999000	 240	 999000	 999	 3.027260e+02	 350.00	 350.00	 35.00	 13	 0.46	 
BMI_bf_107	 1	 2	 023.tif	 3.077095e+02	 24	 999000	 240	 999000	 999	 3.087259e+02	 350.00	 350.00	 55.00	 23	 0.19	 
BMI_bf_107	 1	 2	 129.tif	 3.097095e+02	 11	 9.647545e+02	 110	 3.992780e+02	 98	 3.107259e+02	 366.67	 350.00	 25.00	 59	 0.59	 
BMI_bf_107	 1	 2	 120.tif	 3.117093e+02	 11	 9.809739e+02	 110	 4.094268e+02	 98	 3.127258e+02	 383.33	 350.00	 24.00	 50	 0.63	 
BMI_bf_107	 1	 2	 015.tif	 3.137094e+02	 22	 9.566850e+02	 220	 3.928201e+02	 98	 3.147258e+02	 383.33	 366.67	 44.00	 15	 0.31	 
BMI_bf_107	 1	 2	 101.tif	 3.167094e+02	 12	 999000	 120	 999000	 999	 3.177257e+02	 383.33	 366.67	 8.00	 31	 0.80	 
BMI_bf_107	 1	 2	 130.tif	 3.187090e+02	 12	 999000	 120	 999000	 999	 3.197257e+02	 383.33	 366.67	 4.00	 60	 0.83	 
BMI_bf_107	 1	 2	 027.tif	 3.257092e+02	 24	 999000	 240	 999000	 999	 3.267255e+02	 383.33	 366.67	 48.00	 27	 0.27	 
BMI_bf_107	 1	 2	 025.tif	 3.277092e+02	 22	 9.641336e+02	 220	 4.098599e+02	 98	 3.287255e+02	 383.33	 383.33	 42.00	 25	 0.31	 
BMI_bf_107	 1	 2	 026.tif	 3.317091e+02	 24	 999000	 240	 999000	 999	 3.327254e+02	 383.33	 383.33	 41.00	 26	 0.33	 
BMI_bf_107	 1	 2	 006.tif	 3.357090e+02	 24	 999000	 240	 999000	 999	 3.367254e+02	 383.33	 383.33	 57.00	 6	 0.11	 
BMI_bf_107	 1	 2	 030.tif	 3.387090e+02	 12	 999000	 120	 999000	 999	 3.397253e+02	 383.33	 383.33	 29.00	 30	 0.56	 
BMI_bf_107	 1	 2	 011.tif	 3.407089e+02	 12	 999000	 120	 999000	 999	 3.417253e+02	 383.33	 383.33	 17.00	 11	 0.71	 
BMI_bf_107	 1	 2	 012.tif	 3.447088e+02	 24	 999000	 240	 999000	 999	 3.457252e+02	 383.33	 383.33	 40.00	 12	 0.33	 
BMI_bf_107	 1	 2	 102.tif	 3.467088e+02	 12	 999000	 120	 999000	 999	 3.477252e+02	 383.33	 383.33	 1.00	 32	 0.86	 
BMI_bf_107	 1	 2	 022.tif	 3.497088e+02	 24	 999000	 240	 999000	 999	 3.507251e+02	 383.33	 383.33	 38.00	 22	 0.41	 
BMI_bf_107	 1	 2	 110.tif	 3.537087e+02	 11	 1.163220e+03	 1100	 4.249498e+02	 98	 3.547250e+02	 333.33	 383.33	 7.00	 40	 0.80	 
BMI_bf_107	 1	 2	 003.tif	 3.557085e+02	 22	 1.059325e+03	 2200	 4.257902e+02	 98	 3.567250e+02	 333.33	 333.33	 52.00	 3	 0.24	 
BMI_bf_107	 1	 2	 004.tif	 3.607086e+02	 24	 999000	 240	 999000	 999	 3.617249e+02	 333.33	 333.33	 43.00	 4	 0.31	 
BMI_bf_107	 1	 2	 127.tif	 3.627085e+02	 11	 1.002876e+03	 1100	 3.747569e+02	 98	 3.637249e+02	 283.33	 333.33	 12.00	 57	 0.74	 
BMI_bf_107	 1	 2	 029.tif	 3.667084e+02	 24	 999000	 240	 999000	 999	 3.677248e+02	 283.33	 333.33	 59.00	 29	 0.10	 
BMI_bf_107	 1	 2	 028.tif	 3.697084e+02	 22	 1.042689e+03	 2200	 3.753591e+02	 98	 3.707247e+02	 283.33	 283.33	 39.00	 28	 0.36	 
BMI_bf_107	 1	 2	 122.tif	 3.727083e+02	 12	 999000	 120	 999000	 999	 3.737247e+02	 283.33	 283.33	 16.00	 52	 0.71	 
