subjectID	 order	 runNum	 itemName	 onsetTime	 shuff_trialType	 RT	 respInTime	 AudioTime	 response	 fixationTime	 ladder1	 ladder2	 bidIndex	 itemNameIndex	 bidValue	 
BMI_bf_125	 1	 10	 009.tif	 1.952669e+03	 22	 9.406479e+02	 220	 3.582595e+02	 98	 1.953686e+03	 316.67	 333.33	 53.00	 9	 0.23	 
BMI_bf_125	 1	 10	 006.tif	 1.955670e+03	 24	 999000	 240	 999000	 999	 1.956686e+03	 316.67	 333.33	 58.00	 6	 0.14	 
BMI_bf_125	 1	 10	 026.tif	 1.959669e+03	 12	 999000	 120	 999000	 999	 1.960686e+03	 316.67	 333.33	 30.00	 26	 0.46	 
BMI_bf_125	 1	 10	 118.tif	 1.961669e+03	 12	 999000	 120	 999000	 999	 1.962686e+03	 316.67	 333.33	 22.00	 48	 0.63	 
BMI_bf_125	 1	 10	 015.tif	 1.963669e+03	 12	 999000	 120	 999000	 999	 1.964686e+03	 316.67	 333.33	 29.00	 15	 0.46	 
BMI_bf_125	 1	 10	 113.tif	 1.967669e+03	 11	 9.878318e+02	 110	 3.591228e+02	 98	 1.968686e+03	 333.33	 333.33	 13.00	 43	 0.74	 
BMI_bf_125	 1	 10	 121.tif	 1.969669e+03	 12	 999000	 120	 999000	 999	 1.970686e+03	 333.33	 333.33	 16.00	 51	 0.67	 
BMI_bf_125	 1	 10	 123.tif	 1.974669e+03	 11	 9.795884e+02	 110	 3.752357e+02	 98	 1.975686e+03	 350.00	 333.33	 25.00	 53	 0.58	 
BMI_bf_125	 1	 10	 010.tif	 1.976669e+03	 22	 1.027626e+03	 2200	 3.741922e+02	 98	 1.977686e+03	 350.00	 283.33	 36.00	 10	 0.44	 
BMI_bf_125	 1	 10	 127.tif	 1.979669e+03	 12	 999000	 120	 999000	 999	 1.980685e+03	 350.00	 283.33	 6.00	 57	 0.82	 
BMI_bf_125	 1	 10	 017.tif	 1.982669e+03	 24	 999000	 240	 999000	 999	 1.983685e+03	 350.00	 283.33	 56.00	 17	 0.18	 
BMI_bf_125	 1	 10	 116.tif	 1.986669e+03	 12	 999000	 120	 999000	 999	 1.987685e+03	 350.00	 283.33	 14.00	 46	 0.71	 
BMI_bf_125	 1	 10	 012.tif	 1.989669e+03	 22	 9.390840e+02	 220	 3.258249e+02	 98	 1.990685e+03	 350.00	 300.00	 50.00	 12	 0.25	 
BMI_bf_125	 1	 10	 101.tif	 1.991669e+03	 12	 999000	 120	 999000	 999	 1.992685e+03	 350.00	 300.00	 23.00	 31	 0.63	 
BMI_bf_125	 1	 10	 110.tif	 1.994669e+03	 12	 999000	 120	 999000	 999	 1.995685e+03	 350.00	 300.00	 1.00	 40	 0.90	 
BMI_bf_125	 1	 10	 111.tif	 1.998669e+03	 12	 999000	 120	 999000	 999	 1.999685e+03	 350.00	 300.00	 3.00	 41	 0.84	 
BMI_bf_125	 1	 10	 011.tif	 2.001669e+03	 11	 1.010580e+03	 1100	 4.107709e+02	 98	 2.002685e+03	 300.00	 300.00	 15.00	 11	 0.70	 
BMI_bf_125	 1	 10	 115.tif	 2.003669e+03	 24	 999000	 240	 999000	 999	 2.004685e+03	 300.00	 300.00	 33.00	 45	 0.44	 
BMI_bf_125	 1	 10	 108.tif	 2.005669e+03	 11	 8.584944e+02	 110	 3.420163e+02	 98	 2.006685e+03	 316.67	 300.00	 12.00	 38	 0.76	 
BMI_bf_125	 1	 10	 018.tif	 2.010669e+03	 24	 999000	 240	 999000	 999	 2.011685e+03	 316.67	 300.00	 38.00	 18	 0.42	 
BMI_bf_125	 1	 10	 102.tif	 2.014668e+03	 12	 999000	 120	 999000	 999	 2.015685e+03	 316.67	 300.00	 5.00	 32	 0.83	 
BMI_bf_125	 1	 10	 120.tif	 2.018668e+03	 24	 999000	 240	 999000	 999	 2.019685e+03	 316.67	 300.00	 49.00	 50	 0.25	 
BMI_bf_125	 1	 10	 004.tif	 2.024668e+03	 22	 9.538372e+02	 220	 3.430293e+02	 98	 2.025685e+03	 316.67	 316.67	 39.00	 4	 0.42	 
BMI_bf_125	 1	 10	 112.tif	 2.026668e+03	 11	 9.378198e+02	 110	 3.587645e+02	 98	 2.027685e+03	 333.33	 316.67	 21.00	 42	 0.64	 
BMI_bf_125	 1	 10	 024.tif	 2.028668e+03	 22	 8.896780e+02	 220	 3.603746e+02	 98	 2.029685e+03	 333.33	 333.33	 44.00	 24	 0.33	 
BMI_bf_125	 1	 10	 114.tif	 2.030668e+03	 24	 999000	 240	 999000	 999	 2.031684e+03	 333.33	 333.33	 54.00	 44	 0.22	 
BMI_bf_125	 1	 10	 019.tif	 2.032668e+03	 24	 999000	 240	 999000	 999	 2.033684e+03	 333.33	 333.33	 51.00	 19	 0.24	 
BMI_bf_125	 1	 10	 130.tif	 2.036668e+03	 11	 9.293832e+02	 110	 3.765596e+02	 98	 2.037684e+03	 350.00	 333.33	 7.00	 60	 0.81	 
BMI_bf_125	 1	 10	 122.tif	 2.038668e+03	 11	 9.053206e+02	 110	 3.912380e+02	 98	 2.039684e+03	 366.67	 333.33	 18.00	 52	 0.64	 
BMI_bf_125	 1	 10	 106.tif	 2.042668e+03	 24	 999000	 240	 999000	 999	 2.043684e+03	 366.67	 333.33	 35.00	 36	 0.44	 
BMI_bf_125	 1	 10	 013.tif	 2.044668e+03	 11	 9.290638e+02	 110	 4.096024e+02	 98	 2.045684e+03	 383.33	 333.33	 20.00	 13	 0.64	 
BMI_bf_125	 1	 10	 105.tif	 2.046668e+03	 22	 9.130337e+02	 220	 3.758059e+02	 98	 2.047684e+03	 383.33	 350.00	 45.00	 35	 0.30	 
BMI_bf_125	 1	 10	 128.tif	 2.048668e+03	 22	 9.129054e+02	 220	 3.920796e+02	 98	 2.049684e+03	 383.33	 366.67	 52.00	 58	 0.24	 
BMI_bf_125	 1	 10	 021.tif	 2.053668e+03	 11	 9.687949e+02	 110	 4.251979e+02	 98	 2.054684e+03	 400.00	 366.67	 24.00	 21	 0.61	 
BMI_bf_125	 1	 10	 020.tif	 2.055668e+03	 12	 999000	 120	 999000	 999	 2.056684e+03	 400.00	 366.67	 2.00	 20	 0.87	 
BMI_bf_125	 1	 10	 117.tif	 2.057668e+03	 24	 999000	 240	 999000	 999	 2.058684e+03	 400.00	 366.67	 31.00	 47	 0.46	 
BMI_bf_125	 1	 10	 023.tif	 2.060668e+03	 24	 999000	 240	 999000	 999	 2.061684e+03	 400.00	 366.67	 43.00	 23	 0.36	 
BMI_bf_125	 1	 10	 025.tif	 2.067667e+03	 24	 999000	 240	 999000	 999	 2.068684e+03	 400.00	 366.67	 48.00	 25	 0.27	 
BMI_bf_125	 1	 10	 001.tif	 2.071667e+03	 24	 999000	 240	 999000	 999	 2.072684e+03	 400.00	 366.67	 55.00	 1	 0.19	 
BMI_bf_125	 1	 10	 030.tif	 2.078667e+03	 12	 999000	 120	 999000	 999	 2.079684e+03	 400.00	 366.67	 19.00	 30	 0.64	 
BMI_bf_125	 1	 10	 125.tif	 2.080667e+03	 12	 999000	 120	 999000	 999	 2.081684e+03	 400.00	 366.67	 28.00	 55	 0.47	 
BMI_bf_125	 1	 10	 022.tif	 2.084667e+03	 12	 999000	 120	 999000	 999	 2.085684e+03	 400.00	 366.67	 17.00	 22	 0.65	 
BMI_bf_125	 1	 10	 129.tif	 2.088667e+03	 24	 999000	 240	 999000	 999	 2.089683e+03	 400.00	 366.67	 41.00	 59	 0.39	 
BMI_bf_125	 1	 10	 027.tif	 2.090667e+03	 22	 1.039472e+03	 2200	 4.092420e+02	 98	 2.091683e+03	 400.00	 316.67	 47.00	 27	 0.28	 
BMI_bf_125	 1	 10	 029.tif	 2.094667e+03	 22	 9.433637e+02	 220	 3.598790e+02	 98	 2.095683e+03	 400.00	 333.33	 37.00	 29	 0.43	 
BMI_bf_125	 1	 10	 124.tif	 2.096667e+03	 12	 999000	 120	 999000	 999	 2.097683e+03	 400.00	 333.33	 11.00	 54	 0.77	 
BMI_bf_125	 1	 10	 103.tif	 2.098667e+03	 12	 999000	 120	 999000	 999	 2.099683e+03	 400.00	 333.33	 9.00	 33	 0.78	 
BMI_bf_125	 1	 10	 007.tif	 2.104667e+03	 12	 999000	 120	 999000	 999	 2.105683e+03	 400.00	 333.33	 27.00	 7	 0.55	 
BMI_bf_125	 1	 10	 005.tif	 2.106667e+03	 24	 999000	 240	 999000	 999	 2.107683e+03	 400.00	 333.33	 34.00	 5	 0.44	 
BMI_bf_125	 1	 10	 107.tif	 2.109667e+03	 24	 999000	 240	 999000	 999	 2.110683e+03	 400.00	 333.33	 59.00	 37	 0.11	 
BMI_bf_125	 1	 10	 104.tif	 2.112667e+03	 12	 999000	 120	 999000	 999	 2.113683e+03	 400.00	 333.33	 4.00	 34	 0.84	 
BMI_bf_125	 1	 10	 002.tif	 2.114667e+03	 24	 999000	 240	 999000	 999	 2.115683e+03	 400.00	 333.33	 60.00	 2	 0.06	 
BMI_bf_125	 1	 10	 008.tif	 2.116667e+03	 24	 999000	 240	 999000	 999	 2.117683e+03	 400.00	 333.33	 46.00	 8	 0.29	 
BMI_bf_125	 1	 10	 126.tif	 2.118667e+03	 12	 999000	 120	 999000	 999	 2.119683e+03	 400.00	 333.33	 8.00	 56	 0.80	 
BMI_bf_125	 1	 10	 109.tif	 2.124666e+03	 12	 999000	 120	 999000	 999	 2.125683e+03	 400.00	 333.33	 26.00	 39	 0.57	 
BMI_bf_125	 1	 10	 016.tif	 2.126666e+03	 24	 999000	 240	 999000	 999	 2.127683e+03	 400.00	 333.33	 57.00	 16	 0.16	 
BMI_bf_125	 1	 10	 119.tif	 2.128666e+03	 24	 999000	 240	 999000	 999	 2.129683e+03	 400.00	 333.33	 32.00	 49	 0.46	 
BMI_bf_125	 1	 10	 014.tif	 2.130666e+03	 11	 1.062078e+03	 1100	 4.427865e+02	 98	 2.131683e+03	 350.00	 333.33	 10.00	 14	 0.77	 
BMI_bf_125	 1	 10	 028.tif	 2.133666e+03	 22	 9.020593e+02	 220	 3.768231e+02	 98	 2.134683e+03	 350.00	 350.00	 42.00	 28	 0.36	 
BMI_bf_125	 1	 10	 003.tif	 2.136666e+03	 24	 999000	 240	 999000	 999	 2.137683e+03	 350.00	 350.00	 40.00	 3	 0.40	 
