1	 34	 122.tif	 1	 1	 7	 0	 
2	 22	 030.tif	 1	 1	 39	 0	 
3	 27	 106.tif	 1	 1	 22	 1	 
4	 56	 416.tif	 0	 0	 0	 0	 
5	 33	 120.tif	 1	 1	 36	 0	 
6	 43	 403.tif	 0	 0	 0	 0	 
7	 2	 003.tif	 1	 1	 53	 0	 
8	 39	 128.tif	 1	 1	 26	 1	 
9	 13	 019.tif	 1	 1	 50	 0	 
10	 3	 004.tif	 1	 1	 11	 1	 
11	 31	 118.tif	 1	 1	 10	 0	 
12	 41	 401.tif	 0	 0	 0	 0	 
13	 32	 119.tif	 1	 1	 35	 1	 
14	 42	 402.tif	 0	 0	 0	 0	 
15	 44	 404.tif	 0	 0	 0	 0	 
16	 45	 405.tif	 0	 0	 0	 0	 
17	 54	 414.tif	 0	 0	 0	 0	 
18	 15	 021.tif	 1	 1	 41	 1	 
19	 46	 406.tif	 0	 0	 0	 0	 
20	 55	 415.tif	 0	 0	 0	 0	 
21	 49	 409.tif	 0	 0	 0	 0	 
22	 50	 410.tif	 0	 0	 0	 0	 
23	 16	 022.tif	 1	 1	 17	 1	 
24	 21	 028.tif	 1	 1	 13	 0	 
25	 5	 007.tif	 1	 1	 52	 0	 
26	 60	 420.tif	 0	 0	 0	 0	 
27	 28	 108.tif	 1	 1	 20	 0	 
28	 48	 408.tif	 0	 0	 0	 0	 
29	 47	 407.tif	 0	 0	 0	 0	 
30	 20	 027.tif	 1	 1	 24	 0	 
31	 1	 002.tif	 1	 1	 49	 1	 
32	 35	 123.tif	 1	 1	 8	 1	 
33	 24	 103.tif	 1	 1	 19	 1	 
34	 8	 013.tif	 1	 1	 48	 1	 
35	 11	 016.tif	 1	 1	 40	 1	 
36	 25	 104.tif	 1	 1	 16	 1	 
37	 18	 025.tif	 1	 1	 42	 0	 
38	 38	 126.tif	 1	 1	 14	 1	 
39	 53	 413.tif	 0	 0	 0	 0	 
40	 59	 419.tif	 0	 0	 0	 0	 
41	 6	 009.tif	 1	 1	 38	 1	 
42	 26	 105.tif	 1	 1	 43	 1	 
43	 40	 130.tif	 1	 1	 15	 0	 
44	 12	 017.tif	 1	 1	 25	 0	 
45	 36	 124.tif	 1	 1	 45	 0	 
46	 23	 101.tif	 1	 1	 44	 0	 
47	 9	 014.tif	 1	 1	 47	 0	 
48	 30	 116.tif	 1	 1	 9	 1	 
49	 52	 412.tif	 0	 0	 0	 0	 
50	 58	 418.tif	 0	 0	 0	 0	 
51	 37	 125.tif	 1	 1	 37	 0	 
52	 10	 015.tif	 1	 1	 18	 0	 
53	 19	 026.tif	 1	 1	 12	 0	 
54	 29	 114.tif	 1	 1	 21	 0	 
55	 4	 006.tif	 1	 1	 54	 1	 
56	 17	 023.tif	 1	 1	 23	 1	 
57	 51	 411.tif	 0	 0	 0	 0	 
58	 57	 417.tif	 0	 0	 0	 0	 
59	 14	 020.tif	 1	 1	 51	 1	 
60	 7	 010.tif	 1	 1	 46	 1	 
