subjectID	 order	 runNum	 itemName	 onsetTime	 shuff_trialType	 RT	 respInTime	 AudioTime	 response	 fixationTime	 ladder1	 ladder2	 bidIndex	 itemNameIndex	 bidValue	 
BMI_bf_114	 2	 10	 115.tif	 1.760084e+03	 12	 999000	 120	 999000	 999	 1.761101e+03	 316.67	 383.33	 1.00	 45	 0.81	 
BMI_bf_114	 2	 10	 122.tif	 1.762084e+03	 11	 8.640603e+02	 110	 3.594264e+02	 98	 1.763101e+03	 333.33	 383.33	 11.00	 52	 0.70	 
BMI_bf_114	 2	 10	 019.tif	 1.766084e+03	 24	 999000	 240	 999000	 999	 1.767100e+03	 333.33	 383.33	 59.00	 19	 0.10	 
BMI_bf_114	 2	 10	 113.tif	 1.769084e+03	 12	 999000	 120	 999000	 999	 1.770100e+03	 333.33	 383.33	 7.00	 43	 0.72	 
BMI_bf_114	 2	 10	 028.tif	 1.771084e+03	 22	 9.356808e+02	 220	 4.257584e+02	 98	 1.772100e+03	 333.33	 400.00	 48.00	 28	 0.31	 
BMI_bf_114	 2	 10	 105.tif	 1.774084e+03	 24	 1.351625e+03	 24	 999000	 98	 1.775100e+03	 333.33	 400.00	 39.00	 35	 0.44	 
BMI_bf_114	 2	 10	 026.tif	 1.778084e+03	 24	 999000	 240	 999000	 999	 1.779100e+03	 333.33	 400.00	 58.00	 26	 0.16	 
BMI_bf_114	 2	 10	 124.tif	 1.782084e+03	 12	 999000	 120	 999000	 999	 1.783100e+03	 333.33	 400.00	 6.00	 54	 0.73	 
BMI_bf_114	 2	 10	 130.tif	 1.784084e+03	 12	 999000	 120	 999000	 999	 1.785100e+03	 333.33	 400.00	 15.00	 60	 0.69	 
BMI_bf_114	 2	 10	 010.tif	 1.789083e+03	 12	 999000	 120	 999000	 999	 1.790100e+03	 333.33	 400.00	 3.00	 10	 0.78	 
BMI_bf_114	 2	 10	 005.tif	 1.791083e+03	 22	 9.430358e+02	 220	 4.414557e+02	 98	 1.792100e+03	 333.33	 416.67	 43.00	 5	 0.38	 
BMI_bf_114	 2	 10	 029.tif	 1.793083e+03	 12	 999000	 120	 999000	 999	 1.794100e+03	 333.33	 416.67	 29.00	 29	 0.54	 
BMI_bf_114	 2	 10	 108.tif	 1.799083e+03	 11	 9.026923e+02	 110	 3.754784e+02	 98	 1.800100e+03	 350.00	 416.67	 16.00	 38	 0.66	 
BMI_bf_114	 2	 10	 030.tif	 1.801083e+03	 22	 1.030664e+03	 2200	 4.593503e+02	 98	 1.802099e+03	 350.00	 366.67	 35.00	 30	 0.48	 
BMI_bf_114	 2	 10	 119.tif	 1.803083e+03	 12	 999000	 120	 999000	 999	 1.804099e+03	 350.00	 366.67	 28.00	 49	 0.54	 
BMI_bf_114	 2	 10	 129.tif	 1.805083e+03	 11	 9.425404e+02	 110	 3.920940e+02	 98	 1.806099e+03	 366.67	 366.67	 26.00	 59	 0.57	 
BMI_bf_114	 2	 10	 120.tif	 1.809083e+03	 24	 999000	 240	 999000	 999	 1.810099e+03	 366.67	 366.67	 32.00	 50	 0.51	 
BMI_bf_114	 2	 10	 111.tif	 1.813083e+03	 11	 9.262261e+02	 110	 4.090857e+02	 98	 1.814099e+03	 383.33	 366.67	 14.00	 41	 0.69	 
BMI_bf_114	 2	 10	 104.tif	 1.816083e+03	 22	 9.181264e+02	 220	 4.083682e+02	 98	 1.817099e+03	 383.33	 383.33	 38.00	 34	 0.46	 
BMI_bf_114	 2	 10	 023.tif	 1.820083e+03	 24	 999000	 240	 999000	 999	 1.821099e+03	 383.33	 383.33	 57.00	 23	 0.16	 
BMI_bf_114	 2	 10	 121.tif	 1.823083e+03	 12	 999000	 120	 999000	 999	 1.824099e+03	 383.33	 383.33	 5.00	 51	 0.73	 
BMI_bf_114	 2	 10	 003.tif	 1.825082e+03	 24	 999000	 240	 999000	 999	 1.826099e+03	 383.33	 383.33	 60.00	 3	 0.08	 
BMI_bf_114	 2	 10	 009.tif	 1.829082e+03	 11	 9.816659e+02	 110	 4.261963e+02	 98	 1.830099e+03	 400.00	 383.33	 19.00	 9	 0.64	 
BMI_bf_114	 2	 10	 126.tif	 1.831082e+03	 12	 999000	 120	 999000	 999	 1.832099e+03	 400.00	 383.33	 25.00	 56	 0.58	 
BMI_bf_114	 2	 10	 008.tif	 1.833082e+03	 24	 999000	 240	 999000	 999	 1.834099e+03	 400.00	 383.33	 31.00	 8	 0.51	 
BMI_bf_114	 2	 10	 117.tif	 1.837082e+03	 24	 999000	 240	 999000	 999	 1.838098e+03	 400.00	 383.33	 42.00	 47	 0.39	 
BMI_bf_114	 2	 10	 001.tif	 1.839082e+03	 24	 999000	 240	 999000	 999	 1.840098e+03	 400.00	 383.33	 37.00	 1	 0.47	 
BMI_bf_114	 2	 10	 109.tif	 1.843082e+03	 12	 999000	 120	 999000	 999	 1.844098e+03	 400.00	 383.33	 12.00	 39	 0.70	 
BMI_bf_114	 2	 10	 018.tif	 1.847082e+03	 24	 999000	 240	 999000	 999	 1.848098e+03	 400.00	 383.33	 47.00	 18	 0.32	 
BMI_bf_114	 2	 10	 012.tif	 1.850082e+03	 24	 999000	 240	 999000	 999	 1.851098e+03	 400.00	 383.33	 52.00	 12	 0.27	 
BMI_bf_114	 2	 10	 102.tif	 1.856082e+03	 12	 999000	 120	 999000	 999	 1.857098e+03	 400.00	 383.33	 2.00	 32	 0.78	 
BMI_bf_114	 2	 10	 017.tif	 1.858082e+03	 24	 999000	 240	 999000	 999	 1.859098e+03	 400.00	 383.33	 50.00	 17	 0.29	 
BMI_bf_114	 2	 10	 106.tif	 1.862081e+03	 12	 999000	 120	 999000	 999	 1.863098e+03	 400.00	 383.33	 10.00	 36	 0.71	 
BMI_bf_114	 2	 10	 103.tif	 1.864081e+03	 12	 999000	 120	 999000	 999	 1.865098e+03	 400.00	 383.33	 4.00	 33	 0.75	 
BMI_bf_114	 2	 10	 114.tif	 1.866081e+03	 22	 9.243482e+02	 220	 4.258646e+02	 98	 1.867098e+03	 400.00	 400.00	 46.00	 44	 0.32	 
BMI_bf_114	 2	 10	 125.tif	 1.868081e+03	 22	 6.925388e+02	 220	 4.419888e+02	 98	 1.869098e+03	 400.00	 416.67	 41.00	 55	 0.41	 
BMI_bf_114	 2	 10	 107.tif	 1.873081e+03	 24	 999000	 240	 999000	 999	 1.874098e+03	 400.00	 416.67	 53.00	 37	 0.26	 
BMI_bf_114	 2	 10	 025.tif	 1.875081e+03	 11	 9.640889e+02	 110	 4.415991e+02	 98	 1.876097e+03	 416.67	 416.67	 22.00	 25	 0.62	 
BMI_bf_114	 2	 10	 021.tif	 1.877081e+03	 24	 999000	 240	 999000	 999	 1.878097e+03	 416.67	 416.67	 44.00	 21	 0.36	 
BMI_bf_114	 2	 10	 118.tif	 1.880081e+03	 11	 9.718653e+02	 110	 4.592356e+02	 98	 1.881097e+03	 433.33	 416.67	 8.00	 48	 0.72	 
BMI_bf_114	 2	 10	 110.tif	 1.883081e+03	 12	 999000	 120	 999000	 999	 1.884097e+03	 433.33	 416.67	 18.00	 40	 0.64	 
BMI_bf_114	 2	 10	 016.tif	 1.887081e+03	 22	 1.019653e+03	 2200	 4.577245e+02	 98	 1.888097e+03	 433.33	 366.67	 51.00	 16	 0.29	 
BMI_bf_114	 2	 10	 112.tif	 1.889081e+03	 24	 999000	 240	 999000	 999	 1.890097e+03	 433.33	 366.67	 56.00	 42	 0.19	 
BMI_bf_114	 2	 10	 127.tif	 1.891081e+03	 11	 9.715143e+02	 110	 4.751285e+02	 98	 1.892097e+03	 450.00	 366.67	 9.00	 57	 0.71	 
BMI_bf_114	 2	 10	 011.tif	 1.894081e+03	 12	 999000	 120	 999000	 999	 1.895097e+03	 450.00	 366.67	 20.00	 11	 0.64	 
BMI_bf_114	 2	 10	 002.tif	 1.897081e+03	 22	 1.019276e+03	 2200	 4.090075e+02	 98	 1.898097e+03	 450.00	 316.67	 54.00	 2	 0.21	 
BMI_bf_114	 2	 10	 014.tif	 1.899080e+03	 24	 999000	 240	 999000	 999	 1.900097e+03	 450.00	 316.67	 36.00	 14	 0.48	 
BMI_bf_114	 2	 10	 027.tif	 1.901080e+03	 24	 999000	 240	 999000	 999	 1.902097e+03	 450.00	 316.67	 34.00	 27	 0.50	 
BMI_bf_114	 2	 10	 004.tif	 1.903080e+03	 11	 1.003045e+03	 1100	 4.924230e+02	 98	 1.904097e+03	 400.00	 316.67	 17.00	 4	 0.65	 
BMI_bf_114	 2	 10	 022.tif	 1.908097e+03	 24	 999000	 240	 999000	 999	 1.909113e+03	 400.00	 316.67	 45.00	 22	 0.35	 
BMI_bf_114	 2	 10	 015.tif	 1.910097e+03	 12	 999000	 120	 999000	 999	 1.911113e+03	 400.00	 316.67	 27.00	 15	 0.55	 
BMI_bf_114	 2	 10	 024.tif	 1.912097e+03	 12	 999000	 120	 999000	 999	 1.913113e+03	 400.00	 316.67	 21.00	 24	 0.63	 
BMI_bf_114	 2	 10	 101.tif	 1.914097e+03	 12	 999000	 120	 999000	 999	 1.915113e+03	 400.00	 316.67	 24.00	 31	 0.58	 
BMI_bf_114	 2	 10	 007.tif	 1.921097e+03	 24	 999000	 240	 999000	 999	 1.922113e+03	 400.00	 316.67	 33.00	 7	 0.51	 
BMI_bf_114	 2	 10	 006.tif	 1.923096e+03	 24	 999000	 240	 999000	 999	 1.924113e+03	 400.00	 316.67	 55.00	 6	 0.20	 
BMI_bf_114	 2	 10	 013.tif	 1.930096e+03	 12	 999000	 120	 999000	 999	 1.931113e+03	 400.00	 316.67	 30.00	 13	 0.53	 
BMI_bf_114	 2	 10	 128.tif	 1.933096e+03	 22	 8.733976e+02	 220	 3.580674e+02	 98	 1.934113e+03	 400.00	 333.33	 40.00	 58	 0.43	 
BMI_bf_114	 2	 10	 116.tif	 1.936096e+03	 11	 8.892712e+02	 110	 4.415922e+02	 98	 1.937112e+03	 416.67	 333.33	 23.00	 46	 0.60	 
BMI_bf_114	 2	 10	 123.tif	 1.942096e+03	 12	 8.810556e+02	 12	 999000	 98	 1.943112e+03	 416.67	 333.33	 13.00	 53	 0.70	 
BMI_bf_114	 2	 10	 020.tif	 1.944096e+03	 22	 8.889923e+02	 220	 3.742124e+02	 98	 1.945112e+03	 416.67	 350.00	 49.00	 20	 0.29	 
