subjectID	 order	 runNum	 itemName	 onsetTime	 shuff_trialType	 RT	 respInTime	 AudioTime	 response	 fixationTime	 ladder1	 ladder2	 bidIndex	 itemNameIndex	 bidValue	 
BMI_bf_120	 2	 5	 007.tif	 7.843612e+02	 24	 999000	 240	 999000	 999	 7.853779e+02	 350.00	 416.67	 32.00	 7	 0.48	 
BMI_bf_120	 2	 5	 001.tif	 7.863615e+02	 24	 999000	 240	 999000	 999	 7.873778e+02	 350.00	 416.67	 42.00	 1	 0.40	 
BMI_bf_120	 2	 5	 126.tif	 7.903614e+02	 12	 999000	 120	 999000	 999	 7.913778e+02	 350.00	 416.67	 2.00	 56	 0.81	 
BMI_bf_120	 2	 5	 022.tif	 7.933614e+02	 24	 999000	 240	 999000	 999	 7.943777e+02	 350.00	 416.67	 39.00	 22	 0.43	 
BMI_bf_120	 2	 5	 127.tif	 7.953611e+02	 12	 999000	 120	 999000	 999	 7.963777e+02	 350.00	 416.67	 10.00	 57	 0.74	 
BMI_bf_120	 2	 5	 124.tif	 7.983613e+02	 12	 999000	 120	 999000	 999	 7.993776e+02	 350.00	 416.67	 4.00	 54	 0.78	 
BMI_bf_120	 2	 5	 102.tif	 8.023612e+02	 11	 9.242307e+02	 110	 3.912559e+02	 98	 8.033775e+02	 366.67	 416.67	 8.00	 32	 0.74	 
BMI_bf_120	 2	 5	 113.tif	 8.063611e+02	 11	 9.641096e+02	 110	 4.089957e+02	 98	 8.073774e+02	 383.33	 416.67	 22.00	 43	 0.59	 
BMI_bf_120	 2	 5	 002.tif	 8.083611e+02	 22	 1.011981e+03	 2200	 4.592666e+02	 98	 8.093774e+02	 383.33	 366.67	 51.00	 2	 0.30	 
BMI_bf_120	 2	 5	 008.tif	 8.133609e+02	 22	 9.718899e+02	 220	 4.073859e+02	 98	 8.143772e+02	 383.33	 383.33	 49.00	 8	 0.32	 
BMI_bf_120	 2	 5	 130.tif	 8.153609e+02	 12	 999000	 120	 999000	 999	 8.163772e+02	 383.33	 383.33	 1.00	 60	 0.94	 
BMI_bf_120	 2	 5	 019.tif	 8.173609e+02	 22	 9.956844e+02	 220	 4.249216e+02	 98	 8.183772e+02	 383.33	 400.00	 35.00	 19	 0.47	 
BMI_bf_120	 2	 5	 017.tif	 8.233607e+02	 24	 999000	 240	 999000	 999	 8.243771e+02	 383.33	 400.00	 50.00	 17	 0.32	 
BMI_bf_120	 2	 5	 117.tif	 8.253607e+02	 22	 1.027467e+03	 2200	 4.424483e+02	 98	 8.263770e+02	 383.33	 350.00	 54.00	 47	 0.24	 
BMI_bf_120	 2	 5	 120.tif	 8.273605e+02	 22	 9.635421e+02	 220	 3.906718e+02	 98	 8.283770e+02	 383.33	 366.67	 41.00	 50	 0.41	 
BMI_bf_120	 2	 5	 005.tif	 8.293606e+02	 24	 999000	 240	 999000	 999	 8.303769e+02	 383.33	 366.67	 52.00	 5	 0.28	 
BMI_bf_120	 2	 5	 024.tif	 8.333605e+02	 24	 999000	 240	 999000	 999	 8.343769e+02	 383.33	 366.67	 37.00	 24	 0.44	 
BMI_bf_120	 2	 5	 122.tif	 8.373604e+02	 12	 999000	 120	 999000	 999	 8.383767e+02	 383.33	 366.67	 6.00	 52	 0.77	 
BMI_bf_120	 2	 5	 116.tif	 8.403604e+02	 12	 999000	 120	 999000	 999	 8.413767e+02	 383.33	 366.67	 7.00	 46	 0.75	 
BMI_bf_120	 2	 5	 125.tif	 8.443603e+02	 22	 9.867192e+02	 220	 4.089407e+02	 98	 8.453766e+02	 383.33	 383.33	 46.00	 55	 0.37	 
BMI_bf_120	 2	 5	 009.tif	 8.473602e+02	 24	 999000	 240	 999000	 999	 8.483766e+02	 383.33	 383.33	 44.00	 9	 0.39	 
BMI_bf_120	 2	 5	 118.tif	 8.493602e+02	 11	 1.042571e+03	 1100	 4.261544e+02	 98	 8.503765e+02	 333.33	 383.33	 23.00	 48	 0.57	 
BMI_bf_120	 2	 5	 121.tif	 8.533601e+02	 12	 999000	 120	 999000	 999	 8.543764e+02	 333.33	 383.33	 21.00	 51	 0.59	 
BMI_bf_120	 2	 5	 029.tif	 8.553601e+02	 24	 999000	 240	 999000	 999	 8.563764e+02	 333.33	 383.33	 45.00	 29	 0.38	 
BMI_bf_120	 2	 5	 108.tif	 8.573600e+02	 11	 9.703399e+02	 110	 3.761594e+02	 98	 8.583763e+02	 350.00	 383.33	 14.00	 38	 0.65	 
BMI_bf_120	 2	 5	 028.tif	 8.613599e+02	 24	 999000	 240	 999000	 999	 8.623762e+02	 350.00	 383.33	 31.00	 28	 0.48	 
BMI_bf_120	 2	 5	 115.tif	 8.633599e+02	 22	 1.002117e+03	 2200	 4.254737e+02	 98	 8.643762e+02	 350.00	 333.33	 43.00	 45	 0.40	 
BMI_bf_120	 2	 5	 103.tif	 8.673598e+02	 11	 1.017934e+03	 1100	 3.915197e+02	 98	 8.683761e+02	 300.00	 333.33	 19.00	 33	 0.60	 
BMI_bf_120	 2	 5	 014.tif	 8.713597e+02	 24	 999000	 240	 999000	 999	 8.723761e+02	 300.00	 333.33	 47.00	 14	 0.35	 
BMI_bf_120	 2	 5	 104.tif	 8.743596e+02	 12	 999000	 120	 999000	 999	 8.753760e+02	 300.00	 333.33	 15.00	 34	 0.64	 
BMI_bf_120	 2	 5	 107.tif	 8.803595e+02	 24	 999000	 240	 999000	 999	 8.813759e+02	 300.00	 333.33	 53.00	 37	 0.26	 
BMI_bf_120	 2	 5	 004.tif	 8.823595e+02	 24	 999000	 240	 999000	 999	 8.833758e+02	 300.00	 333.33	 57.00	 4	 0.20	 
BMI_bf_120	 2	 5	 123.tif	 8.863594e+02	 24	 999000	 240	 999000	 999	 8.873757e+02	 300.00	 333.33	 33.00	 53	 0.47	 
BMI_bf_120	 2	 5	 011.tif	 8.883593e+02	 12	 999000	 120	 999000	 999	 8.893757e+02	 300.00	 333.33	 27.00	 11	 0.52	 
BMI_bf_120	 2	 5	 018.tif	 8.903593e+02	 24	 999000	 240	 999000	 999	 8.913756e+02	 300.00	 333.33	 55.00	 18	 0.21	 
BMI_bf_120	 2	 5	 119.tif	 8.923593e+02	 12	 999000	 120	 999000	 999	 8.933756e+02	 300.00	 333.33	 13.00	 49	 0.69	 
BMI_bf_120	 2	 5	 020.tif	 8.973592e+02	 12	 999000	 120	 999000	 999	 8.983755e+02	 300.00	 333.33	 18.00	 20	 0.61	 
BMI_bf_120	 2	 5	 105.tif	 8.993591e+02	 24	 999000	 240	 999000	 999	 9.003754e+02	 300.00	 333.33	 56.00	 35	 0.21	 
BMI_bf_120	 2	 5	 101.tif	 9.013591e+02	 11	 9.767423e+02	 110	 3.420684e+02	 98	 9.023755e+02	 316.67	 333.33	 9.00	 31	 0.74	 
BMI_bf_120	 2	 5	 021.tif	 9.043590e+02	 22	 9.686265e+02	 220	 3.763427e+02	 98	 9.053753e+02	 316.67	 350.00	 48.00	 21	 0.32	 
BMI_bf_120	 2	 5	 012.tif	 9.073589e+02	 24	 999000	 240	 999000	 999	 9.083753e+02	 316.67	 350.00	 58.00	 12	 0.15	 
BMI_bf_120	 2	 5	 023.tif	 9.113588e+02	 24	 999000	 240	 999000	 999	 9.123751e+02	 316.67	 350.00	 60.00	 23	 0.10	 
BMI_bf_120	 2	 5	 013.tif	 9.133588e+02	 12	 999000	 120	 999000	 999	 9.143752e+02	 316.67	 350.00	 29.00	 13	 0.49	 
BMI_bf_120	 2	 5	 027.tif	 9.153586e+02	 11	 9.844426e+02	 110	 3.589107e+02	 98	 9.163751e+02	 333.33	 350.00	 26.00	 27	 0.54	 
BMI_bf_120	 2	 5	 112.tif	 9.183587e+02	 22	 9.681870e+02	 220	 3.925542e+02	 98	 9.193751e+02	 333.33	 366.67	 38.00	 42	 0.44	 
BMI_bf_120	 2	 5	 006.tif	 9.213586e+02	 24	 999000	 240	 999000	 999	 9.223750e+02	 333.33	 366.67	 59.00	 6	 0.15	 
BMI_bf_120	 2	 5	 110.tif	 9.233586e+02	 11	 9.280130e+02	 110	 3.750607e+02	 98	 9.243750e+02	 350.00	 366.67	 17.00	 40	 0.62	 
BMI_bf_120	 2	 5	 010.tif	 9.253586e+02	 12	 999000	 120	 999000	 999	 9.263749e+02	 350.00	 366.67	 20.00	 10	 0.59	 
BMI_bf_120	 2	 5	 030.tif	 9.273585e+02	 12	 999000	 120	 999000	 999	 9.283749e+02	 350.00	 366.67	 25.00	 30	 0.54	 
BMI_bf_120	 2	 5	 106.tif	 9.323584e+02	 24	 999000	 240	 999000	 999	 9.333747e+02	 350.00	 366.67	 34.00	 36	 0.47	 
BMI_bf_120	 2	 5	 129.tif	 9.343584e+02	 11	 9.915688e+02	 110	 3.919426e+02	 98	 9.353747e+02	 366.67	 366.67	 11.00	 59	 0.72	 
BMI_bf_120	 2	 5	 015.tif	 9.363583e+02	 24	 999000	 240	 999000	 999	 9.373746e+02	 366.67	 366.67	 36.00	 15	 0.46	 
BMI_bf_120	 2	 5	 016.tif	 9.383583e+02	 22	 9.834631e+02	 220	 4.085393e+02	 98	 9.393747e+02	 366.67	 383.33	 40.00	 16	 0.42	 
BMI_bf_120	 2	 5	 114.tif	 9.453581e+02	 12	 999000	 120	 999000	 999	 9.463744e+02	 366.67	 383.33	 24.00	 44	 0.55	 
BMI_bf_120	 2	 5	 109.tif	 9.473581e+02	 12	 999000	 120	 999000	 999	 9.483744e+02	 366.67	 383.33	 5.00	 39	 0.78	 
BMI_bf_120	 2	 5	 111.tif	 9.543579e+02	 12	 999000	 120	 999000	 999	 9.553743e+02	 366.67	 383.33	 3.00	 41	 0.80	 
BMI_bf_120	 2	 5	 026.tif	 9.573579e+02	 12	 999000	 120	 999000	 999	 9.583742e+02	 366.67	 383.33	 28.00	 26	 0.50	 
BMI_bf_120	 2	 5	 128.tif	 9.603578e+02	 12	 999000	 120	 999000	 999	 9.613741e+02	 366.67	 383.33	 12.00	 58	 0.71	 
BMI_bf_120	 2	 5	 025.tif	 9.663577e+02	 12	 999000	 120	 999000	 999	 9.673740e+02	 366.67	 383.33	 30.00	 25	 0.49	 
BMI_bf_120	 2	 5	 003.tif	 9.683576e+02	 11	 9.983902e+02	 110	 4.087491e+02	 98	 9.693740e+02	 383.33	 383.33	 16.00	 3	 0.63	 
