subjectID	 order	 runNum	 itemName	 onsetTime	 shuff_trialType	 RT	 respInTime	 AudioTime	 response	 fixationTime	 ladder1	 ladder2	 bidIndex	 itemNameIndex	 bidValue	 
BMI_bf_102	 2	 9	 018.tif	 1.532723e+03	 12	 999000	 120	 999000	 999	 1.533739e+03	 416.67	 350.00	 18.00	 18	 0.63	 
BMI_bf_102	 2	 9	 115.tif	 1.535723e+03	 24	 999000	 240	 999000	 999	 1.536739e+03	 416.67	 350.00	 37.00	 45	 0.44	 
BMI_bf_102	 2	 9	 125.tif	 1.539723e+03	 22	 9.468517e+02	 220	 3.921725e+02	 98	 1.540739e+03	 416.67	 366.67	 41.00	 55	 0.40	 
BMI_bf_102	 2	 9	 015.tif	 1.541723e+03	 11	 9.867607e+02	 110	 4.601485e+02	 98	 1.542739e+03	 433.33	 366.67	 14.00	 15	 0.68	 
BMI_bf_102	 2	 9	 006.tif	 1.543722e+03	 24	 999000	 240	 999000	 999	 1.544739e+03	 433.33	 366.67	 52.00	 6	 0.22	 
BMI_bf_102	 2	 9	 107.tif	 1.547722e+03	 12	 999000	 120	 999000	 999	 1.548739e+03	 433.33	 366.67	 29.00	 37	 0.53	 
BMI_bf_102	 2	 9	 130.tif	 1.549722e+03	 12	 999000	 120	 999000	 999	 1.550739e+03	 433.33	 366.67	 12.00	 60	 0.69	 
BMI_bf_102	 2	 9	 017.tif	 1.554722e+03	 22	 1.034270e+03	 2200	 4.095502e+02	 98	 1.555739e+03	 433.33	 316.67	 54.00	 17	 0.17	 
BMI_bf_102	 2	 9	 030.tif	 1.556722e+03	 24	 999000	 240	 999000	 999	 1.557739e+03	 433.33	 316.67	 34.00	 30	 0.47	 
BMI_bf_102	 2	 9	 029.tif	 1.559722e+03	 24	 999000	 240	 999000	 999	 1.560738e+03	 433.33	 316.67	 47.00	 29	 0.31	 
BMI_bf_102	 2	 9	 105.tif	 1.562722e+03	 24	 999000	 240	 999000	 999	 1.563738e+03	 433.33	 316.67	 55.00	 35	 0.17	 
BMI_bf_102	 2	 9	 025.tif	 1.566722e+03	 24	 999000	 240	 999000	 999	 1.567738e+03	 433.33	 316.67	 53.00	 25	 0.22	 
BMI_bf_102	 2	 9	 118.tif	 1.569722e+03	 24	 999000	 240	 999000	 999	 1.570738e+03	 433.33	 316.67	 45.00	 48	 0.34	 
BMI_bf_102	 2	 9	 004.tif	 1.571722e+03	 24	 999000	 240	 999000	 999	 1.572738e+03	 433.33	 316.67	 33.00	 4	 0.49	 
BMI_bf_102	 2	 9	 016.tif	 1.574722e+03	 24	 999000	 240	 999000	 999	 1.575738e+03	 433.33	 316.67	 58.00	 16	 0.12	 
BMI_bf_102	 2	 9	 126.tif	 1.578722e+03	 24	 999000	 240	 999000	 999	 1.579738e+03	 433.33	 316.67	 32.00	 56	 0.50	 
BMI_bf_102	 2	 9	 111.tif	 1.581721e+03	 12	 999000	 120	 999000	 999	 1.582738e+03	 433.33	 316.67	 13.00	 41	 0.68	 
BMI_bf_102	 2	 9	 120.tif	 1.583721e+03	 24	 999000	 240	 999000	 999	 1.584738e+03	 433.33	 316.67	 36.00	 50	 0.46	 
BMI_bf_102	 2	 9	 106.tif	 1.585721e+03	 11	 1.049176e+03	 1100	 4.759629e+02	 98	 1.586738e+03	 383.33	 316.67	 19.00	 36	 0.62	 
BMI_bf_102	 2	 9	 117.tif	 1.590721e+03	 24	 999000	 240	 999000	 999	 1.591738e+03	 383.33	 316.67	 31.00	 47	 0.52	 
BMI_bf_102	 2	 9	 027.tif	 1.594721e+03	 11	 9.929251e+02	 110	 4.261456e+02	 98	 1.595737e+03	 400.00	 316.67	 17.00	 27	 0.64	 
BMI_bf_102	 2	 9	 109.tif	 1.598738e+03	 24	 999000	 240	 999000	 999	 1.599754e+03	 400.00	 316.67	 50.00	 39	 0.25	 
BMI_bf_102	 2	 9	 007.tif	 1.604737e+03	 12	 999000	 120	 999000	 999	 1.605754e+03	 400.00	 316.67	 1.00	 7	 0.93	 
BMI_bf_102	 2	 9	 114.tif	 1.606737e+03	 22	 9.040153e+02	 220	 3.602509e+02	 98	 1.607754e+03	 400.00	 333.33	 40.00	 44	 0.40	 
BMI_bf_102	 2	 9	 010.tif	 1.608737e+03	 12	 999000	 120	 999000	 999	 1.609754e+03	 400.00	 333.33	 3.00	 10	 0.88	 
BMI_bf_102	 2	 9	 009.tif	 1.610737e+03	 11	 9.516726e+02	 110	 4.434581e+02	 98	 1.611754e+03	 416.67	 333.33	 9.00	 9	 0.73	 
BMI_bf_102	 2	 9	 005.tif	 1.612720e+03	 22	 8.804402e+02	 220	 3.764338e+02	 98	 1.613737e+03	 416.67	 350.00	 51.00	 5	 0.23	 
BMI_bf_102	 2	 9	 020.tif	 1.616737e+03	 12	 999000	 120	 999000	 999	 1.617753e+03	 416.67	 350.00	 2.00	 20	 0.91	 
BMI_bf_102	 2	 9	 023.tif	 1.618737e+03	 24	 999000	 240	 999000	 999	 1.619753e+03	 416.67	 350.00	 60.00	 23	 0.01	 
BMI_bf_102	 2	 9	 129.tif	 1.622737e+03	 22	 9.752667e+02	 220	 3.938698e+02	 98	 1.623753e+03	 416.67	 366.67	 49.00	 59	 0.30	 
BMI_bf_102	 2	 9	 121.tif	 1.624737e+03	 12	 999000	 120	 999000	 999	 1.625753e+03	 416.67	 366.67	 6.00	 51	 0.79	 
BMI_bf_102	 2	 9	 022.tif	 1.626737e+03	 12	 999000	 120	 999000	 999	 1.627753e+03	 416.67	 366.67	 28.00	 22	 0.54	 
BMI_bf_102	 2	 9	 028.tif	 1.628737e+03	 12	 999000	 120	 999000	 999	 1.629753e+03	 416.67	 366.67	 10.00	 28	 0.72	 
BMI_bf_102	 2	 9	 116.tif	 1.633737e+03	 12	 999000	 120	 999000	 999	 1.634753e+03	 416.67	 366.67	 25.00	 46	 0.60	 
BMI_bf_102	 2	 9	 008.tif	 1.635737e+03	 24	 999000	 240	 999000	 999	 1.636753e+03	 416.67	 366.67	 57.00	 8	 0.14	 
BMI_bf_102	 2	 9	 113.tif	 1.637736e+03	 22	 9.506801e+02	 220	 4.085414e+02	 98	 1.638753e+03	 416.67	 383.33	 48.00	 43	 0.30	 
BMI_bf_102	 2	 9	 003.tif	 1.640736e+03	 12	 999000	 120	 999000	 999	 1.641753e+03	 416.67	 383.33	 21.00	 3	 0.62	 
BMI_bf_102	 2	 9	 001.tif	 1.647736e+03	 24	 999000	 240	 999000	 999	 1.648753e+03	 416.67	 383.33	 44.00	 1	 0.36	 
BMI_bf_102	 2	 9	 108.tif	 1.651736e+03	 22	 9.663379e+02	 220	 4.260161e+02	 98	 1.652752e+03	 416.67	 400.00	 43.00	 38	 0.37	 
BMI_bf_102	 2	 9	 024.tif	 1.658736e+03	 12	 999000	 120	 999000	 999	 1.659752e+03	 416.67	 400.00	 7.00	 24	 0.78	 
BMI_bf_102	 2	 9	 104.tif	 1.660736e+03	 12	 999000	 120	 999000	 999	 1.661752e+03	 416.67	 400.00	 30.00	 34	 0.52	 
BMI_bf_102	 2	 9	 012.tif	 1.664736e+03	 24	 999000	 240	 999000	 999	 1.665752e+03	 416.67	 400.00	 59.00	 12	 0.11	 
BMI_bf_102	 2	 9	 123.tif	 1.668736e+03	 11	 1.117634e+03	 1100	 4.594280e+02	 98	 1.669752e+03	 366.67	 400.00	 26.00	 53	 0.59	 
BMI_bf_102	 2	 9	 011.tif	 1.670735e+03	 12	 999000	 120	 999000	 999	 1.671752e+03	 366.67	 400.00	 4.00	 11	 0.85	 
BMI_bf_102	 2	 9	 019.tif	 1.674735e+03	 11	 1.005368e+03	 1100	 4.093078e+02	 98	 1.675752e+03	 316.67	 400.00	 11.00	 19	 0.70	 
BMI_bf_102	 2	 9	 128.tif	 1.676735e+03	 12	 999000	 120	 999000	 999	 1.677752e+03	 316.67	 400.00	 27.00	 58	 0.59	 
BMI_bf_102	 2	 9	 103.tif	 1.678735e+03	 24	 999000	 240	 999000	 999	 1.679752e+03	 316.67	 400.00	 39.00	 33	 0.42	 
BMI_bf_102	 2	 9	 124.tif	 1.684735e+03	 12	 999000	 120	 999000	 999	 1.685751e+03	 316.67	 400.00	 15.00	 54	 0.67	 
BMI_bf_102	 2	 9	 122.tif	 1.686735e+03	 12	 999000	 120	 999000	 999	 1.687751e+03	 316.67	 400.00	 24.00	 52	 0.60	 
BMI_bf_102	 2	 9	 110.tif	 1.689735e+03	 11	 1.076884e+03	 1100	 3.581252e+02	 98	 1.690751e+03	 266.67	 400.00	 22.00	 40	 0.61	 
BMI_bf_102	 2	 9	 101.tif	 1.692735e+03	 12	 999000	 120	 999000	 999	 1.693751e+03	 266.67	 400.00	 20.00	 31	 0.62	 
BMI_bf_102	 2	 9	 021.tif	 1.694735e+03	 22	 1.068709e+03	 2200	 4.422585e+02	 98	 1.695751e+03	 266.67	 350.00	 38.00	 21	 0.44	 
BMI_bf_102	 2	 9	 026.tif	 1.696734e+03	 22	 1.084913e+03	 2200	 3.923675e+02	 98	 1.697751e+03	 266.67	 300.00	 46.00	 26	 0.32	 
BMI_bf_102	 2	 9	 102.tif	 1.698735e+03	 11	 9.245872e+02	 110	 3.103260e+02	 98	 1.699751e+03	 283.33	 300.00	 16.00	 32	 0.65	 
BMI_bf_102	 2	 9	 119.tif	 1.704734e+03	 11	 8.523295e+02	 110	 3.268450e+02	 98	 1.705751e+03	 300.00	 300.00	 23.00	 49	 0.61	 
BMI_bf_102	 2	 9	 014.tif	 1.706734e+03	 24	 999000	 240	 999000	 999	 1.707751e+03	 300.00	 300.00	 42.00	 14	 0.38	 
BMI_bf_102	 2	 9	 112.tif	 1.708734e+03	 22	 8.679806e+02	 220	 3.427192e+02	 98	 1.709751e+03	 300.00	 316.67	 35.00	 42	 0.46	 
BMI_bf_102	 2	 9	 002.tif	 1.710734e+03	 24	 999000	 240	 999000	 999	 1.711751e+03	 300.00	 316.67	 56.00	 2	 0.14	 
BMI_bf_102	 2	 9	 127.tif	 1.713736e+03	 11	 8.740901e+02	 110	 3.422809e+02	 98	 1.714750e+03	 316.67	 316.67	 8.00	 57	 0.75	 
BMI_bf_102	 2	 9	 013.tif	 1.716736e+03	 12	 999000	 120	 999000	 999	 1.717750e+03	 316.67	 316.67	 5.00	 13	 0.83	 
