subjectID	 order	 runNum	 itemName	 onsetTime	 shuff_trialType	 RT	 respInTime	 AudioTime	 response	 fixationTime	 ladder1	 ladder2	 bidIndex	 itemNameIndex	 bidValue	 
BMI_bf_102	 2	 10	 022.tif	 1.720350e+03	 12	 999000	 120	 999000	 999	 1.721367e+03	 316.67	 316.67	 28.00	 22	 0.54	 
BMI_bf_102	 2	 10	 114.tif	 1.723351e+03	 22	 8.910048e+02	 220	 3.597057e+02	 98	 1.724367e+03	 316.67	 333.33	 40.00	 44	 0.40	 
BMI_bf_102	 2	 10	 107.tif	 1.725350e+03	 12	 999000	 120	 999000	 999	 1.726367e+03	 316.67	 333.33	 29.00	 37	 0.53	 
BMI_bf_102	 2	 10	 001.tif	 1.727350e+03	 24	 999000	 240	 999000	 999	 1.728367e+03	 316.67	 333.33	 44.00	 1	 0.36	 
BMI_bf_102	 2	 10	 125.tif	 1.729350e+03	 22	 9.068198e+02	 220	 3.761127e+02	 98	 1.730367e+03	 316.67	 350.00	 41.00	 55	 0.40	 
BMI_bf_102	 2	 10	 030.tif	 1.732350e+03	 24	 999000	 240	 999000	 999	 1.733367e+03	 316.67	 350.00	 34.00	 30	 0.47	 
BMI_bf_102	 2	 10	 117.tif	 1.734350e+03	 24	 999000	 240	 999000	 999	 1.735367e+03	 316.67	 350.00	 31.00	 47	 0.52	 
BMI_bf_102	 2	 10	 020.tif	 1.738350e+03	 12	 999000	 120	 999000	 999	 1.739366e+03	 316.67	 350.00	 2.00	 20	 0.91	 
BMI_bf_102	 2	 10	 118.tif	 1.740350e+03	 24	 999000	 240	 999000	 999	 1.741366e+03	 316.67	 350.00	 45.00	 48	 0.34	 
BMI_bf_102	 2	 10	 119.tif	 1.745350e+03	 11	 8.742287e+02	 110	 3.594319e+02	 98	 1.746366e+03	 333.33	 350.00	 23.00	 49	 0.61	 
BMI_bf_102	 2	 10	 014.tif	 1.747350e+03	 24	 999000	 240	 999000	 999	 1.748366e+03	 333.33	 350.00	 42.00	 14	 0.38	 
BMI_bf_102	 2	 10	 109.tif	 1.751350e+03	 24	 999000	 240	 999000	 999	 1.752366e+03	 333.33	 350.00	 50.00	 39	 0.25	 
BMI_bf_102	 2	 10	 113.tif	 1.753350e+03	 22	 9.299596e+02	 220	 3.931538e+02	 98	 1.754366e+03	 333.33	 366.67	 48.00	 43	 0.30	 
BMI_bf_102	 2	 10	 025.tif	 1.756350e+03	 24	 999000	 240	 999000	 999	 1.757366e+03	 333.33	 366.67	 53.00	 25	 0.22	 
BMI_bf_102	 2	 10	 116.tif	 1.761349e+03	 12	 999000	 120	 999000	 999	 1.762366e+03	 333.33	 366.67	 25.00	 46	 0.60	 
BMI_bf_102	 2	 10	 024.tif	 1.763349e+03	 12	 999000	 120	 999000	 999	 1.764366e+03	 333.33	 366.67	 7.00	 24	 0.78	 
BMI_bf_102	 2	 10	 126.tif	 1.765349e+03	 24	 999000	 240	 999000	 999	 1.766366e+03	 333.33	 366.67	 32.00	 56	 0.50	 
BMI_bf_102	 2	 10	 007.tif	 1.769349e+03	 12	 999000	 120	 999000	 999	 1.770365e+03	 333.33	 366.67	 1.00	 7	 0.93	 
BMI_bf_102	 2	 10	 028.tif	 1.773349e+03	 12	 999000	 120	 999000	 999	 1.774365e+03	 333.33	 366.67	 10.00	 28	 0.72	 
BMI_bf_102	 2	 10	 003.tif	 1.777349e+03	 12	 999000	 120	 999000	 999	 1.778365e+03	 333.33	 366.67	 21.00	 3	 0.62	 
BMI_bf_102	 2	 10	 026.tif	 1.779349e+03	 22	 1.049004e+03	 2200	 4.096640e+02	 98	 1.780365e+03	 333.33	 316.67	 46.00	 26	 0.32	 
BMI_bf_102	 2	 10	 127.tif	 1.781349e+03	 11	 8.569382e+02	 110	 3.753257e+02	 98	 1.782365e+03	 350.00	 316.67	 8.00	 57	 0.75	 
BMI_bf_102	 2	 10	 027.tif	 1.783349e+03	 11	 8.568802e+02	 110	 3.930056e+02	 98	 1.784365e+03	 366.67	 316.67	 17.00	 27	 0.64	 
BMI_bf_102	 2	 10	 122.tif	 1.785349e+03	 12	 999000	 120	 999000	 999	 1.786365e+03	 366.67	 316.67	 24.00	 52	 0.60	 
BMI_bf_102	 2	 10	 017.tif	 1.791349e+03	 22	 8.805643e+02	 220	 3.589450e+02	 98	 1.792365e+03	 366.67	 333.33	 54.00	 17	 0.17	 
BMI_bf_102	 2	 10	 102.tif	 1.794348e+03	 11	 9.524834e+02	 110	 4.100915e+02	 98	 1.795365e+03	 383.33	 333.33	 16.00	 32	 0.65	 
BMI_bf_102	 2	 10	 013.tif	 1.796348e+03	 12	 999000	 120	 999000	 999	 1.797365e+03	 383.33	 333.33	 5.00	 13	 0.83	 
BMI_bf_102	 2	 10	 016.tif	 1.798348e+03	 24	 999000	 240	 999000	 999	 1.799365e+03	 383.33	 333.33	 58.00	 16	 0.12	 
BMI_bf_102	 2	 10	 129.tif	 1.801348e+03	 22	 9.042477e+02	 220	 3.766506e+02	 98	 1.802365e+03	 383.33	 350.00	 49.00	 59	 0.30	 
BMI_bf_102	 2	 10	 008.tif	 1.803348e+03	 24	 999000	 240	 999000	 999	 1.804364e+03	 383.33	 350.00	 57.00	 8	 0.14	 
BMI_bf_102	 2	 10	 021.tif	 1.805348e+03	 22	 9.201014e+02	 220	 3.928686e+02	 98	 1.806364e+03	 383.33	 366.67	 38.00	 21	 0.44	 
BMI_bf_102	 2	 10	 011.tif	 1.807348e+03	 12	 999000	 120	 999000	 999	 1.808364e+03	 383.33	 366.67	 4.00	 11	 0.85	 
BMI_bf_102	 2	 10	 124.tif	 1.810348e+03	 12	 999000	 120	 999000	 999	 1.811364e+03	 383.33	 366.67	 15.00	 54	 0.67	 
BMI_bf_102	 2	 10	 130.tif	 1.812348e+03	 12	 999000	 120	 999000	 999	 1.813364e+03	 383.33	 366.67	 12.00	 60	 0.69	 
BMI_bf_102	 2	 10	 104.tif	 1.814348e+03	 12	 999000	 120	 999000	 999	 1.815364e+03	 383.33	 366.67	 30.00	 34	 0.52	 
BMI_bf_102	 2	 10	 128.tif	 1.816348e+03	 12	 999000	 120	 999000	 999	 1.817364e+03	 383.33	 366.67	 27.00	 58	 0.59	 
BMI_bf_102	 2	 10	 015.tif	 1.818348e+03	 11	 9.756193e+02	 110	 4.271208e+02	 98	 1.819364e+03	 400.00	 366.67	 14.00	 15	 0.68	 
BMI_bf_102	 2	 10	 111.tif	 1.824348e+03	 12	 999000	 120	 999000	 999	 1.825364e+03	 400.00	 366.67	 13.00	 41	 0.68	 
BMI_bf_102	 2	 10	 101.tif	 1.827347e+03	 12	 999000	 120	 999000	 999	 1.828364e+03	 400.00	 366.67	 20.00	 31	 0.62	 
BMI_bf_102	 2	 10	 115.tif	 1.831347e+03	 24	 999000	 240	 999000	 999	 1.832364e+03	 400.00	 366.67	 37.00	 45	 0.44	 
BMI_bf_102	 2	 10	 004.tif	 1.837364e+03	 24	 999000	 240	 999000	 999	 1.838380e+03	 400.00	 366.67	 33.00	 4	 0.49	 
BMI_bf_102	 2	 10	 023.tif	 1.839364e+03	 24	 999000	 240	 999000	 999	 1.840380e+03	 400.00	 366.67	 60.00	 23	 0.01	 
BMI_bf_102	 2	 10	 103.tif	 1.844364e+03	 24	 999000	 240	 999000	 999	 1.845380e+03	 400.00	 366.67	 39.00	 33	 0.42	 
BMI_bf_102	 2	 10	 105.tif	 1.847363e+03	 24	 999000	 240	 999000	 999	 1.848380e+03	 400.00	 366.67	 55.00	 35	 0.17	 
BMI_bf_102	 2	 10	 018.tif	 1.849363e+03	 12	 999000	 120	 999000	 999	 1.850380e+03	 400.00	 366.67	 18.00	 18	 0.63	 
BMI_bf_102	 2	 10	 009.tif	 1.852363e+03	 11	 9.498512e+02	 110	 4.420750e+02	 98	 1.853380e+03	 416.67	 366.67	 9.00	 9	 0.73	 
BMI_bf_102	 2	 10	 108.tif	 1.854346e+03	 22	 9.265345e+02	 220	 4.090799e+02	 98	 1.855363e+03	 416.67	 383.33	 43.00	 38	 0.37	 
BMI_bf_102	 2	 10	 110.tif	 1.858363e+03	 11	 1.029546e+03	 1100	 4.586848e+02	 98	 1.859379e+03	 366.67	 383.33	 22.00	 40	 0.61	 
BMI_bf_102	 2	 10	 112.tif	 1.862363e+03	 22	 9.333639e+02	 220	 4.258633e+02	 98	 1.863379e+03	 366.67	 400.00	 35.00	 42	 0.46	 
BMI_bf_102	 2	 10	 106.tif	 1.864363e+03	 11	 9.575307e+02	 110	 4.093658e+02	 98	 1.865379e+03	 383.33	 400.00	 19.00	 36	 0.62	 
BMI_bf_102	 2	 10	 006.tif	 1.871364e+03	 24	 999000	 240	 999000	 999	 1.872379e+03	 383.33	 400.00	 52.00	 6	 0.22	 
BMI_bf_102	 2	 10	 029.tif	 1.873363e+03	 24	 999000	 240	 999000	 999	 1.874379e+03	 383.33	 400.00	 47.00	 29	 0.31	 
BMI_bf_102	 2	 10	 005.tif	 1.876362e+03	 22	 1.053072e+03	 2200	 4.415102e+02	 98	 1.877379e+03	 383.33	 350.00	 51.00	 5	 0.23	 
BMI_bf_102	 2	 10	 120.tif	 1.880363e+03	 24	 999000	 240	 999000	 999	 1.881379e+03	 383.33	 350.00	 36.00	 50	 0.46	 
BMI_bf_102	 2	 10	 012.tif	 1.884362e+03	 24	 999000	 240	 999000	 999	 1.885379e+03	 383.33	 350.00	 59.00	 12	 0.11	 
BMI_bf_102	 2	 10	 019.tif	 1.888362e+03	 11	 1.028504e+03	 1100	 4.274191e+02	 98	 1.889379e+03	 333.33	 350.00	 11.00	 19	 0.70	 
BMI_bf_102	 2	 10	 121.tif	 1.891362e+03	 12	 999000	 120	 999000	 999	 1.892378e+03	 333.33	 350.00	 6.00	 51	 0.79	 
BMI_bf_102	 2	 10	 002.tif	 1.893362e+03	 24	 999000	 240	 999000	 999	 1.894378e+03	 333.33	 350.00	 56.00	 2	 0.14	 
BMI_bf_102	 2	 10	 123.tif	 1.897362e+03	 11	 9.241894e+02	 110	 3.759563e+02	 98	 1.898378e+03	 350.00	 350.00	 26.00	 53	 0.59	 
BMI_bf_102	 2	 10	 010.tif	 1.904362e+03	 12	 999000	 120	 999000	 999	 1.905378e+03	 350.00	 350.00	 3.00	 10	 0.88	 
