subjectID	 order	 runNum	 itemName	 onsetTime	 shuff_trialType	 RT	 respInTime	 AudioTime	 response	 fixationTime	 ladder1	 ladder2	 bidIndex	 itemNameIndex	 bidValue	 
BMI_bf_125	 1	 6	 109.tif	 1.028886e+03	 12	 999000	 120	 999000	 999	 1.029903e+03	 383.33	 316.67	 26.00	 39	 0.57	 
BMI_bf_125	 1	 6	 010.tif	 1.033886e+03	 22	 8.849057e+02	 220	 3.580174e+02	 98	 1.034903e+03	 383.33	 333.33	 36.00	 10	 0.44	 
BMI_bf_125	 1	 6	 108.tif	 1.035886e+03	 11	 9.568199e+02	 110	 4.262632e+02	 98	 1.036903e+03	 400.00	 333.33	 12.00	 38	 0.76	 
BMI_bf_125	 1	 6	 106.tif	 1.037886e+03	 24	 999000	 240	 999000	 999	 1.038903e+03	 400.00	 333.33	 35.00	 36	 0.44	 
BMI_bf_125	 1	 6	 007.tif	 1.043886e+03	 12	 999000	 120	 999000	 999	 1.044902e+03	 400.00	 333.33	 27.00	 7	 0.55	 
BMI_bf_125	 1	 6	 113.tif	 1.045886e+03	 11	 9.484204e+02	 110	 4.422236e+02	 98	 1.046902e+03	 416.67	 333.33	 13.00	 43	 0.74	 
BMI_bf_125	 1	 6	 023.tif	 1.048886e+03	 24	 999000	 240	 999000	 999	 1.049902e+03	 416.67	 333.33	 43.00	 23	 0.36	 
BMI_bf_125	 1	 6	 028.tif	 1.050886e+03	 22	 8.922855e+02	 220	 3.761684e+02	 98	 1.051902e+03	 416.67	 350.00	 42.00	 28	 0.36	 
BMI_bf_125	 1	 6	 014.tif	 1.054886e+03	 11	 9.801511e+02	 110	 4.587759e+02	 98	 1.055902e+03	 433.33	 350.00	 10.00	 14	 0.77	 
BMI_bf_125	 1	 6	 012.tif	 1.056886e+03	 22	 9.082960e+02	 220	 3.923658e+02	 98	 1.057902e+03	 433.33	 366.67	 50.00	 12	 0.25	 
BMI_bf_125	 1	 6	 128.tif	 1.061886e+03	 22	 9.719037e+02	 220	 4.100308e+02	 98	 1.062902e+03	 433.33	 383.33	 52.00	 58	 0.24	 
BMI_bf_125	 1	 6	 004.tif	 1.068886e+03	 22	 9.556309e+02	 220	 4.283064e+02	 98	 1.069902e+03	 433.33	 400.00	 39.00	 4	 0.42	 
BMI_bf_125	 1	 6	 112.tif	 1.070886e+03	 11	 1.027671e+03	 1100	 4.750699e+02	 98	 1.071902e+03	 383.33	 400.00	 21.00	 42	 0.64	 
BMI_bf_125	 1	 6	 016.tif	 1.073886e+03	 24	 999000	 240	 999000	 999	 1.074902e+03	 383.33	 400.00	 57.00	 16	 0.16	 
BMI_bf_125	 1	 6	 110.tif	 1.076886e+03	 12	 999000	 120	 999000	 999	 1.077902e+03	 383.33	 400.00	 1.00	 40	 0.90	 
BMI_bf_125	 1	 6	 013.tif	 1.080885e+03	 11	 9.552137e+02	 110	 4.252836e+02	 98	 1.081902e+03	 400.00	 400.00	 20.00	 13	 0.64	 
BMI_bf_125	 1	 6	 008.tif	 1.084885e+03	 24	 999000	 240	 999000	 999	 1.085902e+03	 400.00	 400.00	 46.00	 8	 0.29	 
BMI_bf_125	 1	 6	 029.tif	 1.088885e+03	 22	 9.709287e+02	 220	 4.431141e+02	 98	 1.089902e+03	 400.00	 416.67	 37.00	 29	 0.43	 
BMI_bf_125	 1	 6	 024.tif	 1.091885e+03	 22	 1.082830e+03	 2200	 4.577777e+02	 98	 1.092902e+03	 400.00	 366.67	 44.00	 24	 0.33	 
BMI_bf_125	 1	 6	 126.tif	 1.097885e+03	 12	 999000	 120	 999000	 999	 1.098902e+03	 400.00	 366.67	 8.00	 56	 0.80	 
BMI_bf_125	 1	 6	 124.tif	 1.099885e+03	 12	 999000	 120	 999000	 999	 1.100902e+03	 400.00	 366.67	 11.00	 54	 0.77	 
BMI_bf_125	 1	 6	 020.tif	 1.102885e+03	 12	 999000	 120	 999000	 999	 1.103901e+03	 400.00	 366.67	 2.00	 20	 0.87	 
BMI_bf_125	 1	 6	 030.tif	 1.104885e+03	 12	 999000	 120	 999000	 999	 1.105901e+03	 400.00	 366.67	 19.00	 30	 0.64	 
BMI_bf_125	 1	 6	 123.tif	 1.106885e+03	 11	 9.623089e+02	 110	 4.429450e+02	 98	 1.107901e+03	 416.67	 366.67	 25.00	 53	 0.58	 
BMI_bf_125	 1	 6	 119.tif	 1.108885e+03	 24	 999000	 240	 999000	 999	 1.109901e+03	 416.67	 366.67	 32.00	 49	 0.46	 
BMI_bf_125	 1	 6	 101.tif	 1.111885e+03	 12	 999000	 120	 999000	 999	 1.112901e+03	 416.67	 366.67	 23.00	 31	 0.63	 
BMI_bf_125	 1	 6	 015.tif	 1.115885e+03	 12	 999000	 120	 999000	 999	 1.116901e+03	 416.67	 366.67	 29.00	 15	 0.46	 
BMI_bf_125	 1	 6	 006.tif	 1.117885e+03	 24	 999000	 240	 999000	 999	 1.118901e+03	 416.67	 366.67	 58.00	 6	 0.14	 
BMI_bf_125	 1	 6	 019.tif	 1.119885e+03	 24	 999000	 240	 999000	 999	 1.120901e+03	 416.67	 366.67	 51.00	 19	 0.24	 
BMI_bf_125	 1	 6	 002.tif	 1.121885e+03	 24	 999000	 240	 999000	 999	 1.122901e+03	 416.67	 366.67	 60.00	 2	 0.06	 
BMI_bf_125	 1	 6	 104.tif	 1.123885e+03	 12	 999000	 120	 999000	 999	 1.124901e+03	 416.67	 366.67	 4.00	 34	 0.84	 
BMI_bf_125	 1	 6	 003.tif	 1.125885e+03	 24	 999000	 240	 999000	 999	 1.126901e+03	 416.67	 366.67	 40.00	 3	 0.40	 
BMI_bf_125	 1	 6	 107.tif	 1.129885e+03	 24	 999000	 240	 999000	 999	 1.130901e+03	 416.67	 366.67	 59.00	 37	 0.11	 
BMI_bf_125	 1	 6	 103.tif	 1.133885e+03	 12	 999000	 120	 999000	 999	 1.134901e+03	 416.67	 366.67	 9.00	 33	 0.78	 
BMI_bf_125	 1	 6	 026.tif	 1.135884e+03	 12	 999000	 120	 999000	 999	 1.136901e+03	 416.67	 366.67	 30.00	 26	 0.46	 
BMI_bf_125	 1	 6	 120.tif	 1.137884e+03	 24	 999000	 240	 999000	 999	 1.138901e+03	 416.67	 366.67	 49.00	 50	 0.25	 
BMI_bf_125	 1	 6	 130.tif	 1.139884e+03	 11	 1.097143e+03	 1100	 4.587095e+02	 98	 1.140901e+03	 366.67	 366.67	 7.00	 60	 0.81	 
BMI_bf_125	 1	 6	 122.tif	 1.141884e+03	 11	 1.009262e+03	 1100	 4.091198e+02	 98	 1.142901e+03	 316.67	 366.67	 18.00	 52	 0.64	 
BMI_bf_125	 1	 6	 022.tif	 1.147884e+03	 12	 999000	 120	 999000	 999	 1.148901e+03	 316.67	 366.67	 17.00	 22	 0.65	 
BMI_bf_125	 1	 6	 025.tif	 1.149884e+03	 24	 999000	 240	 999000	 999	 1.150901e+03	 316.67	 366.67	 48.00	 25	 0.27	 
BMI_bf_125	 1	 6	 125.tif	 1.151884e+03	 12	 999000	 120	 999000	 999	 1.152901e+03	 316.67	 366.67	 28.00	 55	 0.47	 
BMI_bf_125	 1	 6	 127.tif	 1.153884e+03	 12	 999000	 120	 999000	 999	 1.154901e+03	 316.67	 366.67	 6.00	 57	 0.82	 
BMI_bf_125	 1	 6	 111.tif	 1.156884e+03	 12	 999000	 120	 999000	 999	 1.157900e+03	 316.67	 366.67	 3.00	 41	 0.84	 
BMI_bf_125	 1	 6	 117.tif	 1.158884e+03	 24	 999000	 240	 999000	 999	 1.159900e+03	 316.67	 366.67	 31.00	 47	 0.46	 
BMI_bf_125	 1	 6	 017.tif	 1.165884e+03	 24	 999000	 240	 999000	 999	 1.166900e+03	 316.67	 366.67	 56.00	 17	 0.18	 
BMI_bf_125	 1	 6	 018.tif	 1.167884e+03	 24	 999000	 240	 999000	 999	 1.168900e+03	 316.67	 366.67	 38.00	 18	 0.42	 
BMI_bf_125	 1	 6	 115.tif	 1.171884e+03	 24	 999000	 240	 999000	 999	 1.172900e+03	 316.67	 366.67	 33.00	 45	 0.44	 
BMI_bf_125	 1	 6	 118.tif	 1.175884e+03	 12	 999000	 120	 999000	 999	 1.176900e+03	 316.67	 366.67	 22.00	 48	 0.63	 
BMI_bf_125	 1	 6	 105.tif	 1.178884e+03	 22	 9.756875e+02	 220	 4.094084e+02	 98	 1.179900e+03	 316.67	 383.33	 45.00	 35	 0.30	 
BMI_bf_125	 1	 6	 102.tif	 1.180884e+03	 12	 999000	 120	 999000	 999	 1.181900e+03	 316.67	 383.33	 5.00	 32	 0.83	 
BMI_bf_125	 1	 6	 009.tif	 1.184884e+03	 22	 9.755489e+02	 220	 4.264527e+02	 98	 1.185900e+03	 316.67	 400.00	 53.00	 9	 0.23	 
BMI_bf_125	 1	 6	 027.tif	 1.186884e+03	 22	 9.754373e+02	 220	 4.422003e+02	 98	 1.187900e+03	 316.67	 416.67	 47.00	 27	 0.28	 
BMI_bf_125	 1	 6	 114.tif	 1.189883e+03	 24	 999000	 240	 999000	 999	 1.190900e+03	 316.67	 416.67	 54.00	 44	 0.22	 
BMI_bf_125	 1	 6	 001.tif	 1.193883e+03	 24	 999000	 240	 999000	 999	 1.194900e+03	 316.67	 416.67	 55.00	 1	 0.19	 
BMI_bf_125	 1	 6	 021.tif	 1.195883e+03	 11	 8.951534e+02	 110	 3.581370e+02	 98	 1.196900e+03	 333.33	 416.67	 24.00	 21	 0.61	 
BMI_bf_125	 1	 6	 005.tif	 1.200883e+03	 24	 999000	 240	 999000	 999	 1.201900e+03	 333.33	 416.67	 34.00	 5	 0.44	 
BMI_bf_125	 1	 6	 116.tif	 1.202883e+03	 12	 999000	 120	 999000	 999	 1.203900e+03	 333.33	 416.67	 14.00	 46	 0.71	 
BMI_bf_125	 1	 6	 011.tif	 1.206883e+03	 11	 9.587844e+02	 110	 3.758394e+02	 98	 1.207900e+03	 350.00	 416.67	 15.00	 11	 0.70	 
BMI_bf_125	 1	 6	 129.tif	 1.209900e+03	 24	 999000	 240	 999000	 999	 1.210916e+03	 350.00	 416.67	 41.00	 59	 0.39	 
BMI_bf_125	 1	 6	 121.tif	 1.212900e+03	 12	 999000	 120	 999000	 999	 1.213916e+03	 350.00	 416.67	 16.00	 51	 0.67	 
