subjectID	 order	 runNum	 itemName	 onsetTime	 shuff_trialType	 RT	 respInTime	 AudioTime	 response	 fixationTime	 ladder1	 ladder2	 bidIndex	 itemNameIndex	 bidValue	 
BMI_bf_134	 2	 5	 126.tif	 7.634378e+02	 12	 999000	 120	 999000	 999	 7.644545e+02	 416.67	 350.00	 10.00	 56	 0.76	 
BMI_bf_134	 2	 5	 016.tif	 7.654380e+02	 22	 9.894356e+02	 220	 3.925417e+02	 98	 7.664544e+02	 416.67	 366.67	 46.00	 16	 0.31	 
BMI_bf_134	 2	 5	 112.tif	 7.694380e+02	 24	 999000	 240	 999000	 999	 7.704544e+02	 416.67	 366.67	 57.00	 42	 0.12	 
BMI_bf_134	 2	 5	 007.tif	 7.724380e+02	 22	 1.013084e+03	 2200	 4.101368e+02	 98	 7.734543e+02	 416.67	 316.67	 54.00	 7	 0.20	 
BMI_bf_134	 2	 5	 021.tif	 7.744379e+02	 11	 1.037097e+03	 1100	 4.587465e+02	 98	 7.754543e+02	 366.67	 316.67	 17.00	 21	 0.68	 
BMI_bf_134	 2	 5	 123.tif	 7.774379e+02	 11	 9.009920e+02	 110	 4.089408e+02	 98	 7.784542e+02	 383.33	 316.67	 16.00	 53	 0.68	 
BMI_bf_134	 2	 5	 026.tif	 7.814378e+02	 24	 999000	 240	 999000	 999	 7.824542e+02	 383.33	 316.67	 55.00	 26	 0.19	 
BMI_bf_134	 2	 5	 013.tif	 7.854378e+02	 12	 999000	 120	 999000	 999	 7.864541e+02	 383.33	 316.67	 6.00	 13	 0.81	 
BMI_bf_134	 2	 5	 001.tif	 7.874377e+02	 12	 999000	 120	 999000	 999	 7.884541e+02	 383.33	 316.67	 20.00	 1	 0.61	 
BMI_bf_134	 2	 5	 006.tif	 7.924377e+02	 24	 999000	 240	 999000	 999	 7.934540e+02	 383.33	 316.67	 58.00	 6	 0.12	 
BMI_bf_134	 2	 5	 010.tif	 7.944376e+02	 12	 999000	 120	 999000	 999	 7.954540e+02	 383.33	 316.67	 12.00	 10	 0.71	 
BMI_bf_134	 2	 5	 122.tif	 7.964376e+02	 24	 999000	 240	 999000	 999	 7.974539e+02	 383.33	 316.67	 33.00	 52	 0.46	 
BMI_bf_134	 2	 5	 011.tif	 8.024375e+02	 12	 999000	 120	 999000	 999	 8.034539e+02	 383.33	 316.67	 5.00	 11	 0.82	 
BMI_bf_134	 2	 5	 109.tif	 8.044375e+02	 11	 1.035997e+03	 1100	 4.252064e+02	 98	 8.054538e+02	 333.33	 316.67	 9.00	 39	 0.78	 
BMI_bf_134	 2	 5	 118.tif	 8.064375e+02	 22	 9.559275e+02	 220	 3.569868e+02	 98	 8.074538e+02	 333.33	 333.33	 48.00	 48	 0.29	 
BMI_bf_134	 2	 5	 127.tif	 8.084374e+02	 12	 999000	 120	 999000	 999	 8.094537e+02	 333.33	 333.33	 3.00	 57	 0.90	 
BMI_bf_134	 2	 5	 119.tif	 8.124374e+02	 12	 999000	 120	 999000	 999	 8.134537e+02	 333.33	 333.33	 15.00	 49	 0.70	 
BMI_bf_134	 2	 5	 015.tif	 8.164373e+02	 22	 8.835790e+02	 220	 3.742968e+02	 98	 8.174536e+02	 333.33	 350.00	 49.00	 15	 0.28	 
BMI_bf_134	 2	 5	 027.tif	 8.194373e+02	 22	 9.234321e+02	 220	 3.919595e+02	 98	 8.204536e+02	 333.33	 366.67	 51.00	 27	 0.26	 
BMI_bf_134	 2	 5	 115.tif	 8.234372e+02	 12	 999000	 120	 999000	 999	 8.244535e+02	 333.33	 366.67	 24.00	 45	 0.57	 
BMI_bf_134	 2	 5	 108.tif	 8.264371e+02	 12	 999000	 120	 999000	 999	 8.274535e+02	 333.33	 366.67	 30.00	 38	 0.48	 
BMI_bf_134	 2	 5	 009.tif	 8.284371e+02	 12	 999000	 120	 999000	 999	 8.294535e+02	 333.33	 366.67	 29.00	 9	 0.49	 
BMI_bf_134	 2	 5	 017.tif	 8.324371e+02	 24	 999000	 240	 999000	 999	 8.334534e+02	 333.33	 366.67	 47.00	 17	 0.31	 
BMI_bf_134	 2	 5	 028.tif	 8.344370e+02	 24	 999000	 240	 999000	 999	 8.354534e+02	 333.33	 366.67	 45.00	 28	 0.33	 
BMI_bf_134	 2	 5	 105.tif	 8.364371e+02	 24	 999000	 240	 999000	 999	 8.374534e+02	 333.33	 366.67	 56.00	 35	 0.17	 
BMI_bf_134	 2	 5	 008.tif	 8.404369e+02	 24	 999000	 240	 999000	 999	 8.414533e+02	 333.33	 366.67	 50.00	 8	 0.28	 
BMI_bf_134	 2	 5	 025.tif	 8.424369e+02	 22	 9.706521e+02	 220	 4.087977e+02	 98	 8.434533e+02	 333.33	 383.33	 35.00	 25	 0.44	 
BMI_bf_134	 2	 5	 024.tif	 8.464369e+02	 24	 999000	 240	 999000	 999	 8.474532e+02	 333.33	 383.33	 42.00	 24	 0.35	 
BMI_bf_134	 2	 5	 014.tif	 8.504368e+02	 12	 999000	 120	 999000	 999	 8.514532e+02	 333.33	 383.33	 21.00	 14	 0.60	 
BMI_bf_134	 2	 5	 130.tif	 8.534368e+02	 12	 999000	 120	 999000	 999	 8.544531e+02	 333.33	 383.33	 13.00	 60	 0.70	 
BMI_bf_134	 2	 5	 121.tif	 8.594367e+02	 12	 999000	 120	 999000	 999	 8.604530e+02	 333.33	 383.33	 1.00	 51	 0.95	 
BMI_bf_134	 2	 5	 125.tif	 8.614366e+02	 24	 999000	 240	 999000	 999	 8.624530e+02	 333.33	 383.33	 52.00	 55	 0.22	 
BMI_bf_134	 2	 5	 116.tif	 8.654366e+02	 24	 999000	 240	 999000	 999	 8.664529e+02	 333.33	 383.33	 39.00	 46	 0.41	 
BMI_bf_134	 2	 5	 005.tif	 8.674366e+02	 24	 999000	 240	 999000	 999	 8.684529e+02	 333.33	 383.33	 31.00	 5	 0.48	 
BMI_bf_134	 2	 5	 101.tif	 8.694365e+02	 24	 999000	 240	 999000	 999	 8.704529e+02	 333.33	 383.33	 37.00	 31	 0.44	 
BMI_bf_134	 2	 5	 022.tif	 8.714365e+02	 24	 999000	 240	 999000	 999	 8.724528e+02	 333.33	 383.33	 34.00	 22	 0.45	 
BMI_bf_134	 2	 5	 019.tif	 8.764364e+02	 22	 1.017441e+03	 2200	 4.251820e+02	 98	 8.774528e+02	 333.33	 333.33	 41.00	 19	 0.39	 
BMI_bf_134	 2	 5	 106.tif	 8.784364e+02	 12	 999000	 120	 999000	 999	 8.794527e+02	 333.33	 333.33	 7.00	 36	 0.81	 
BMI_bf_134	 2	 5	 113.tif	 8.804364e+02	 11	 9.452746e+02	 110	 3.769073e+02	 98	 8.814527e+02	 350.00	 333.33	 8.00	 43	 0.80	 
BMI_bf_134	 2	 5	 128.tif	 8.834363e+02	 24	 999000	 240	 999000	 999	 8.844526e+02	 350.00	 333.33	 53.00	 58	 0.21	 
BMI_bf_134	 2	 5	 012.tif	 8.864363e+02	 22	 9.450533e+02	 220	 3.757868e+02	 98	 8.874526e+02	 350.00	 350.00	 38.00	 12	 0.41	 
BMI_bf_134	 2	 5	 111.tif	 8.904362e+02	 12	 999000	 120	 999000	 999	 8.914525e+02	 350.00	 350.00	 4.00	 41	 0.90	 
BMI_bf_134	 2	 5	 020.tif	 8.924362e+02	 12	 999000	 120	 999000	 999	 8.934525e+02	 350.00	 350.00	 25.00	 20	 0.55	 
BMI_bf_134	 2	 5	 029.tif	 8.944362e+02	 22	 9.207417e+02	 220	 3.930166e+02	 98	 8.954525e+02	 350.00	 366.67	 40.00	 29	 0.40	 
BMI_bf_134	 2	 5	 004.tif	 8.974361e+02	 24	 999000	 240	 999000	 999	 8.984525e+02	 350.00	 366.67	 44.00	 4	 0.33	 
BMI_bf_134	 2	 5	 107.tif	 9.004361e+02	 24	 999000	 240	 999000	 999	 9.014524e+02	 350.00	 366.67	 36.00	 37	 0.44	 
BMI_bf_134	 2	 5	 129.tif	 9.024360e+02	 11	 9.685747e+02	 110	 3.918924e+02	 98	 9.034524e+02	 366.67	 366.67	 22.00	 59	 0.60	 
BMI_bf_134	 2	 5	 114.tif	 9.044360e+02	 12	 999000	 120	 999000	 999	 9.054523e+02	 366.67	 366.67	 27.00	 44	 0.53	 
BMI_bf_134	 2	 5	 003.tif	 9.064360e+02	 22	 9.843574e+02	 220	 4.092297e+02	 98	 9.074523e+02	 366.67	 383.33	 43.00	 3	 0.35	 
BMI_bf_134	 2	 5	 018.tif	 9.114359e+02	 11	 9.201283e+02	 110	 4.095536e+02	 98	 9.124523e+02	 383.33	 383.33	 14.00	 18	 0.70	 
BMI_bf_134	 2	 5	 002.tif	 9.134359e+02	 24	 999000	 240	 999000	 999	 9.144522e+02	 383.33	 383.33	 32.00	 2	 0.46	 
BMI_bf_134	 2	 5	 023.tif	 9.154358e+02	 24	 999000	 240	 999000	 999	 9.164522e+02	 383.33	 383.33	 59.00	 23	 0.10	 
BMI_bf_134	 2	 5	 102.tif	 9.174358e+02	 12	 999000	 120	 999000	 999	 9.184522e+02	 383.33	 383.33	 2.00	 32	 0.91	 
BMI_bf_134	 2	 5	 030.tif	 9.244357e+02	 11	 9.596741e+02	 110	 4.256121e+02	 98	 9.254520e+02	 400.00	 383.33	 26.00	 30	 0.53	 
BMI_bf_134	 2	 5	 110.tif	 9.264357e+02	 12	 999000	 120	 999000	 999	 9.274520e+02	 400.00	 383.33	 18.00	 40	 0.68	 
BMI_bf_134	 2	 5	 103.tif	 9.334356e+02	 11	 1.031394e+03	 1100	 4.419418e+02	 98	 9.344519e+02	 350.00	 383.33	 23.00	 33	 0.58	 
BMI_bf_134	 2	 5	 104.tif	 9.364355e+02	 11	 8.872333e+02	 110	 3.915749e+02	 98	 9.374519e+02	 366.67	 383.33	 11.00	 34	 0.73	 
BMI_bf_134	 2	 5	 117.tif	 9.394355e+02	 12	 999000	 120	 999000	 999	 9.404518e+02	 366.67	 383.33	 28.00	 47	 0.51	 
BMI_bf_134	 2	 5	 120.tif	 9.454354e+02	 24	 999000	 240	 999000	 999	 9.464518e+02	 366.67	 383.33	 60.00	 50	 0.08	 
BMI_bf_134	 2	 5	 124.tif	 9.474354e+02	 11	 9.428389e+02	 110	 4.091382e+02	 98	 9.484517e+02	 383.33	 383.33	 19.00	 54	 0.64	 
