subjectID	 order	 runNum	 itemName	 onsetTime	 shuff_trialType	 RT	 respInTime	 AudioTime	 response	 fixationTime	 ladder1	 ladder2	 bidIndex	 itemNameIndex	 bidValue	 
BMI_bf_110	 2	 7	 109.tif	 1.151002e+03	 11	 1.017722e+03	 1100	 4.580241e+02	 98	 1.152018e+03	 366.67	 350.00	 11.00	 39	 0.74	 
BMI_bf_110	 2	 7	 127.tif	 1.156002e+03	 12	 999000	 120	 999000	 999	 1.157018e+03	 366.67	 350.00	 1.00	 57	 0.98	 
BMI_bf_110	 2	 7	 017.tif	 1.158002e+03	 22	 9.771483e+02	 220	 3.911151e+02	 98	 1.159018e+03	 366.67	 366.67	 49.00	 17	 0.24	 
BMI_bf_110	 2	 7	 102.tif	 1.160002e+03	 12	 999000	 120	 999000	 999	 1.161018e+03	 366.67	 366.67	 2.00	 32	 0.95	 
BMI_bf_110	 2	 7	 126.tif	 1.166002e+03	 12	 999000	 120	 999000	 999	 1.167018e+03	 366.67	 366.67	 15.00	 56	 0.71	 
BMI_bf_110	 2	 7	 011.tif	 1.168002e+03	 12	 999000	 120	 999000	 999	 1.169018e+03	 366.67	 366.67	 13.00	 11	 0.72	 
BMI_bf_110	 2	 7	 010.tif	 1.171002e+03	 11	 9.127443e+02	 110	 4.078318e+02	 98	 1.172018e+03	 383.33	 366.67	 9.00	 10	 0.75	 
BMI_bf_110	 2	 7	 026.tif	 1.173002e+03	 24	 999000	 240	 999000	 999	 1.174018e+03	 383.33	 366.67	 60.00	 26	 0.08	 
BMI_bf_110	 2	 7	 006.tif	 1.177002e+03	 24	 999000	 240	 999000	 999	 1.178018e+03	 383.33	 366.67	 56.00	 6	 0.14	 
BMI_bf_110	 2	 7	 105.tif	 1.179002e+03	 22	 9.524711e+02	 220	 4.095581e+02	 98	 1.180018e+03	 383.33	 383.33	 48.00	 35	 0.27	 
BMI_bf_110	 2	 7	 007.tif	 1.184002e+03	 22	 9.602482e+02	 220	 4.258757e+02	 98	 1.185018e+03	 383.33	 400.00	 40.00	 7	 0.33	 
BMI_bf_110	 2	 7	 019.tif	 1.191002e+03	 22	 9.679899e+02	 220	 4.415247e+02	 98	 1.192018e+03	 383.33	 416.67	 38.00	 19	 0.40	 
BMI_bf_110	 2	 7	 120.tif	 1.193001e+03	 24	 999000	 240	 999000	 999	 1.194018e+03	 383.33	 416.67	 53.00	 50	 0.21	 
BMI_bf_110	 2	 7	 013.tif	 1.196002e+03	 12	 999000	 120	 999000	 999	 1.197018e+03	 383.33	 416.67	 18.00	 13	 0.68	 
BMI_bf_110	 2	 7	 118.tif	 1.199001e+03	 11	 9.597694e+02	 110	 4.257957e+02	 98	 1.200018e+03	 400.00	 416.67	 26.00	 48	 0.56	 
BMI_bf_110	 2	 7	 029.tif	 1.203001e+03	 12	 999000	 120	 999000	 999	 1.204018e+03	 400.00	 416.67	 27.00	 29	 0.54	 
BMI_bf_110	 2	 7	 116.tif	 1.207001e+03	 12	 999000	 120	 999000	 999	 1.208018e+03	 400.00	 416.67	 12.00	 46	 0.73	 
BMI_bf_110	 2	 7	 012.tif	 1.211001e+03	 24	 999000	 240	 999000	 999	 1.212018e+03	 400.00	 416.67	 59.00	 12	 0.08	 
BMI_bf_110	 2	 7	 003.tif	 1.214001e+03	 24	 999000	 240	 999000	 999	 1.215018e+03	 400.00	 416.67	 55.00	 3	 0.16	 
BMI_bf_110	 2	 7	 002.tif	 1.220001e+03	 12	 999000	 120	 999000	 999	 1.221018e+03	 400.00	 416.67	 5.00	 2	 0.81	 
BMI_bf_110	 2	 7	 130.tif	 1.222001e+03	 11	 1.062984e+03	 1100	 4.422948e+02	 98	 1.223018e+03	 350.00	 416.67	 19.00	 60	 0.68	 
BMI_bf_110	 2	 7	 129.tif	 1.225001e+03	 22	 1.086823e+03	 2200	 4.597404e+02	 98	 1.226018e+03	 350.00	 366.67	 54.00	 59	 0.19	 
BMI_bf_110	 2	 7	 023.tif	 1.227001e+03	 22	 9.509602e+02	 220	 4.085475e+02	 98	 1.228018e+03	 350.00	 383.33	 46.00	 23	 0.29	 
BMI_bf_110	 2	 7	 124.tif	 1.229001e+03	 12	 999000	 120	 999000	 999	 1.230017e+03	 350.00	 383.33	 7.00	 54	 0.78	 
BMI_bf_110	 2	 7	 027.tif	 1.231001e+03	 24	 999000	 240	 999000	 999	 1.232017e+03	 350.00	 383.33	 36.00	 27	 0.43	 
BMI_bf_110	 2	 7	 113.tif	 1.234001e+03	 12	 999000	 120	 999000	 999	 1.235017e+03	 350.00	 383.33	 29.00	 43	 0.53	 
BMI_bf_110	 2	 7	 020.tif	 1.238001e+03	 12	 999000	 120	 999000	 999	 1.239017e+03	 350.00	 383.33	 10.00	 20	 0.75	 
BMI_bf_110	 2	 7	 121.tif	 1.240001e+03	 11	 9.023268e+02	 110	 3.908942e+02	 98	 1.241017e+03	 366.67	 383.33	 16.00	 51	 0.69	 
BMI_bf_110	 2	 7	 103.tif	 1.242001e+03	 22	 9.743305e+02	 220	 4.252331e+02	 98	 1.243017e+03	 366.67	 400.00	 35.00	 33	 0.46	 
BMI_bf_110	 2	 7	 108.tif	 1.244001e+03	 12	 999000	 120	 999000	 999	 1.245017e+03	 366.67	 400.00	 25.00	 38	 0.59	 
BMI_bf_110	 2	 7	 008.tif	 1.246001e+03	 24	 999000	 240	 999000	 999	 1.247017e+03	 366.67	 400.00	 37.00	 8	 0.42	 
BMI_bf_110	 2	 7	 001.tif	 1.248001e+03	 22	 9.420023e+02	 220	 4.422619e+02	 98	 1.249017e+03	 366.67	 416.67	 51.00	 1	 0.23	 
BMI_bf_110	 2	 7	 021.tif	 1.252001e+03	 24	 999000	 240	 999000	 999	 1.253017e+03	 366.67	 416.67	 45.00	 21	 0.31	 
BMI_bf_110	 2	 7	 119.tif	 1.256001e+03	 24	 999000	 240	 999000	 999	 1.257017e+03	 366.67	 416.67	 31.00	 49	 0.52	 
BMI_bf_110	 2	 7	 115.tif	 1.258001e+03	 11	 9.337108e+02	 110	 4.093471e+02	 98	 1.259017e+03	 383.33	 416.67	 22.00	 45	 0.64	 
BMI_bf_110	 2	 7	 110.tif	 1.260001e+03	 12	 999000	 120	 999000	 999	 1.261017e+03	 383.33	 416.67	 6.00	 40	 0.78	 
BMI_bf_110	 2	 7	 125.tif	 1.262001e+03	 24	 999000	 240	 999000	 999	 1.263017e+03	 383.33	 416.67	 52.00	 55	 0.22	 
BMI_bf_110	 2	 7	 022.tif	 1.264001e+03	 22	 9.974813e+02	 220	 4.592342e+02	 98	 1.265017e+03	 383.33	 433.33	 43.00	 22	 0.33	 
BMI_bf_110	 2	 7	 111.tif	 1.270001e+03	 11	 3.013220e+02	 11	 4.247543e+02	 98	 1.271017e+03	 400.00	 433.33	 8.00	 41	 0.77	 
BMI_bf_110	 2	 7	 107.tif	 1.272000e+03	 12	 999000	 120	 999000	 999	 1.273017e+03	 400.00	 433.33	 30.00	 37	 0.53	 
BMI_bf_110	 2	 7	 018.tif	 1.274001e+03	 22	 1.021117e+03	 2200	 4.763391e+02	 98	 1.275017e+03	 400.00	 383.33	 41.00	 18	 0.33	 
BMI_bf_110	 2	 7	 114.tif	 1.276000e+03	 12	 999000	 120	 999000	 999	 1.277017e+03	 400.00	 383.33	 20.00	 44	 0.67	 
BMI_bf_110	 2	 7	 123.tif	 1.279000e+03	 12	 999000	 120	 999000	 999	 1.280017e+03	 400.00	 383.33	 4.00	 53	 0.89	 
BMI_bf_110	 2	 7	 016.tif	 1.281000e+03	 24	 999000	 240	 999000	 999	 1.282017e+03	 400.00	 383.33	 33.00	 16	 0.46	 
BMI_bf_110	 2	 7	 117.tif	 1.288000e+03	 24	 999000	 240	 999000	 999	 1.289017e+03	 400.00	 383.33	 58.00	 47	 0.11	 
BMI_bf_110	 2	 7	 106.tif	 1.290000e+03	 24	 999000	 240	 999000	 999	 1.291017e+03	 400.00	 383.33	 32.00	 36	 0.47	 
BMI_bf_110	 2	 7	 104.tif	 1.294000e+03	 11	 9.644371e+02	 110	 4.423228e+02	 98	 1.295017e+03	 416.67	 383.33	 23.00	 34	 0.64	 
BMI_bf_110	 2	 7	 112.tif	 1.298000e+03	 24	 999000	 240	 999000	 999	 1.299017e+03	 416.67	 383.33	 50.00	 42	 0.24	 
BMI_bf_110	 2	 7	 128.tif	 1.301000e+03	 12	 999000	 120	 999000	 999	 1.302017e+03	 416.67	 383.33	 28.00	 58	 0.54	 
BMI_bf_110	 2	 7	 005.tif	 1.303000e+03	 24	 999000	 240	 999000	 999	 1.304017e+03	 416.67	 383.33	 44.00	 5	 0.32	 
BMI_bf_110	 2	 7	 024.tif	 1.307000e+03	 12	 999000	 120	 999000	 999	 1.308016e+03	 416.67	 383.33	 3.00	 24	 0.89	 
BMI_bf_110	 2	 7	 025.tif	 1.309000e+03	 24	 999000	 240	 999000	 999	 1.310016e+03	 416.67	 383.33	 42.00	 25	 0.33	 
BMI_bf_110	 2	 7	 009.tif	 1.312000e+03	 12	 999000	 120	 999000	 999	 1.313016e+03	 416.67	 383.33	 24.00	 9	 0.60	 
BMI_bf_110	 2	 7	 015.tif	 1.316000e+03	 24	 999000	 240	 999000	 999	 1.317016e+03	 416.67	 383.33	 39.00	 15	 0.35	 
BMI_bf_110	 2	 7	 028.tif	 1.318000e+03	 24	 999000	 240	 999000	 999	 1.319016e+03	 416.67	 383.33	 57.00	 28	 0.14	 
BMI_bf_110	 2	 7	 030.tif	 1.323000e+03	 24	 999000	 240	 999000	 999	 1.324016e+03	 416.67	 383.33	 47.00	 30	 0.28	 
BMI_bf_110	 2	 7	 122.tif	 1.325000e+03	 12	 999000	 120	 999000	 999	 1.326016e+03	 416.67	 383.33	 21.00	 52	 0.66	 
BMI_bf_110	 2	 7	 101.tif	 1.329000e+03	 11	 1.051200e+03	 1100	 4.581542e+02	 98	 1.330016e+03	 366.67	 383.33	 17.00	 31	 0.69	 
BMI_bf_110	 2	 7	 004.tif	 1.332000e+03	 24	 999000	 240	 999000	 999	 1.333016e+03	 366.67	 383.33	 34.00	 4	 0.46	 
BMI_bf_110	 2	 7	 014.tif	 1.335000e+03	 11	 9.789637e+02	 110	 4.084896e+02	 98	 1.336016e+03	 383.33	 383.33	 14.00	 14	 0.72	 
