subjectID	 order	 runNum	 itemName	 onsetTime	 shuff_trialType	 RT	 respInTime	 AudioTime	 response	 fixationTime	 ladder1	 ladder2	 bidIndex	 itemNameIndex	 bidValue	 
BMI_bf_130	 2	 9	 030.tif	 1.554778e+03	 12	 999000	 120	 999000	 999	 1.555794e+03	 416.67	 416.67	 6.00	 30	 0.83	 
BMI_bf_130	 2	 9	 008.tif	 1.556778e+03	 24	 999000	 240	 999000	 999	 1.557794e+03	 416.67	 416.67	 45.00	 8	 0.30	 
BMI_bf_130	 2	 9	 020.tif	 1.560778e+03	 22	 9.481608e+02	 220	 4.597398e+02	 98	 1.561794e+03	 416.67	 433.33	 43.00	 20	 0.36	 
BMI_bf_130	 2	 9	 128.tif	 1.563778e+03	 24	 999000	 240	 999000	 999	 1.564794e+03	 416.67	 433.33	 33.00	 58	 0.49	 
BMI_bf_130	 2	 9	 113.tif	 1.565778e+03	 12	 999000	 120	 999000	 999	 1.566794e+03	 416.67	 433.33	 18.00	 43	 0.64	 
BMI_bf_130	 2	 9	 104.tif	 1.568778e+03	 12	 999000	 120	 999000	 999	 1.569794e+03	 416.67	 433.33	 21.00	 34	 0.62	 
BMI_bf_130	 2	 9	 111.tif	 1.572777e+03	 12	 999000	 120	 999000	 999	 1.573794e+03	 416.67	 433.33	 2.00	 41	 0.87	 
BMI_bf_130	 2	 9	 125.tif	 1.576777e+03	 11	 9.316550e+02	 110	 4.578249e+02	 98	 1.577794e+03	 433.33	 433.33	 22.00	 55	 0.60	 
BMI_bf_130	 2	 9	 103.tif	 1.578777e+03	 12	 999000	 120	 999000	 999	 1.579794e+03	 433.33	 433.33	 15.00	 33	 0.67	 
BMI_bf_130	 2	 9	 101.tif	 1.583777e+03	 12	 999000	 120	 999000	 999	 1.584794e+03	 433.33	 433.33	 3.00	 31	 0.87	 
BMI_bf_130	 2	 9	 004.tif	 1.585777e+03	 22	 9.472957e+02	 220	 4.764614e+02	 98	 1.586794e+03	 433.33	 450.00	 54.00	 4	 0.23	 
BMI_bf_130	 2	 9	 108.tif	 1.587777e+03	 12	 999000	 120	 999000	 999	 1.588793e+03	 433.33	 450.00	 29.00	 38	 0.50	 
BMI_bf_130	 2	 9	 027.tif	 1.593777e+03	 24	 999000	 240	 999000	 999	 1.594793e+03	 433.33	 450.00	 57.00	 27	 0.17	 
BMI_bf_130	 2	 9	 115.tif	 1.595777e+03	 11	 9.789468e+02	 110	 4.753268e+02	 98	 1.596793e+03	 450.00	 450.00	 16.00	 45	 0.67	 
BMI_bf_130	 2	 9	 022.tif	 1.597777e+03	 24	 999000	 240	 999000	 999	 1.598793e+03	 450.00	 450.00	 31.00	 22	 0.50	 
BMI_bf_130	 2	 9	 016.tif	 1.599777e+03	 11	 9.708030e+02	 110	 4.922548e+02	 98	 1.600793e+03	 466.67	 450.00	 17.00	 16	 0.64	 
BMI_bf_130	 2	 9	 117.tif	 1.603777e+03	 24	 999000	 240	 999000	 999	 1.604793e+03	 466.67	 450.00	 59.00	 47	 0.12	 
BMI_bf_130	 2	 9	 007.tif	 1.607777e+03	 22	 9.705664e+02	 220	 4.922090e+02	 98	 1.608793e+03	 466.67	 466.67	 46.00	 7	 0.29	 
BMI_bf_130	 2	 9	 029.tif	 1.610777e+03	 12	 999000	 120	 999000	 999	 1.611793e+03	 466.67	 466.67	 12.00	 29	 0.70	 
BMI_bf_130	 2	 9	 121.tif	 1.614776e+03	 12	 999000	 120	 999000	 999	 1.615793e+03	 466.67	 466.67	 7.00	 51	 0.82	 
BMI_bf_130	 2	 9	 005.tif	 1.617776e+03	 24	 999000	 240	 999000	 999	 1.618793e+03	 466.67	 466.67	 37.00	 5	 0.44	 
BMI_bf_130	 2	 9	 023.tif	 1.619776e+03	 24	 999000	 240	 999000	 999	 1.620793e+03	 466.67	 466.67	 56.00	 23	 0.18	 
BMI_bf_130	 2	 9	 124.tif	 1.623776e+03	 11	 9.939562e+02	 110	 5.084376e+02	 98	 1.624793e+03	 483.33	 466.67	 23.00	 54	 0.57	 
BMI_bf_130	 2	 9	 010.tif	 1.625776e+03	 12	 999000	 120	 999000	 999	 1.626793e+03	 483.33	 466.67	 28.00	 10	 0.54	 
BMI_bf_130	 2	 9	 109.tif	 1.627776e+03	 12	 999000	 120	 999000	 999	 1.628792e+03	 483.33	 466.67	 4.00	 39	 0.84	 
BMI_bf_130	 2	 9	 025.tif	 1.631776e+03	 22	 9.936945e+02	 220	 5.104881e+02	 98	 1.632792e+03	 483.33	 483.33	 35.00	 25	 0.45	 
BMI_bf_130	 2	 9	 122.tif	 1.633776e+03	 24	 999000	 240	 999000	 999	 1.634792e+03	 483.33	 483.33	 39.00	 52	 0.41	 
BMI_bf_130	 2	 9	 119.tif	 1.637776e+03	 11	 1.001482e+03	 1100	 5.267591e+02	 98	 1.638792e+03	 433.33	 483.33	 14.00	 49	 0.67	 
BMI_bf_130	 2	 9	 106.tif	 1.641776e+03	 12	 999000	 120	 999000	 999	 1.642792e+03	 433.33	 483.33	 13.00	 36	 0.68	 
BMI_bf_130	 2	 9	 011.tif	 1.644776e+03	 12	 999000	 120	 999000	 999	 1.645792e+03	 433.33	 483.33	 25.00	 11	 0.56	 
BMI_bf_130	 2	 9	 018.tif	 1.650776e+03	 22	 1.057051e+03	 2200	 5.265758e+02	 98	 1.651792e+03	 433.33	 433.33	 49.00	 18	 0.28	 
BMI_bf_130	 2	 9	 026.tif	 1.652776e+03	 24	 999000	 240	 999000	 999	 1.653792e+03	 433.33	 433.33	 50.00	 26	 0.26	 
BMI_bf_130	 2	 9	 112.tif	 1.656775e+03	 22	 1.016729e+03	 2200	 4.758825e+02	 98	 1.657792e+03	 433.33	 383.33	 38.00	 42	 0.42	 
BMI_bf_130	 2	 9	 129.tif	 1.658775e+03	 24	 999000	 240	 999000	 999	 1.659792e+03	 433.33	 383.33	 36.00	 59	 0.45	 
BMI_bf_130	 2	 9	 019.tif	 1.660775e+03	 24	 999000	 240	 999000	 999	 1.661792e+03	 433.33	 383.33	 34.00	 19	 0.49	 
BMI_bf_130	 2	 9	 002.tif	 1.662775e+03	 24	 999000	 240	 999000	 999	 1.663792e+03	 433.33	 383.33	 55.00	 2	 0.19	 
BMI_bf_130	 2	 9	 130.tif	 1.667775e+03	 12	 999000	 120	 999000	 999	 1.668791e+03	 433.33	 383.33	 20.00	 60	 0.62	 
BMI_bf_130	 2	 9	 015.tif	 1.669775e+03	 11	 9.443807e+02	 110	 4.745480e+02	 98	 1.670792e+03	 450.00	 383.33	 9.00	 15	 0.75	 
BMI_bf_130	 2	 9	 114.tif	 1.671775e+03	 11	 9.842667e+02	 110	 4.910260e+02	 98	 1.672791e+03	 466.67	 383.33	 11.00	 44	 0.72	 
BMI_bf_130	 2	 9	 120.tif	 1.674775e+03	 22	 9.281517e+02	 220	 4.270966e+02	 98	 1.675791e+03	 466.67	 400.00	 41.00	 50	 0.40	 
BMI_bf_130	 2	 9	 017.tif	 1.677775e+03	 24	 2.961374e+02	 24	 999000	 98	 1.678791e+03	 466.67	 400.00	 47.00	 17	 0.29	 
BMI_bf_130	 2	 9	 024.tif	 1.681775e+03	 11	 1.055919e+03	 1100	 5.090923e+02	 98	 1.682791e+03	 416.67	 400.00	 19.00	 24	 0.63	 
BMI_bf_130	 2	 9	 013.tif	 1.683775e+03	 24	 999000	 240	 999000	 999	 1.684791e+03	 416.67	 400.00	 32.00	 13	 0.50	 
BMI_bf_130	 2	 9	 009.tif	 1.685775e+03	 12	 999000	 120	 999000	 999	 1.686791e+03	 416.67	 400.00	 27.00	 9	 0.54	 
BMI_bf_130	 2	 9	 127.tif	 1.688775e+03	 11	 1.023661e+03	 1100	 4.597163e+02	 98	 1.689791e+03	 366.67	 400.00	 8.00	 57	 0.77	 
BMI_bf_130	 2	 9	 003.tif	 1.691775e+03	 24	 999000	 240	 999000	 999	 1.692791e+03	 366.67	 400.00	 52.00	 3	 0.25	 
BMI_bf_130	 2	 9	 028.tif	 1.693775e+03	 24	 999000	 240	 999000	 999	 1.694791e+03	 366.67	 400.00	 53.00	 28	 0.23	 
BMI_bf_130	 2	 9	 105.tif	 1.695775e+03	 22	 1.135451e+03	 2200	 4.432166e+02	 98	 1.696791e+03	 366.67	 350.00	 40.00	 35	 0.40	 
BMI_bf_130	 2	 9	 123.tif	 1.697774e+03	 12	 999000	 120	 999000	 999	 1.698791e+03	 366.67	 350.00	 5.00	 53	 0.83	 
BMI_bf_130	 2	 9	 012.tif	 1.702774e+03	 24	 999000	 240	 999000	 999	 1.703791e+03	 366.67	 350.00	 60.00	 12	 0.05	 
BMI_bf_130	 2	 9	 001.tif	 1.704774e+03	 24	 999000	 240	 999000	 999	 1.705791e+03	 366.67	 350.00	 44.00	 1	 0.34	 
BMI_bf_130	 2	 9	 021.tif	 1.706774e+03	 11	 9.510574e+02	 110	 4.083712e+02	 98	 1.707791e+03	 383.33	 350.00	 26.00	 21	 0.55	 
BMI_bf_130	 2	 9	 014.tif	 1.708774e+03	 22	 9.989622e+02	 220	 3.931876e+02	 98	 1.709791e+03	 383.33	 366.67	 48.00	 14	 0.29	 
BMI_bf_130	 2	 9	 118.tif	 1.715774e+03	 24	 999000	 240	 999000	 999	 1.716790e+03	 383.33	 366.67	 42.00	 48	 0.38	 
BMI_bf_130	 2	 9	 126.tif	 1.717774e+03	 12	 999000	 120	 999000	 999	 1.718790e+03	 383.33	 366.67	 1.00	 56	 0.91	 
BMI_bf_130	 2	 9	 107.tif	 1.724774e+03	 22	 9.503396e+02	 220	 4.094954e+02	 98	 1.725790e+03	 383.33	 383.33	 51.00	 37	 0.26	 
BMI_bf_130	 2	 9	 102.tif	 1.727774e+03	 12	 999000	 120	 999000	 999	 1.728790e+03	 383.33	 383.33	 10.00	 32	 0.74	 
BMI_bf_130	 2	 9	 110.tif	 1.730774e+03	 12	 999000	 120	 999000	 999	 1.731790e+03	 383.33	 383.33	 24.00	 40	 0.57	 
BMI_bf_130	 2	 9	 006.tif	 1.736774e+03	 24	 7.660099e+02	 24	 999000	 98	 1.737790e+03	 383.33	 383.33	 58.00	 6	 0.14	 
BMI_bf_130	 2	 9	 116.tif	 1.738773e+03	 12	 999000	 120	 999000	 999	 1.739790e+03	 383.33	 383.33	 30.00	 46	 0.50	 
