subjectID	 order	 runNum	 itemName	 onsetTime	 shuff_trialType	 RT	 respInTime	 AudioTime	 response	 fixationTime	 ladder1	 ladder2	 bidIndex	 itemNameIndex	 bidValue	 
BMI_bf_108	 2	 8	 107.tif	 1.378808e+03	 24	 999000	 240	 999000	 999	 1.379824e+03	 583.33	 450.00	 57.00	 37	 0.19	 
BMI_bf_108	 2	 8	 111.tif	 1.381808e+03	 22	 1.024963e+03	 2200	 4.931849e+02	 98	 1.382824e+03	 583.33	 400.00	 41.00	 41	 0.42	 
BMI_bf_108	 2	 8	 017.tif	 1.385808e+03	 11	 1.064811e+03	 1100	 6.260133e+02	 98	 1.386824e+03	 533.33	 400.00	 11.00	 17	 0.70	 
BMI_bf_108	 2	 8	 108.tif	 1.387808e+03	 24	 999000	 240	 999000	 999	 1.388824e+03	 533.33	 400.00	 37.00	 38	 0.45	 
BMI_bf_108	 2	 8	 030.tif	 1.389808e+03	 24	 999000	 240	 999000	 999	 1.390824e+03	 533.33	 400.00	 36.00	 30	 0.46	 
BMI_bf_108	 2	 8	 029.tif	 1.393808e+03	 12	 999000	 120	 999000	 999	 1.394824e+03	 533.33	 400.00	 5.00	 29	 0.76	 
BMI_bf_108	 2	 8	 008.tif	 1.395808e+03	 12	 999000	 120	 999000	 999	 1.396824e+03	 533.33	 400.00	 1.00	 8	 0.93	 
BMI_bf_108	 2	 8	 113.tif	 1.400808e+03	 12	 999000	 120	 999000	 999	 1.401824e+03	 533.33	 400.00	 25.00	 43	 0.57	 
BMI_bf_108	 2	 8	 118.tif	 1.402808e+03	 12	 999000	 120	 999000	 999	 1.403824e+03	 533.33	 400.00	 20.00	 48	 0.61	 
BMI_bf_108	 2	 8	 123.tif	 1.405808e+03	 22	 7.201185e+02	 220	 4.409575e+02	 98	 1.406824e+03	 533.33	 416.67	 35.00	 53	 0.46	 
BMI_bf_108	 2	 8	 117.tif	 1.408808e+03	 22	 9.040607e+02	 220	 4.581113e+02	 98	 1.409824e+03	 533.33	 433.33	 49.00	 47	 0.34	 
BMI_bf_108	 2	 8	 115.tif	 1.412808e+03	 11	 7.199021e+02	 110	 5.746794e+02	 98	 1.413824e+03	 550.00	 433.33	 26.00	 45	 0.56	 
BMI_bf_108	 2	 8	 019.tif	 1.415808e+03	 24	 999000	 240	 999000	 999	 1.416824e+03	 550.00	 433.33	 50.00	 19	 0.28	 
BMI_bf_108	 2	 8	 128.tif	 1.417808e+03	 22	 8.956817e+02	 220	 4.759672e+02	 98	 1.418824e+03	 550.00	 450.00	 38.00	 58	 0.44	 
BMI_bf_108	 2	 8	 122.tif	 1.420808e+03	 24	 999000	 240	 999000	 999	 1.421824e+03	 550.00	 450.00	 32.00	 52	 0.49	 
BMI_bf_108	 2	 8	 028.tif	 1.424808e+03	 12	 999000	 120	 999000	 999	 1.425824e+03	 550.00	 450.00	 24.00	 28	 0.58	 
BMI_bf_108	 2	 8	 130.tif	 1.427807e+03	 12	 999000	 120	 999000	 999	 1.428824e+03	 550.00	 450.00	 4.00	 60	 0.77	 
BMI_bf_108	 2	 8	 109.tif	 1.429807e+03	 24	 999000	 240	 999000	 999	 1.430824e+03	 550.00	 450.00	 34.00	 39	 0.48	 
BMI_bf_108	 2	 8	 126.tif	 1.431807e+03	 11	 7.752401e+02	 110	 5.935555e+02	 98	 1.432824e+03	 566.67	 450.00	 14.00	 56	 0.68	 
BMI_bf_108	 2	 8	 012.tif	 1.436807e+03	 12	 999000	 120	 999000	 999	 1.437824e+03	 566.67	 450.00	 15.00	 12	 0.65	 
BMI_bf_108	 2	 8	 020.tif	 1.440807e+03	 11	 8.308725e+02	 110	 6.096365e+02	 98	 1.441824e+03	 583.33	 450.00	 9.00	 20	 0.71	 
BMI_bf_108	 2	 8	 002.tif	 1.444807e+03	 12	 999000	 120	 999000	 999	 1.445824e+03	 583.33	 450.00	 2.00	 2	 0.82	 
BMI_bf_108	 2	 8	 114.tif	 1.450807e+03	 24	 999000	 240	 999000	 999	 1.451823e+03	 583.33	 450.00	 31.00	 44	 0.51	 
BMI_bf_108	 2	 8	 120.tif	 1.452807e+03	 12	 999000	 120	 999000	 999	 1.453824e+03	 583.33	 450.00	 29.00	 50	 0.52	 
BMI_bf_108	 2	 8	 006.tif	 1.454807e+03	 24	 999000	 240	 999000	 999	 1.455823e+03	 583.33	 450.00	 60.00	 6	 0.10	 
BMI_bf_108	 2	 8	 021.tif	 1.456807e+03	 22	 9.423404e+02	 220	 4.916937e+02	 98	 1.457823e+03	 583.33	 466.67	 54.00	 21	 0.22	 
BMI_bf_108	 2	 8	 001.tif	 1.458807e+03	 24	 999000	 240	 999000	 999	 1.459823e+03	 583.33	 466.67	 52.00	 1	 0.24	 
BMI_bf_108	 2	 8	 018.tif	 1.462807e+03	 24	 999000	 240	 999000	 999	 1.463823e+03	 583.33	 466.67	 58.00	 18	 0.18	 
BMI_bf_108	 2	 8	 022.tif	 1.464807e+03	 22	 6.541152e+02	 220	 5.082003e+02	 98	 1.465823e+03	 583.33	 483.33	 51.00	 22	 0.25	 
BMI_bf_108	 2	 8	 009.tif	 1.468807e+03	 12	 999000	 120	 999000	 999	 1.469823e+03	 583.33	 483.33	 28.00	 9	 0.53	 
BMI_bf_108	 2	 8	 103.tif	 1.470807e+03	 24	 999000	 240	 999000	 999	 1.471823e+03	 583.33	 483.33	 42.00	 33	 0.41	 
BMI_bf_108	 2	 8	 003.tif	 1.472807e+03	 12	 999000	 120	 999000	 999	 1.473823e+03	 583.33	 483.33	 21.00	 3	 0.60	 
BMI_bf_108	 2	 8	 023.tif	 1.474807e+03	 11	 5.497313e+02	 11	 6.257325e+02	 98	 1.475823e+03	 600.00	 483.33	 16.00	 23	 0.64	 
BMI_bf_108	 2	 8	 027.tif	 1.479807e+03	 24	 999000	 240	 999000	 999	 1.480823e+03	 600.00	 483.33	 55.00	 27	 0.21	 
BMI_bf_108	 2	 8	 014.tif	 1.481807e+03	 12	 999000	 120	 999000	 999	 1.482823e+03	 600.00	 483.33	 3.00	 14	 0.81	 
BMI_bf_108	 2	 8	 124.tif	 1.483807e+03	 12	 999000	 120	 999000	 999	 1.484823e+03	 600.00	 483.33	 12.00	 54	 0.70	 
BMI_bf_108	 2	 8	 004.tif	 1.486807e+03	 11	 1.117264e+03	 1100	 6.432298e+02	 98	 1.487823e+03	 550.00	 483.33	 17.00	 4	 0.63	 
BMI_bf_108	 2	 8	 007.tif	 1.493807e+03	 11	 1.053021e+03	 1100	 5.928160e+02	 98	 1.494823e+03	 500.00	 483.33	 19.00	 7	 0.62	 
BMI_bf_108	 2	 8	 129.tif	 1.497807e+03	 12	 999000	 120	 999000	 999	 1.498823e+03	 500.00	 483.33	 10.00	 59	 0.70	 
BMI_bf_108	 2	 8	 116.tif	 1.504806e+03	 24	 999000	 240	 999000	 999	 1.505823e+03	 500.00	 483.33	 45.00	 46	 0.36	 
BMI_bf_108	 2	 8	 121.tif	 1.506806e+03	 12	 999000	 120	 999000	 999	 1.507823e+03	 500.00	 483.33	 30.00	 51	 0.51	 
BMI_bf_108	 2	 8	 105.tif	 1.510806e+03	 24	 999000	 240	 999000	 999	 1.511823e+03	 500.00	 483.33	 56.00	 35	 0.20	 
BMI_bf_108	 2	 8	 011.tif	 1.514806e+03	 12	 999000	 120	 999000	 999	 1.515823e+03	 500.00	 483.33	 7.00	 11	 0.73	 
BMI_bf_108	 2	 8	 125.tif	 1.516806e+03	 24	 999000	 240	 999000	 999	 1.517823e+03	 500.00	 483.33	 59.00	 55	 0.11	 
BMI_bf_108	 2	 8	 024.tif	 1.520806e+03	 12	 999000	 120	 999000	 999	 1.521823e+03	 500.00	 483.33	 6.00	 24	 0.76	 
BMI_bf_108	 2	 8	 104.tif	 1.522806e+03	 11	 6.200648e+02	 110	 5.427291e+02	 98	 1.523823e+03	 516.67	 483.33	 23.00	 34	 0.58	 
BMI_bf_108	 2	 8	 110.tif	 1.524806e+03	 22	 8.359437e+02	 220	 5.244418e+02	 98	 1.525823e+03	 516.67	 500.00	 46.00	 40	 0.35	 
BMI_bf_108	 2	 8	 119.tif	 1.530806e+03	 11	 1.019705e+03	 1100	 5.576283e+02	 98	 1.531823e+03	 466.67	 500.00	 22.00	 49	 0.59	 
BMI_bf_108	 2	 8	 112.tif	 1.532806e+03	 12	 999000	 120	 999000	 999	 1.533822e+03	 466.67	 500.00	 18.00	 42	 0.62	 
BMI_bf_108	 2	 8	 015.tif	 1.535806e+03	 22	 7.875717e+02	 220	 5.416131e+02	 98	 1.536823e+03	 466.67	 516.67	 43.00	 15	 0.37	 
BMI_bf_108	 2	 8	 026.tif	 1.538806e+03	 22	 7.634930e+02	 220	 5.584677e+02	 98	 1.539822e+03	 466.67	 533.33	 40.00	 26	 0.42	 
BMI_bf_108	 2	 8	 101.tif	 1.540806e+03	 24	 999000	 240	 999000	 999	 1.541822e+03	 466.67	 533.33	 33.00	 31	 0.49	 
BMI_bf_108	 2	 8	 102.tif	 1.542806e+03	 12	 999000	 120	 999000	 999	 1.543822e+03	 466.67	 533.33	 13.00	 32	 0.68	 
BMI_bf_108	 2	 8	 016.tif	 1.544806e+03	 22	 8.432532e+02	 220	 5.759940e+02	 98	 1.545822e+03	 466.67	 550.00	 48.00	 16	 0.34	 
BMI_bf_108	 2	 8	 005.tif	 1.550806e+03	 24	 999000	 240	 999000	 999	 1.551822e+03	 466.67	 550.00	 53.00	 5	 0.22	 
BMI_bf_108	 2	 8	 127.tif	 1.552806e+03	 12	 999000	 120	 999000	 999	 1.553822e+03	 466.67	 550.00	 27.00	 57	 0.55	 
BMI_bf_108	 2	 8	 010.tif	 1.554806e+03	 24	 999000	 240	 999000	 999	 1.555822e+03	 466.67	 550.00	 47.00	 10	 0.35	 
BMI_bf_108	 2	 8	 013.tif	 1.556806e+03	 24	 999000	 240	 999000	 999	 1.557822e+03	 466.67	 550.00	 44.00	 13	 0.37	 
BMI_bf_108	 2	 8	 106.tif	 1.559806e+03	 11	 8.587003e+02	 110	 5.075586e+02	 98	 1.560822e+03	 483.33	 550.00	 8.00	 36	 0.72	 
BMI_bf_108	 2	 8	 025.tif	 1.562806e+03	 24	 999000	 240	 999000	 999	 1.563822e+03	 483.33	 550.00	 39.00	 25	 0.44	 
