subjectID	 order	 runNum	 itemName	 onsetTime	 shuff_trialType	 RT	 respInTime	 AudioTime	 response	 fixationTime	 ladder1	 ladder2	 bidIndex	 itemNameIndex	 bidValue	 
BMI_bf_120	 2	 4	 113.tif	 5.782656e+02	 11	 9.684838e+02	 110	 4.261752e+02	 98	 5.792823e+02	 400.00	 316.67	 22.00	 43	 0.59	 
BMI_bf_120	 2	 4	 001.tif	 5.802659e+02	 24	 999000	 240	 999000	 999	 5.812823e+02	 400.00	 316.67	 42.00	 1	 0.40	 
BMI_bf_120	 2	 4	 006.tif	 5.842658e+02	 24	 999000	 240	 999000	 999	 5.852822e+02	 400.00	 316.67	 59.00	 6	 0.15	 
BMI_bf_120	 2	 4	 011.tif	 5.872657e+02	 12	 999000	 120	 999000	 999	 5.882821e+02	 400.00	 316.67	 27.00	 11	 0.52	 
BMI_bf_120	 2	 4	 108.tif	 5.892657e+02	 11	 1.055827e+03	 1100	 4.414172e+02	 98	 5.902821e+02	 350.00	 316.67	 14.00	 38	 0.65	 
BMI_bf_120	 2	 4	 007.tif	 5.922656e+02	 24	 999000	 240	 999000	 999	 5.932820e+02	 350.00	 316.67	 32.00	 7	 0.48	 
BMI_bf_120	 2	 4	 112.tif	 5.962656e+02	 22	 9.355367e+02	 220	 3.597686e+02	 98	 5.972820e+02	 350.00	 333.33	 38.00	 42	 0.44	 
BMI_bf_120	 2	 4	 020.tif	 6.002655e+02	 12	 999000	 120	 999000	 999	 6.012818e+02	 350.00	 333.33	 18.00	 20	 0.61	 
BMI_bf_120	 2	 4	 121.tif	 6.022654e+02	 12	 999000	 120	 999000	 999	 6.032818e+02	 350.00	 333.33	 21.00	 51	 0.59	 
BMI_bf_120	 2	 4	 014.tif	 6.072653e+02	 24	 999000	 240	 999000	 999	 6.082816e+02	 350.00	 333.33	 47.00	 14	 0.35	 
BMI_bf_120	 2	 4	 005.tif	 6.092653e+02	 24	 999000	 240	 999000	 999	 6.102816e+02	 350.00	 333.33	 52.00	 5	 0.28	 
BMI_bf_120	 2	 4	 101.tif	 6.112653e+02	 11	 9.429826e+02	 110	 3.921618e+02	 98	 6.122816e+02	 366.67	 333.33	 9.00	 31	 0.74	 
BMI_bf_120	 2	 4	 114.tif	 6.172651e+02	 12	 999000	 120	 999000	 999	 6.182815e+02	 366.67	 333.33	 24.00	 44	 0.55	 
BMI_bf_120	 2	 4	 128.tif	 6.192651e+02	 12	 999000	 120	 999000	 999	 6.202814e+02	 366.67	 333.33	 12.00	 58	 0.71	 
BMI_bf_120	 2	 4	 111.tif	 6.212650e+02	 12	 999000	 120	 999000	 999	 6.222814e+02	 366.67	 333.33	 3.00	 41	 0.80	 
BMI_bf_120	 2	 4	 110.tif	 6.232650e+02	 11	 9.265861e+02	 110	 4.076464e+02	 98	 6.242813e+02	 383.33	 333.33	 17.00	 40	 0.62	 
BMI_bf_120	 2	 4	 027.tif	 6.272649e+02	 11	 9.904079e+02	 110	 4.245944e+02	 98	 6.282812e+02	 400.00	 333.33	 26.00	 27	 0.54	 
BMI_bf_120	 2	 4	 107.tif	 6.312648e+02	 24	 999000	 240	 999000	 999	 6.322812e+02	 400.00	 333.33	 53.00	 37	 0.26	 
BMI_bf_120	 2	 4	 008.tif	 6.342647e+02	 22	 9.421875e+02	 220	 3.745762e+02	 98	 6.352811e+02	 400.00	 350.00	 49.00	 8	 0.32	 
BMI_bf_120	 2	 4	 115.tif	 6.382647e+02	 22	 9.420508e+02	 220	 3.916350e+02	 98	 6.392810e+02	 400.00	 366.67	 43.00	 45	 0.40	 
BMI_bf_120	 2	 4	 116.tif	 6.412646e+02	 12	 999000	 120	 999000	 999	 6.422809e+02	 400.00	 366.67	 7.00	 46	 0.75	 
BMI_bf_120	 2	 4	 129.tif	 6.432645e+02	 11	 9.658769e+02	 110	 4.425093e+02	 98	 6.442809e+02	 416.67	 366.67	 11.00	 59	 0.72	 
BMI_bf_120	 2	 4	 023.tif	 6.472645e+02	 24	 999000	 240	 999000	 999	 6.482808e+02	 416.67	 366.67	 60.00	 23	 0.10	 
BMI_bf_120	 2	 4	 029.tif	 6.492644e+02	 24	 999000	 240	 999000	 999	 6.502807e+02	 416.67	 366.67	 45.00	 29	 0.38	 
BMI_bf_120	 2	 4	 123.tif	 6.512644e+02	 24	 999000	 240	 999000	 999	 6.522807e+02	 416.67	 366.67	 33.00	 53	 0.47	 
BMI_bf_120	 2	 4	 024.tif	 6.552643e+02	 24	 999000	 240	 999000	 999	 6.562806e+02	 416.67	 366.67	 37.00	 24	 0.44	 
BMI_bf_120	 2	 4	 127.tif	 6.572641e+02	 12	 999000	 120	 999000	 999	 6.582806e+02	 416.67	 366.67	 10.00	 57	 0.74	 
BMI_bf_120	 2	 4	 017.tif	 6.612642e+02	 24	 999000	 240	 999000	 999	 6.622805e+02	 416.67	 366.67	 50.00	 17	 0.32	 
BMI_bf_120	 2	 4	 009.tif	 6.652641e+02	 24	 999000	 240	 999000	 999	 6.662804e+02	 416.67	 366.67	 44.00	 9	 0.39	 
BMI_bf_120	 2	 4	 103.tif	 6.682640e+02	 11	 1.029019e+03	 1100	 4.589858e+02	 98	 6.692804e+02	 366.67	 366.67	 19.00	 33	 0.60	 
BMI_bf_120	 2	 4	 120.tif	 6.742639e+02	 22	 9.888087e+02	 220	 4.078375e+02	 98	 6.752803e+02	 366.67	 383.33	 41.00	 50	 0.41	 
BMI_bf_120	 2	 4	 118.tif	 6.762639e+02	 11	 9.487200e+02	 110	 4.084705e+02	 98	 6.772802e+02	 383.33	 383.33	 23.00	 48	 0.57	 
BMI_bf_120	 2	 4	 025.tif	 6.802638e+02	 12	 999000	 120	 999000	 999	 6.812801e+02	 383.33	 383.33	 30.00	 25	 0.49	 
BMI_bf_120	 2	 4	 117.tif	 6.822637e+02	 22	 9.725081e+02	 220	 4.255420e+02	 98	 6.832801e+02	 383.33	 400.00	 54.00	 47	 0.24	 
BMI_bf_120	 2	 4	 109.tif	 6.842635e+02	 12	 999000	 120	 999000	 999	 6.852800e+02	 383.33	 400.00	 5.00	 39	 0.78	 
BMI_bf_120	 2	 4	 126.tif	 6.862636e+02	 12	 999000	 120	 999000	 999	 6.872799e+02	 383.33	 400.00	 2.00	 56	 0.81	 
BMI_bf_120	 2	 4	 021.tif	 6.912635e+02	 22	 9.641950e+02	 220	 4.414323e+02	 98	 6.922799e+02	 383.33	 416.67	 48.00	 21	 0.32	 
BMI_bf_120	 2	 4	 124.tif	 6.932633e+02	 12	 999000	 120	 999000	 999	 6.942798e+02	 383.33	 416.67	 4.00	 54	 0.78	 
BMI_bf_120	 2	 4	 013.tif	 6.952634e+02	 12	 999000	 120	 999000	 999	 6.962798e+02	 383.33	 416.67	 29.00	 13	 0.49	 
BMI_bf_120	 2	 4	 030.tif	 6.982634e+02	 12	 999000	 120	 999000	 999	 6.992797e+02	 383.33	 416.67	 25.00	 30	 0.54	 
BMI_bf_120	 2	 4	 122.tif	 7.012633e+02	 12	 999000	 120	 999000	 999	 7.022797e+02	 383.33	 416.67	 6.00	 52	 0.77	 
BMI_bf_120	 2	 4	 018.tif	 7.052633e+02	 24	 999000	 240	 999000	 999	 7.062796e+02	 383.33	 416.67	 55.00	 18	 0.21	 
BMI_bf_120	 2	 4	 015.tif	 7.072632e+02	 24	 999000	 240	 999000	 999	 7.082795e+02	 383.33	 416.67	 36.00	 15	 0.46	 
BMI_bf_120	 2	 4	 002.tif	 7.092632e+02	 22	 1.067557e+03	 2200	 4.574772e+02	 98	 7.102795e+02	 383.33	 366.67	 51.00	 2	 0.30	 
BMI_bf_120	 2	 4	 028.tif	 7.122633e+02	 24	 999000	 240	 999000	 999	 7.132794e+02	 383.33	 366.67	 31.00	 28	 0.48	 
BMI_bf_120	 2	 4	 119.tif	 7.152630e+02	 12	 999000	 120	 999000	 999	 7.162793e+02	 383.33	 366.67	 13.00	 49	 0.69	 
BMI_bf_120	 2	 4	 004.tif	 7.172630e+02	 24	 999000	 240	 999000	 999	 7.182793e+02	 383.33	 366.67	 57.00	 4	 0.20	 
BMI_bf_120	 2	 4	 130.tif	 7.192630e+02	 12	 999000	 120	 999000	 999	 7.202793e+02	 383.33	 366.67	 1.00	 60	 0.94	 
BMI_bf_120	 2	 4	 022.tif	 7.212629e+02	 24	 999000	 240	 999000	 999	 7.222793e+02	 383.33	 366.67	 39.00	 22	 0.43	 
BMI_bf_120	 2	 4	 026.tif	 7.262628e+02	 12	 999000	 120	 999000	 999	 7.272791e+02	 383.33	 366.67	 28.00	 26	 0.50	 
BMI_bf_120	 2	 4	 010.tif	 7.282627e+02	 12	 999000	 120	 999000	 999	 7.292792e+02	 383.33	 366.67	 20.00	 10	 0.59	 
BMI_bf_120	 2	 4	 003.tif	 7.302627e+02	 11	 1.050819e+03	 1100	 4.249156e+02	 98	 7.312791e+02	 333.33	 366.67	 16.00	 3	 0.63	 
BMI_bf_120	 2	 4	 104.tif	 7.322627e+02	 12	 999000	 120	 999000	 999	 7.332790e+02	 333.33	 366.67	 15.00	 34	 0.64	 
BMI_bf_120	 2	 4	 105.tif	 7.392625e+02	 24	 999000	 240	 999000	 999	 7.402788e+02	 333.33	 366.67	 56.00	 35	 0.21	 
BMI_bf_120	 2	 4	 106.tif	 7.412625e+02	 24	 999000	 240	 999000	 999	 7.422788e+02	 333.33	 366.67	 34.00	 36	 0.47	 
BMI_bf_120	 2	 4	 016.tif	 7.482623e+02	 22	 9.701977e+02	 220	 4.082081e+02	 98	 7.492787e+02	 333.33	 383.33	 40.00	 16	 0.42	 
BMI_bf_120	 2	 4	 102.tif	 7.512623e+02	 11	 9.460751e+02	 110	 3.759448e+02	 98	 7.522786e+02	 350.00	 383.33	 8.00	 32	 0.74	 
BMI_bf_120	 2	 4	 012.tif	 7.542622e+02	 24	 999000	 240	 999000	 999	 7.552785e+02	 350.00	 383.33	 58.00	 12	 0.15	 
BMI_bf_120	 2	 4	 125.tif	 7.602621e+02	 22	 2.737857e+02	 22	 4.241299e+02	 98	 7.612784e+02	 350.00	 400.00	 46.00	 55	 0.37	 
BMI_bf_120	 2	 4	 019.tif	 7.622620e+02	 22	 -4.300369e+02	 22	 4.424803e+02	 98	 7.632784e+02	 350.00	 416.67	 35.00	 19	 0.47	 
