subjectID	 order	 runNum	 itemName	 onsetTime	 shuff_trialType	 RT	 respInTime	 AudioTime	 response	 fixationTime	 ladder1	 ladder2	 bidIndex	 itemNameIndex	 bidValue	 
BMI_bf_101	 1	 8	 003.tif	 1.363491e+03	 22	 9.983878e+02	 220	 4.265890e+02	 98	 1.364508e+03	 383.33	 400.00	 36.00	 3	 0.42	 
BMI_bf_101	 1	 8	 008.tif	 1.366491e+03	 24	 999000	 240	 999000	 999	 1.367508e+03	 383.33	 400.00	 60.00	 8	 0.00	 
BMI_bf_101	 1	 8	 005.tif	 1.370491e+03	 24	 999000	 240	 999000	 999	 1.371508e+03	 383.33	 400.00	 43.00	 5	 0.38	 
BMI_bf_101	 1	 8	 004.tif	 1.372491e+03	 24	 999000	 240	 999000	 999	 1.373507e+03	 383.33	 400.00	 34.00	 4	 0.45	 
BMI_bf_101	 1	 8	 113.tif	 1.374491e+03	 11	 9.500510e+02	 110	 4.269856e+02	 98	 1.375507e+03	 400.00	 400.00	 21.00	 43	 0.62	 
BMI_bf_101	 1	 8	 116.tif	 1.378491e+03	 11	 9.815776e+02	 110	 4.418290e+02	 98	 1.379507e+03	 416.67	 400.00	 10.00	 46	 0.78	 
BMI_bf_101	 1	 8	 018.tif	 1.380491e+03	 22	 9.977488e+02	 220	 4.434747e+02	 98	 1.381507e+03	 416.67	 416.67	 53.00	 18	 0.20	 
BMI_bf_101	 1	 8	 022.tif	 1.385491e+03	 24	 999000	 240	 999000	 999	 1.386507e+03	 416.67	 416.67	 40.00	 22	 0.39	 
BMI_bf_101	 1	 8	 028.tif	 1.387491e+03	 12	 999000	 120	 999000	 999	 1.388507e+03	 416.67	 416.67	 16.00	 28	 0.68	 
BMI_bf_101	 1	 8	 015.tif	 1.390491e+03	 24	 999000	 240	 999000	 999	 1.391507e+03	 416.67	 416.67	 56.00	 15	 0.18	 
BMI_bf_101	 1	 8	 102.tif	 1.393490e+03	 11	 9.970249e+02	 110	 4.596209e+02	 98	 1.394507e+03	 433.33	 416.67	 7.00	 32	 0.81	 
BMI_bf_101	 1	 8	 107.tif	 1.397490e+03	 22	 9.888912e+02	 220	 4.592043e+02	 98	 1.398507e+03	 433.33	 433.33	 47.00	 37	 0.28	 
BMI_bf_101	 1	 8	 014.tif	 1.400490e+03	 22	 1.012746e+03	 2200	 4.766213e+02	 98	 1.401507e+03	 433.33	 383.33	 50.00	 14	 0.25	 
BMI_bf_101	 1	 8	 006.tif	 1.402490e+03	 24	 999000	 240	 999000	 999	 1.403507e+03	 433.33	 383.33	 58.00	 6	 0.15	 
BMI_bf_101	 1	 8	 115.tif	 1.405490e+03	 11	 1.004578e+03	 1100	 4.757076e+02	 98	 1.406506e+03	 383.33	 383.33	 13.00	 45	 0.71	 
BMI_bf_101	 1	 8	 128.tif	 1.409490e+03	 24	 999000	 240	 999000	 999	 1.410506e+03	 383.33	 383.33	 32.00	 58	 0.48	 
BMI_bf_101	 1	 8	 127.tif	 1.412490e+03	 12	 999000	 120	 999000	 999	 1.413506e+03	 383.33	 383.33	 11.00	 57	 0.77	 
BMI_bf_101	 1	 8	 130.tif	 1.414490e+03	 12	 999000	 120	 999000	 999	 1.415506e+03	 383.33	 383.33	 5.00	 60	 0.86	 
BMI_bf_101	 1	 8	 109.tif	 1.416490e+03	 12	 999000	 120	 999000	 999	 1.417506e+03	 383.33	 383.33	 6.00	 39	 0.81	 
BMI_bf_101	 1	 8	 108.tif	 1.421490e+03	 11	 1.012010e+03	 1100	 4.260792e+02	 98	 1.422506e+03	 333.33	 383.33	 12.00	 38	 0.74	 
BMI_bf_101	 1	 8	 027.tif	 1.425490e+03	 24	 999000	 240	 999000	 999	 1.426506e+03	 333.33	 383.33	 46.00	 27	 0.28	 
BMI_bf_101	 1	 8	 024.tif	 1.429489e+03	 12	 999000	 120	 999000	 999	 1.430506e+03	 333.33	 383.33	 28.00	 24	 0.53	 
BMI_bf_101	 1	 8	 012.tif	 1.435489e+03	 24	 999000	 240	 999000	 999	 1.436506e+03	 333.33	 383.33	 54.00	 12	 0.18	 
BMI_bf_101	 1	 8	 002.tif	 1.437489e+03	 24	 999000	 240	 999000	 999	 1.438505e+03	 333.33	 383.33	 49.00	 2	 0.25	 
BMI_bf_101	 1	 8	 001.tif	 1.439489e+03	 24	 999000	 240	 999000	 999	 1.440505e+03	 333.33	 383.33	 38.00	 1	 0.40	 
BMI_bf_101	 1	 8	 111.tif	 1.441489e+03	 12	 999000	 120	 999000	 999	 1.442505e+03	 333.33	 383.33	 4.00	 41	 0.87	 
BMI_bf_101	 1	 8	 129.tif	 1.443489e+03	 12	 999000	 120	 999000	 999	 1.444505e+03	 333.33	 383.33	 9.00	 59	 0.80	 
BMI_bf_101	 1	 8	 110.tif	 1.447489e+03	 11	 9.151576e+02	 110	 3.766684e+02	 98	 1.448505e+03	 350.00	 383.33	 15.00	 40	 0.70	 
BMI_bf_101	 1	 8	 103.tif	 1.449489e+03	 12	 999000	 120	 999000	 999	 1.450505e+03	 350.00	 383.33	 23.00	 33	 0.61	 
BMI_bf_101	 1	 8	 122.tif	 1.453489e+03	 12	 999000	 120	 999000	 999	 1.454505e+03	 350.00	 383.33	 27.00	 52	 0.53	 
BMI_bf_101	 1	 8	 119.tif	 1.455489e+03	 12	 999000	 120	 999000	 999	 1.456505e+03	 350.00	 383.33	 17.00	 49	 0.67	 
BMI_bf_101	 1	 8	 019.tif	 1.457489e+03	 24	 999000	 240	 999000	 999	 1.458505e+03	 350.00	 383.33	 31.00	 19	 0.48	 
BMI_bf_101	 1	 8	 010.tif	 1.459489e+03	 24	 999000	 240	 999000	 999	 1.460505e+03	 350.00	 383.33	 51.00	 10	 0.21	 
BMI_bf_101	 1	 8	 104.tif	 1.464488e+03	 12	 999000	 120	 999000	 999	 1.465505e+03	 350.00	 383.33	 22.00	 34	 0.61	 
BMI_bf_101	 1	 8	 025.tif	 1.466488e+03	 22	 9.624844e+02	 220	 4.264501e+02	 98	 1.467505e+03	 350.00	 400.00	 45.00	 25	 0.36	 
BMI_bf_101	 1	 8	 101.tif	 1.468488e+03	 12	 999000	 120	 999000	 999	 1.469505e+03	 350.00	 400.00	 3.00	 31	 0.90	 
BMI_bf_101	 1	 8	 021.tif	 1.471488e+03	 24	 999000	 240	 999000	 999	 1.472504e+03	 350.00	 400.00	 57.00	 21	 0.17	 
BMI_bf_101	 1	 8	 011.tif	 1.478488e+03	 11	 9.460533e+02	 110	 3.930654e+02	 98	 1.479504e+03	 366.67	 400.00	 18.00	 11	 0.66	 
BMI_bf_101	 1	 8	 123.tif	 1.482488e+03	 11	 9.939279e+02	 110	 4.093528e+02	 98	 1.483504e+03	 383.33	 400.00	 25.00	 53	 0.57	 
BMI_bf_101	 1	 8	 007.tif	 1.489488e+03	 22	 1.033649e+03	 2200	 4.425175e+02	 98	 1.490504e+03	 383.33	 350.00	 44.00	 7	 0.36	 
BMI_bf_101	 1	 8	 020.tif	 1.491487e+03	 12	 999000	 120	 999000	 999	 1.492504e+03	 383.33	 350.00	 14.00	 20	 0.71	 
BMI_bf_101	 1	 8	 026.tif	 1.495487e+03	 24	 999000	 240	 999000	 999	 1.496504e+03	 383.33	 350.00	 41.00	 26	 0.38	 
BMI_bf_101	 1	 8	 023.tif	 1.499487e+03	 24	 999000	 240	 999000	 999	 1.500504e+03	 383.33	 350.00	 48.00	 23	 0.27	 
BMI_bf_101	 1	 8	 118.tif	 1.501487e+03	 11	 9.852128e+02	 110	 4.268893e+02	 98	 1.502504e+03	 400.00	 350.00	 20.00	 48	 0.64	 
BMI_bf_101	 1	 8	 030.tif	 1.505487e+03	 12	 999000	 120	 999000	 999	 1.506503e+03	 400.00	 350.00	 30.00	 30	 0.49	 
BMI_bf_101	 1	 8	 016.tif	 1.507487e+03	 24	 999000	 240	 999000	 999	 1.508503e+03	 400.00	 350.00	 55.00	 16	 0.18	 
BMI_bf_101	 1	 8	 009.tif	 1.509487e+03	 22	 9.369023e+02	 220	 3.930458e+02	 98	 1.510503e+03	 400.00	 366.67	 39.00	 9	 0.39	 
BMI_bf_101	 1	 8	 029.tif	 1.515487e+03	 22	 9.685927e+02	 220	 4.098461e+02	 98	 1.516503e+03	 400.00	 383.33	 42.00	 29	 0.38	 
BMI_bf_101	 1	 8	 112.tif	 1.517487e+03	 12	 999000	 120	 999000	 999	 1.518503e+03	 400.00	 383.33	 29.00	 42	 0.49	 
BMI_bf_101	 1	 8	 017.tif	 1.520487e+03	 22	 9.365198e+02	 220	 4.258482e+02	 98	 1.521503e+03	 400.00	 400.00	 52.00	 17	 0.20	 
BMI_bf_101	 1	 8	 126.tif	 1.523487e+03	 12	 999000	 120	 999000	 999	 1.524503e+03	 400.00	 400.00	 2.00	 56	 0.91	 
BMI_bf_101	 1	 8	 013.tif	 1.525487e+03	 24	 999000	 240	 999000	 999	 1.526503e+03	 400.00	 400.00	 35.00	 13	 0.43	 
BMI_bf_101	 1	 8	 120.tif	 1.527486e+03	 12	 999000	 120	 999000	 999	 1.528503e+03	 400.00	 400.00	 19.00	 50	 0.65	 
BMI_bf_101	 1	 8	 105.tif	 1.529486e+03	 24	 999000	 240	 999000	 999	 1.530503e+03	 400.00	 400.00	 59.00	 35	 0.11	 
BMI_bf_101	 1	 8	 121.tif	 1.535486e+03	 12	 999000	 120	 999000	 999	 1.536503e+03	 400.00	 400.00	 8.00	 51	 0.80	 
BMI_bf_101	 1	 8	 114.tif	 1.537486e+03	 11	 9.759302e+02	 110	 4.445843e+02	 98	 1.538503e+03	 416.67	 400.00	 24.00	 44	 0.57	 
BMI_bf_101	 1	 8	 125.tif	 1.539486e+03	 24	 999000	 240	 999000	 999	 1.540502e+03	 416.67	 400.00	 33.00	 55	 0.47	 
BMI_bf_101	 1	 8	 124.tif	 1.541486e+03	 12	 999000	 120	 999000	 999	 1.542502e+03	 416.67	 400.00	 1.00	 54	 0.93	 
BMI_bf_101	 1	 8	 106.tif	 1.544486e+03	 12	 999000	 120	 999000	 999	 1.545502e+03	 416.67	 400.00	 26.00	 36	 0.55	 
BMI_bf_101	 1	 8	 117.tif	 1.547486e+03	 22	 9.595643e+02	 220	 4.422624e+02	 98	 1.548502e+03	 416.67	 416.67	 37.00	 47	 0.41	 
