subjectID	 order	 runNum	 itemName	 onsetTime	 shuff_trialType	 RT	 respInTime	 AudioTime	 response	 fixationTime	 ladder1	 ladder2	 bidIndex	 itemNameIndex	 bidValue	 
BMI_bf_125	 1	 2	 128.tif	 1.887180e+02	 22	 9.704614e+02	 220	 4.256751e+02	 98	 1.897347e+02	 383.33	 400.00	 52.00	 58	 0.24	 
BMI_bf_125	 1	 2	 115.tif	 1.917183e+02	 24	 999000	 240	 999000	 999	 1.927347e+02	 383.33	 400.00	 33.00	 45	 0.44	 
BMI_bf_125	 1	 2	 125.tif	 1.937183e+02	 12	 999000	 120	 999000	 999	 1.947346e+02	 383.33	 400.00	 28.00	 55	 0.47	 
BMI_bf_125	 1	 2	 129.tif	 1.957182e+02	 24	 999000	 240	 999000	 999	 1.967346e+02	 383.33	 400.00	 41.00	 59	 0.39	 
BMI_bf_125	 1	 2	 116.tif	 1.977182e+02	 12	 999000	 120	 999000	 999	 1.987345e+02	 383.33	 400.00	 14.00	 46	 0.71	 
BMI_bf_125	 1	 2	 007.tif	 2.007181e+02	 12	 999000	 120	 999000	 999	 2.017345e+02	 383.33	 400.00	 27.00	 7	 0.55	 
BMI_bf_125	 1	 2	 114.tif	 2.027181e+02	 24	 999000	 240	 999000	 999	 2.037344e+02	 383.33	 400.00	 54.00	 44	 0.22	 
BMI_bf_125	 1	 2	 120.tif	 2.067180e+02	 24	 999000	 240	 999000	 999	 2.077344e+02	 383.33	 400.00	 49.00	 50	 0.25	 
BMI_bf_125	 1	 2	 027.tif	 2.087180e+02	 22	 1.033460e+03	 2200	 4.418918e+02	 98	 2.097343e+02	 383.33	 350.00	 47.00	 27	 0.28	 
BMI_bf_125	 1	 2	 102.tif	 2.137179e+02	 12	 999000	 120	 999000	 999	 2.147342e+02	 383.33	 350.00	 5.00	 32	 0.83	 
BMI_bf_125	 1	 2	 117.tif	 2.157179e+02	 24	 999000	 240	 999000	 999	 2.167342e+02	 383.33	 350.00	 31.00	 47	 0.46	 
BMI_bf_125	 1	 2	 028.tif	 2.197178e+02	 22	 9.930706e+02	 220	 3.920660e+02	 98	 2.207342e+02	 383.33	 366.67	 42.00	 28	 0.36	 
BMI_bf_125	 1	 2	 123.tif	 2.217178e+02	 11	 9.690246e+02	 110	 4.248888e+02	 98	 2.227341e+02	 400.00	 366.67	 25.00	 53	 0.58	 
BMI_bf_125	 1	 2	 003.tif	 2.247177e+02	 24	 999000	 240	 999000	 999	 2.257342e+02	 400.00	 366.67	 40.00	 3	 0.40	 
BMI_bf_125	 1	 2	 118.tif	 2.297176e+02	 12	 999000	 120	 999000	 999	 2.307339e+02	 400.00	 366.67	 22.00	 48	 0.63	 
BMI_bf_125	 1	 2	 105.tif	 2.317176e+02	 22	 1.000696e+03	 2200	 4.089366e+02	 98	 2.327340e+02	 400.00	 316.67	 45.00	 35	 0.30	 
BMI_bf_125	 1	 2	 108.tif	 2.337175e+02	 11	 4.086081e+02	 110	 4.446529e+02	 98	 2.347339e+02	 416.67	 316.67	 12.00	 38	 0.76	 
BMI_bf_125	 1	 2	 104.tif	 2.377175e+02	 12	 999000	 120	 999000	 999	 2.387338e+02	 416.67	 316.67	 4.00	 34	 0.84	 
BMI_bf_125	 1	 2	 015.tif	 2.417174e+02	 12	 999000	 120	 999000	 999	 2.427337e+02	 416.67	 316.67	 29.00	 15	 0.46	 
BMI_bf_125	 1	 2	 101.tif	 2.457173e+02	 12	 999000	 120	 999000	 999	 2.467337e+02	 416.67	 316.67	 23.00	 31	 0.63	 
BMI_bf_125	 1	 2	 011.tif	 2.477173e+02	 11	 1.080133e+03	 1100	 4.585930e+02	 98	 2.487336e+02	 366.67	 316.67	 15.00	 11	 0.70	 
BMI_bf_125	 1	 2	 012.tif	 2.497171e+02	 22	 9.681915e+02	 220	 3.588946e+02	 98	 2.507336e+02	 366.67	 333.33	 50.00	 12	 0.25	 
BMI_bf_125	 1	 2	 030.tif	 2.517172e+02	 12	 999000	 120	 999000	 999	 2.527335e+02	 366.67	 333.33	 19.00	 30	 0.64	 
BMI_bf_125	 1	 2	 109.tif	 2.537172e+02	 12	 999000	 120	 999000	 999	 2.547335e+02	 366.67	 333.33	 26.00	 39	 0.57	 
BMI_bf_125	 1	 2	 111.tif	 2.597171e+02	 12	 999000	 120	 999000	 999	 2.607334e+02	 366.67	 333.33	 3.00	 41	 0.84	 
BMI_bf_125	 1	 2	 023.tif	 2.627170e+02	 24	 999000	 240	 999000	 999	 2.637334e+02	 366.67	 333.33	 43.00	 23	 0.36	 
BMI_bf_125	 1	 2	 010.tif	 2.647170e+02	 22	 9.995155e+02	 220	 3.758062e+02	 98	 2.657333e+02	 366.67	 350.00	 36.00	 10	 0.44	 
BMI_bf_125	 1	 2	 127.tif	 2.667169e+02	 12	 999000	 120	 999000	 999	 2.677333e+02	 366.67	 350.00	 6.00	 57	 0.82	 
BMI_bf_125	 1	 2	 005.tif	 2.697169e+02	 24	 999000	 240	 999000	 999	 2.707332e+02	 366.67	 350.00	 34.00	 5	 0.44	 
BMI_bf_125	 1	 2	 029.tif	 2.717168e+02	 22	 9.672892e+02	 220	 3.921678e+02	 98	 2.727332e+02	 366.67	 366.67	 37.00	 29	 0.43	 
BMI_bf_125	 1	 2	 126.tif	 2.737168e+02	 12	 999000	 120	 999000	 999	 2.747332e+02	 366.67	 366.67	 8.00	 56	 0.80	 
BMI_bf_125	 1	 2	 026.tif	 2.757168e+02	 12	 999000	 120	 999000	 999	 2.767331e+02	 366.67	 366.67	 30.00	 26	 0.46	 
BMI_bf_125	 1	 2	 001.tif	 2.787167e+02	 24	 999000	 240	 999000	 999	 2.797331e+02	 366.67	 366.67	 55.00	 1	 0.19	 
BMI_bf_125	 1	 2	 002.tif	 2.807167e+02	 24	 999000	 240	 999000	 999	 2.817331e+02	 366.67	 366.67	 60.00	 2	 0.06	 
BMI_bf_125	 1	 2	 022.tif	 2.827167e+02	 12	 999000	 120	 999000	 999	 2.837330e+02	 366.67	 366.67	 17.00	 22	 0.65	 
BMI_bf_125	 1	 2	 020.tif	 2.847166e+02	 12	 999000	 120	 999000	 999	 2.857330e+02	 366.67	 366.67	 2.00	 20	 0.87	 
BMI_bf_125	 1	 2	 110.tif	 2.867166e+02	 12	 999000	 120	 999000	 999	 2.877329e+02	 366.67	 366.67	 1.00	 40	 0.90	 
BMI_bf_125	 1	 2	 008.tif	 2.927165e+02	 24	 999000	 240	 999000	 999	 2.937328e+02	 366.67	 366.67	 46.00	 8	 0.29	 
BMI_bf_125	 1	 2	 021.tif	 2.957164e+02	 11	 1.014346e+03	 1100	 4.077327e+02	 98	 2.967327e+02	 316.67	 366.67	 24.00	 21	 0.61	 
BMI_bf_125	 1	 2	 106.tif	 2.997163e+02	 24	 999000	 240	 999000	 999	 3.007327e+02	 316.67	 366.67	 35.00	 36	 0.44	 
BMI_bf_125	 1	 2	 016.tif	 3.057162e+02	 24	 999000	 240	 999000	 999	 3.067326e+02	 316.67	 366.67	 57.00	 16	 0.16	 
BMI_bf_125	 1	 2	 103.tif	 3.077162e+02	 12	 999000	 120	 999000	 999	 3.087325e+02	 316.67	 366.67	 9.00	 33	 0.78	 
BMI_bf_125	 1	 2	 009.tif	 3.127161e+02	 22	 9.897860e+02	 220	 4.095614e+02	 98	 3.137324e+02	 316.67	 383.33	 53.00	 9	 0.23	 
BMI_bf_125	 1	 2	 006.tif	 3.157160e+02	 24	 999000	 240	 999000	 999	 3.167324e+02	 316.67	 383.33	 58.00	 6	 0.14	 
BMI_bf_125	 1	 2	 124.tif	 3.177160e+02	 12	 999000	 120	 999000	 999	 3.187323e+02	 316.67	 383.33	 11.00	 54	 0.77	 
BMI_bf_125	 1	 2	 004.tif	 3.207159e+02	 22	 1.053545e+03	 2200	 4.264135e+02	 98	 3.217324e+02	 316.67	 333.33	 39.00	 4	 0.42	 
BMI_bf_125	 1	 2	 025.tif	 3.227159e+02	 24	 999000	 240	 999000	 999	 3.237323e+02	 316.67	 333.33	 48.00	 25	 0.27	 
BMI_bf_125	 1	 2	 019.tif	 3.267158e+02	 24	 999000	 240	 999000	 999	 3.277322e+02	 316.67	 333.33	 51.00	 19	 0.24	 
BMI_bf_125	 1	 2	 121.tif	 3.307158e+02	 12	 999000	 120	 999000	 999	 3.317321e+02	 316.67	 333.33	 16.00	 51	 0.67	 
BMI_bf_125	 1	 2	 122.tif	 3.327157e+02	 11	 9.731108e+02	 110	 3.577744e+02	 98	 3.337321e+02	 333.33	 333.33	 18.00	 52	 0.64	 
BMI_bf_125	 1	 2	 018.tif	 3.397156e+02	 24	 999000	 240	 999000	 999	 3.407319e+02	 333.33	 333.33	 38.00	 18	 0.42	 
BMI_bf_125	 1	 2	 130.tif	 3.417156e+02	 11	 9.087962e+02	 110	 3.744490e+02	 98	 3.427320e+02	 350.00	 333.33	 7.00	 60	 0.81	 
BMI_bf_125	 1	 2	 107.tif	 3.447155e+02	 24	 999000	 240	 999000	 999	 3.457319e+02	 350.00	 333.33	 59.00	 37	 0.11	 
BMI_bf_125	 1	 2	 119.tif	 3.487154e+02	 24	 999000	 240	 999000	 999	 3.497318e+02	 350.00	 333.33	 32.00	 49	 0.46	 
BMI_bf_125	 1	 2	 113.tif	 3.527154e+02	 11	 9.883860e+02	 110	 3.919694e+02	 98	 3.537317e+02	 366.67	 333.33	 13.00	 43	 0.74	 
BMI_bf_125	 1	 2	 014.tif	 3.567153e+02	 11	 9.962111e+02	 110	 4.135858e+02	 98	 3.577317e+02	 383.33	 333.33	 10.00	 14	 0.77	 
BMI_bf_125	 1	 2	 024.tif	 3.597152e+02	 22	 9.241182e+02	 220	 3.756459e+02	 98	 3.607316e+02	 383.33	 350.00	 44.00	 24	 0.33	 
BMI_bf_125	 1	 2	 112.tif	 3.617152e+02	 11	 9.560450e+02	 110	 4.262149e+02	 98	 3.627316e+02	 400.00	 350.00	 21.00	 42	 0.64	 
BMI_bf_125	 1	 2	 017.tif	 3.657151e+02	 24	 999000	 240	 999000	 999	 3.667315e+02	 400.00	 350.00	 56.00	 17	 0.18	 
BMI_bf_125	 1	 2	 013.tif	 3.727150e+02	 11	 9.716568e+02	 110	 4.425958e+02	 98	 3.737314e+02	 416.67	 350.00	 20.00	 13	 0.64	 
