subjectID	 order	 runNum	 itemName	 onsetTime	 shuff_trialType	 RT	 respInTime	 AudioTime	 response	 fixationTime	 ladder1	 ladder2	 bidIndex	 itemNameIndex	 bidValue	 
BMI_bf_103	 1	 4	 029.tif	 6.110349e+02	 24	 999000	 240	 999000	 999	 6.120515e+02	 316.67	 316.67	 51.00	 29	 0.27	 
BMI_bf_103	 1	 4	 011.tif	 6.130351e+02	 12	 999000	 120	 999000	 999	 6.140514e+02	 316.67	 316.67	 27.00	 11	 0.55	 
BMI_bf_103	 1	 4	 124.tif	 6.170350e+02	 24	 999000	 240	 999000	 999	 6.180513e+02	 316.67	 316.67	 31.00	 54	 0.51	 
BMI_bf_103	 1	 4	 125.tif	 6.200349e+02	 12	 999000	 120	 999000	 999	 6.210512e+02	 316.67	 316.67	 28.00	 55	 0.54	 
BMI_bf_103	 1	 4	 013.tif	 6.220348e+02	 12	 999000	 120	 999000	 999	 6.230512e+02	 316.67	 316.67	 14.00	 13	 0.71	 
BMI_bf_103	 1	 4	 114.tif	 6.250347e+02	 12	 999000	 120	 999000	 999	 6.260510e+02	 316.67	 316.67	 17.00	 44	 0.69	 
BMI_bf_103	 1	 4	 022.tif	 6.290345e+02	 22	 9.666473e+02	 220	 3.597851e+02	 98	 6.300510e+02	 316.67	 333.33	 45.00	 22	 0.31	 
BMI_bf_103	 1	 4	 002.tif	 6.330345e+02	 24	 999000	 240	 999000	 999	 6.340508e+02	 316.67	 333.33	 60.00	 2	 0.06	 
BMI_bf_103	 1	 4	 121.tif	 6.350342e+02	 11	 9.505844e+02	 110	 3.596954e+02	 98	 6.360508e+02	 333.33	 333.33	 21.00	 51	 0.63	 
BMI_bf_103	 1	 4	 101.tif	 6.400343e+02	 12	 999000	 120	 999000	 999	 6.410506e+02	 333.33	 333.33	 8.00	 31	 0.79	 
BMI_bf_103	 1	 4	 016.tif	 6.420342e+02	 24	 999000	 240	 999000	 999	 6.430506e+02	 333.33	 333.33	 48.00	 16	 0.29	 
BMI_bf_103	 1	 4	 006.tif	 6.440340e+02	 24	 999000	 240	 999000	 999	 6.450505e+02	 333.33	 333.33	 59.00	 6	 0.07	 
BMI_bf_103	 1	 4	 126.tif	 6.500340e+02	 12	 999000	 120	 999000	 999	 6.510503e+02	 333.33	 333.33	 5.00	 56	 0.83	 
BMI_bf_103	 1	 4	 008.tif	 6.520337e+02	 24	 999000	 240	 999000	 999	 6.530502e+02	 333.33	 333.33	 49.00	 8	 0.28	 
BMI_bf_103	 1	 4	 111.tif	 6.540339e+02	 11	 9.656822e+02	 110	 3.762871e+02	 98	 6.550503e+02	 350.00	 333.33	 7.00	 41	 0.80	 
BMI_bf_103	 1	 4	 010.tif	 6.560337e+02	 12	 999000	 120	 999000	 999	 6.570501e+02	 350.00	 333.33	 6.00	 10	 0.82	 
BMI_bf_103	 1	 4	 123.tif	 6.600337e+02	 11	 9.654764e+02	 110	 3.937101e+02	 98	 6.610500e+02	 366.67	 333.33	 10.00	 53	 0.78	 
BMI_bf_103	 1	 4	 012.tif	 6.640335e+02	 24	 999000	 240	 999000	 999	 6.650499e+02	 366.67	 333.33	 38.00	 12	 0.38	 
BMI_bf_103	 1	 4	 109.tif	 6.670334e+02	 12	 999000	 120	 999000	 999	 6.680498e+02	 366.67	 333.33	 11.00	 39	 0.77	 
BMI_bf_103	 1	 4	 117.tif	 6.710334e+02	 24	 999000	 240	 999000	 999	 6.720497e+02	 366.67	 333.33	 43.00	 47	 0.34	 
BMI_bf_103	 1	 4	 009.tif	 6.740333e+02	 24	 999000	 240	 999000	 999	 6.750496e+02	 366.67	 333.33	 40.00	 9	 0.36	 
BMI_bf_103	 1	 4	 110.tif	 6.760331e+02	 11	 1.060971e+03	 1100	 4.101195e+02	 98	 6.770495e+02	 316.67	 333.33	 25.00	 40	 0.55	 
BMI_bf_103	 1	 4	 001.tif	 6.800331e+02	 24	 999000	 240	 999000	 999	 6.810494e+02	 316.67	 333.33	 57.00	 1	 0.14	 
BMI_bf_103	 1	 4	 120.tif	 6.820330e+02	 22	 9.407624e+02	 220	 3.762899e+02	 98	 6.830494e+02	 316.67	 350.00	 36.00	 50	 0.42	 
BMI_bf_103	 1	 4	 007.tif	 6.840330e+02	 22	 9.566001e+02	 220	 3.933935e+02	 98	 6.850493e+02	 316.67	 366.67	 44.00	 7	 0.33	 
BMI_bf_103	 1	 4	 129.tif	 6.880329e+02	 11	 9.164816e+02	 110	 3.600350e+02	 98	 6.890492e+02	 333.33	 366.67	 15.00	 59	 0.70	 
BMI_bf_103	 1	 4	 105.tif	 6.900328e+02	 24	 999000	 240	 999000	 999	 6.910492e+02	 333.33	 366.67	 55.00	 35	 0.17	 
BMI_bf_103	 1	 4	 106.tif	 6.940327e+02	 11	 9.082554e+02	 110	 3.755219e+02	 98	 6.950490e+02	 350.00	 366.67	 24.00	 36	 0.59	 
BMI_bf_103	 1	 4	 025.tif	 6.980325e+02	 22	 3.961377e+02	 220	 4.097120e+02	 98	 6.990489e+02	 350.00	 383.33	 39.00	 25	 0.36	 
BMI_bf_103	 1	 4	 026.tif	 7.010325e+02	 24	 -1.867606e+03	 24	 999000	 98	 7.020488e+02	 350.00	 383.33	 41.00	 26	 0.36	 
BMI_bf_103	 1	 4	 028.tif	 7.070323e+02	 12	 999000	 120	 999000	 999	 7.080486e+02	 350.00	 383.33	 26.00	 28	 0.55	 
BMI_bf_103	 1	 4	 128.tif	 7.090321e+02	 12	 999000	 120	 999000	 999	 7.100485e+02	 350.00	 383.33	 29.00	 58	 0.53	 
BMI_bf_103	 1	 4	 130.tif	 7.130321e+02	 12	 999000	 120	 999000	 999	 7.140484e+02	 350.00	 383.33	 9.00	 60	 0.78	 
BMI_bf_103	 1	 4	 108.tif	 7.150320e+02	 11	 9.235984e+02	 110	 3.924614e+02	 98	 7.160484e+02	 366.67	 383.33	 13.00	 38	 0.75	 
BMI_bf_103	 1	 4	 122.tif	 7.170320e+02	 11	 9.874435e+02	 110	 4.140814e+02	 98	 7.180483e+02	 383.33	 383.33	 12.00	 52	 0.76	 
BMI_bf_103	 1	 4	 005.tif	 7.190319e+02	 22	 9.713767e+02	 220	 4.256324e+02	 98	 7.200482e+02	 383.33	 400.00	 52.00	 5	 0.25	 
BMI_bf_103	 1	 4	 119.tif	 7.240317e+02	 12	 999000	 120	 999000	 999	 7.250481e+02	 383.33	 400.00	 3.00	 49	 0.84	 
BMI_bf_103	 1	 4	 015.tif	 7.260317e+02	 11	 9.951254e+02	 110	 4.264631e+02	 98	 7.270480e+02	 400.00	 400.00	 20.00	 15	 0.65	 
BMI_bf_103	 1	 4	 020.tif	 7.280314e+02	 22	 9.552496e+02	 220	 4.431324e+02	 98	 7.290480e+02	 400.00	 416.67	 42.00	 20	 0.34	 
BMI_bf_103	 1	 4	 030.tif	 7.310316e+02	 22	 1.002990e+03	 2200	 4.599804e+02	 98	 7.320479e+02	 400.00	 366.67	 47.00	 30	 0.29	 
BMI_bf_103	 1	 4	 027.tif	 7.340315e+02	 24	 999000	 240	 999000	 999	 7.350479e+02	 400.00	 366.67	 58.00	 27	 0.14	 
BMI_bf_103	 1	 4	 021.tif	 7.380313e+02	 22	 9.947088e+02	 220	 4.099629e+02	 98	 7.390477e+02	 400.00	 383.33	 53.00	 21	 0.24	 
BMI_bf_103	 1	 4	 019.tif	 7.400313e+02	 22	 9.305944e+02	 220	 4.256294e+02	 98	 7.410477e+02	 400.00	 400.00	 50.00	 19	 0.28	 
BMI_bf_103	 1	 4	 113.tif	 7.420310e+02	 12	 999000	 120	 999000	 999	 7.430476e+02	 400.00	 400.00	 1.00	 43	 0.89	 
BMI_bf_103	 1	 4	 024.tif	 7.450310e+02	 22	 1.018579e+03	 2200	 4.424475e+02	 98	 7.460475e+02	 400.00	 350.00	 37.00	 24	 0.41	 
BMI_bf_103	 1	 4	 118.tif	 7.480310e+02	 12	 999000	 120	 999000	 999	 7.490474e+02	 400.00	 350.00	 4.00	 48	 0.83	 
BMI_bf_103	 1	 4	 102.tif	 7.500310e+02	 12	 999000	 120	 999000	 999	 7.510473e+02	 400.00	 350.00	 2.00	 32	 0.88	 
BMI_bf_103	 1	 4	 018.tif	 7.520309e+02	 24	 999000	 240	 999000	 999	 7.530472e+02	 400.00	 350.00	 33.00	 18	 0.43	 
BMI_bf_103	 1	 4	 003.tif	 7.540307e+02	 24	 999000	 240	 999000	 999	 7.550472e+02	 400.00	 350.00	 54.00	 3	 0.23	 
BMI_bf_103	 1	 4	 107.tif	 7.590307e+02	 24	 999000	 240	 999000	 999	 7.600470e+02	 400.00	 350.00	 46.00	 37	 0.29	 
BMI_bf_103	 1	 4	 004.tif	 7.610307e+02	 24	 999000	 240	 999000	 999	 7.620470e+02	 400.00	 350.00	 34.00	 4	 0.43	 
BMI_bf_103	 1	 4	 017.tif	 7.630304e+02	 24	 999000	 240	 999000	 999	 7.640469e+02	 400.00	 350.00	 35.00	 17	 0.42	 
BMI_bf_103	 1	 4	 127.tif	 7.650305e+02	 12	 999000	 120	 999000	 999	 7.660469e+02	 400.00	 350.00	 16.00	 57	 0.70	 
BMI_bf_103	 1	 4	 115.tif	 7.720304e+02	 12	 999000	 120	 999000	 999	 7.730466e+02	 400.00	 350.00	 30.00	 45	 0.52	 
BMI_bf_103	 1	 4	 112.tif	 7.740303e+02	 24	 999000	 240	 999000	 999	 7.750466e+02	 400.00	 350.00	 32.00	 42	 0.44	 
BMI_bf_103	 1	 4	 116.tif	 7.810300e+02	 11	 9.611949e+02	 110	 4.425048e+02	 98	 7.820464e+02	 416.67	 350.00	 18.00	 46	 0.68	 
BMI_bf_103	 1	 4	 023.tif	 7.840300e+02	 24	 999000	 240	 999000	 999	 7.850464e+02	 416.67	 350.00	 56.00	 23	 0.17	 
BMI_bf_103	 1	 4	 104.tif	 7.870298e+02	 12	 999000	 120	 999000	 999	 7.880462e+02	 416.67	 350.00	 22.00	 34	 0.62	 
BMI_bf_103	 1	 4	 103.tif	 7.930297e+02	 12	 999000	 120	 999000	 999	 7.940460e+02	 416.67	 350.00	 19.00	 33	 0.65	 
BMI_bf_103	 1	 4	 014.tif	 7.950296e+02	 12	 999000	 120	 999000	 999	 7.960460e+02	 416.67	 350.00	 23.00	 14	 0.60	 
