subjectID	 order	 runNum	 itemName	 onsetTime	 shuff_trialType	 RT	 respInTime	 AudioTime	 response	 fixationTime	 ladder1	 ladder2	 bidIndex	 itemNameIndex	 bidValue	 
BMI_bf_119	 1	 8	 009.tif	 1.384664e+03	 12	 999000	 120	 999000	 999	 1.385681e+03	 383.33	 316.67	 26.00	 9	 0.58	 
BMI_bf_119	 1	 8	 117.tif	 1.386664e+03	 22	 9.958736e+02	 220	 3.591191e+02	 98	 1.387681e+03	 383.33	 333.33	 37.00	 47	 0.41	 
BMI_bf_119	 1	 8	 023.tif	 1.390664e+03	 24	 999000	 240	 999000	 999	 1.391681e+03	 383.33	 333.33	 46.00	 23	 0.30	 
BMI_bf_119	 1	 8	 118.tif	 1.393664e+03	 24	 999000	 240	 999000	 999	 1.394681e+03	 383.33	 333.33	 38.00	 48	 0.41	 
BMI_bf_119	 1	 8	 121.tif	 1.395664e+03	 12	 999000	 120	 999000	 999	 1.396681e+03	 383.33	 333.33	 6.00	 51	 0.81	 
BMI_bf_119	 1	 8	 115.tif	 1.398664e+03	 11	 1.059378e+03	 1100	 4.247902e+02	 98	 1.399681e+03	 333.33	 333.33	 10.00	 45	 0.78	 
BMI_bf_119	 1	 8	 010.tif	 1.402664e+03	 11	 9.392909e+02	 110	 3.756676e+02	 98	 1.403681e+03	 350.00	 333.33	 18.00	 10	 0.66	 
BMI_bf_119	 1	 8	 120.tif	 1.406664e+03	 22	 8.830791e+02	 220	 3.751749e+02	 98	 1.407681e+03	 350.00	 350.00	 36.00	 50	 0.42	 
BMI_bf_119	 1	 8	 127.tif	 1.408664e+03	 11	 9.470411e+02	 110	 3.919097e+02	 98	 1.409681e+03	 366.67	 350.00	 12.00	 57	 0.75	 
BMI_bf_119	 1	 8	 024.tif	 1.413664e+03	 11	 1.058782e+03	 1100	 4.088026e+02	 98	 1.414680e+03	 316.67	 350.00	 25.00	 24	 0.58	 
BMI_bf_119	 1	 8	 129.tif	 1.415664e+03	 12	 999000	 120	 999000	 999	 1.416680e+03	 316.67	 350.00	 29.00	 59	 0.53	 
BMI_bf_119	 1	 8	 022.tif	 1.417664e+03	 22	 9.066775e+02	 220	 3.914203e+02	 98	 1.418680e+03	 316.67	 366.67	 39.00	 22	 0.40	 
BMI_bf_119	 1	 8	 015.tif	 1.423664e+03	 22	 9.304588e+02	 220	 4.097274e+02	 98	 1.424680e+03	 316.67	 383.33	 44.00	 15	 0.34	 
BMI_bf_119	 1	 8	 004.tif	 1.425664e+03	 12	 999000	 120	 999000	 999	 1.426680e+03	 316.67	 383.33	 1.00	 4	 0.99	 
BMI_bf_119	 1	 8	 108.tif	 1.427664e+03	 12	 999000	 120	 999000	 999	 1.428680e+03	 316.67	 383.33	 3.00	 38	 0.85	 
BMI_bf_119	 1	 8	 122.tif	 1.429664e+03	 12	 999000	 120	 999000	 999	 1.430680e+03	 316.67	 383.33	 4.00	 52	 0.83	 
BMI_bf_119	 1	 8	 130.tif	 1.433664e+03	 12	 999000	 120	 999000	 999	 1.434680e+03	 316.67	 383.33	 23.00	 60	 0.61	 
BMI_bf_119	 1	 8	 017.tif	 1.437664e+03	 24	 999000	 240	 999000	 999	 1.438680e+03	 316.67	 383.33	 48.00	 17	 0.26	 
BMI_bf_119	 1	 8	 105.tif	 1.440664e+03	 22	 1.049851e+03	 2200	 4.252885e+02	 98	 1.441680e+03	 316.67	 333.33	 53.00	 35	 0.17	 
BMI_bf_119	 1	 8	 112.tif	 1.444664e+03	 12	 999000	 120	 999000	 999	 1.445680e+03	 316.67	 333.33	 27.00	 42	 0.55	 
BMI_bf_119	 1	 8	 001.tif	 1.447664e+03	 24	 999000	 240	 999000	 999	 1.448680e+03	 316.67	 333.33	 49.00	 1	 0.26	 
BMI_bf_119	 1	 8	 116.tif	 1.449664e+03	 11	 8.975324e+02	 110	 3.592516e+02	 98	 1.450680e+03	 333.33	 333.33	 13.00	 46	 0.74	 
BMI_bf_119	 1	 8	 109.tif	 1.453663e+03	 12	 999000	 120	 999000	 999	 1.454680e+03	 333.33	 333.33	 9.00	 39	 0.78	 
BMI_bf_119	 1	 8	 119.tif	 1.455663e+03	 12	 999000	 120	 999000	 999	 1.456680e+03	 333.33	 333.33	 28.00	 49	 0.53	 
BMI_bf_119	 1	 8	 101.tif	 1.457663e+03	 12	 999000	 120	 999000	 999	 1.458680e+03	 333.33	 333.33	 5.00	 31	 0.81	 
BMI_bf_119	 1	 8	 102.tif	 1.461663e+03	 12	 999000	 120	 999000	 999	 1.462680e+03	 333.33	 333.33	 2.00	 32	 0.91	 
BMI_bf_119	 1	 8	 005.tif	 1.463663e+03	 24	 999000	 240	 999000	 999	 1.464680e+03	 333.33	 333.33	 57.00	 5	 0.11	 
BMI_bf_119	 1	 8	 030.tif	 1.467663e+03	 22	 9.849294e+02	 220	 3.752821e+02	 98	 1.468680e+03	 333.33	 350.00	 50.00	 30	 0.21	 
BMI_bf_119	 1	 8	 103.tif	 1.471663e+03	 11	 8.967599e+02	 110	 3.753841e+02	 98	 1.472680e+03	 350.00	 350.00	 24.00	 33	 0.60	 
BMI_bf_119	 1	 8	 128.tif	 1.474663e+03	 12	 999000	 120	 999000	 999	 1.475680e+03	 350.00	 350.00	 19.00	 58	 0.66	 
BMI_bf_119	 1	 8	 019.tif	 1.480663e+03	 22	 9.604602e+02	 220	 3.916090e+02	 98	 1.481679e+03	 350.00	 366.67	 52.00	 19	 0.20	 
BMI_bf_119	 1	 8	 125.tif	 1.482663e+03	 24	 999000	 240	 999000	 999	 1.483679e+03	 350.00	 366.67	 33.00	 55	 0.50	 
BMI_bf_119	 1	 8	 126.tif	 1.486663e+03	 12	 999000	 120	 999000	 999	 1.487679e+03	 350.00	 366.67	 22.00	 56	 0.63	 
BMI_bf_119	 1	 8	 027.tif	 1.488663e+03	 22	 9.681642e+02	 220	 4.093664e+02	 98	 1.489679e+03	 350.00	 383.33	 42.00	 27	 0.35	 
BMI_bf_119	 1	 8	 026.tif	 1.490663e+03	 24	 999000	 240	 999000	 999	 1.491679e+03	 350.00	 383.33	 54.00	 26	 0.16	 
BMI_bf_119	 1	 8	 011.tif	 1.492663e+03	 24	 999000	 240	 999000	 999	 1.493679e+03	 350.00	 383.33	 31.00	 11	 0.52	 
BMI_bf_119	 1	 8	 025.tif	 1.497663e+03	 24	 999000	 240	 999000	 999	 1.498679e+03	 350.00	 383.33	 43.00	 25	 0.35	 
BMI_bf_119	 1	 8	 113.tif	 1.499663e+03	 11	 9.517606e+02	 110	 3.918490e+02	 98	 1.500679e+03	 366.67	 383.33	 7.00	 43	 0.79	 
BMI_bf_119	 1	 8	 016.tif	 1.501663e+03	 24	 999000	 240	 999000	 999	 1.502679e+03	 366.67	 383.33	 60.00	 16	 0.09	 
BMI_bf_119	 1	 8	 110.tif	 1.504663e+03	 12	 999000	 120	 999000	 999	 1.505679e+03	 366.67	 383.33	 16.00	 40	 0.71	 
BMI_bf_119	 1	 8	 008.tif	 1.507663e+03	 24	 999000	 240	 999000	 999	 1.508679e+03	 366.67	 383.33	 59.00	 8	 0.10	 
BMI_bf_119	 1	 8	 107.tif	 1.511663e+03	 24	 999000	 240	 999000	 999	 1.512679e+03	 366.67	 383.33	 55.00	 37	 0.15	 
BMI_bf_119	 1	 8	 018.tif	 1.513663e+03	 24	 999000	 240	 999000	 999	 1.514679e+03	 366.67	 383.33	 34.00	 18	 0.46	 
BMI_bf_119	 1	 8	 013.tif	 1.515663e+03	 12	 999000	 120	 999000	 999	 1.516679e+03	 366.67	 383.33	 14.00	 13	 0.72	 
BMI_bf_119	 1	 8	 014.tif	 1.518663e+03	 11	 1.079079e+03	 1100	 4.091086e+02	 98	 1.519679e+03	 316.67	 383.33	 20.00	 14	 0.66	 
BMI_bf_119	 1	 8	 021.tif	 1.521662e+03	 24	 999000	 240	 999000	 999	 1.522679e+03	 316.67	 383.33	 41.00	 21	 0.36	 
BMI_bf_119	 1	 8	 123.tif	 1.523662e+03	 12	 999000	 120	 999000	 999	 1.524679e+03	 316.67	 383.33	 11.00	 53	 0.77	 
BMI_bf_119	 1	 8	 020.tif	 1.525662e+03	 24	 999000	 240	 999000	 999	 1.526679e+03	 316.67	 383.33	 51.00	 20	 0.21	 
BMI_bf_119	 1	 8	 003.tif	 1.527662e+03	 22	 1.086756e+03	 2200	 4.256188e+02	 98	 1.528679e+03	 316.67	 333.33	 45.00	 3	 0.33	 
BMI_bf_119	 1	 8	 106.tif	 1.532662e+03	 12	 999000	 120	 999000	 999	 1.533679e+03	 316.67	 333.33	 30.00	 36	 0.52	 
BMI_bf_119	 1	 8	 007.tif	 1.534662e+03	 24	 999000	 240	 999000	 999	 1.535679e+03	 316.67	 333.33	 32.00	 7	 0.51	 
BMI_bf_119	 1	 8	 029.tif	 1.536662e+03	 24	 999000	 240	 999000	 999	 1.537679e+03	 316.67	 333.33	 35.00	 29	 0.43	 
BMI_bf_119	 1	 8	 006.tif	 1.538662e+03	 24	 999000	 240	 999000	 999	 1.539679e+03	 316.67	 333.33	 56.00	 6	 0.13	 
BMI_bf_119	 1	 8	 114.tif	 1.545662e+03	 24	 999000	 240	 999000	 999	 1.546678e+03	 316.67	 333.33	 40.00	 44	 0.36	 
BMI_bf_119	 1	 8	 002.tif	 1.547662e+03	 22	 9.180385e+02	 220	 3.751903e+02	 98	 1.548678e+03	 316.67	 350.00	 47.00	 2	 0.27	 
BMI_bf_119	 1	 8	 124.tif	 1.554662e+03	 11	 8.697206e+02	 110	 3.595369e+02	 98	 1.555678e+03	 333.33	 350.00	 21.00	 54	 0.63	 
BMI_bf_119	 1	 8	 104.tif	 1.557662e+03	 12	 999000	 120	 999000	 999	 1.558678e+03	 333.33	 350.00	 17.00	 34	 0.68	 
BMI_bf_119	 1	 8	 028.tif	 1.560662e+03	 12	 999000	 120	 999000	 999	 1.561678e+03	 333.33	 350.00	 8.00	 28	 0.78	 
BMI_bf_119	 1	 8	 012.tif	 1.566662e+03	 24	 999000	 240	 999000	 999	 1.567678e+03	 333.33	 350.00	 58.00	 12	 0.11	 
BMI_bf_119	 1	 8	 111.tif	 1.568662e+03	 11	 9.892961e+02	 110	 3.758025e+02	 98	 1.569678e+03	 350.00	 350.00	 15.00	 41	 0.71	 
