subjectID	 order	 runNum	 itemName	 onsetTime	 shuff_trialType	 RT	 respInTime	 AudioTime	 response	 fixationTime	 ladder1	 ladder2	 bidIndex	 itemNameIndex	 bidValue	 
BMI_bf_104	 2	 9	 025.tif	 1.540325e+03	 24	 999000	 240	 999000	 999	 1.541342e+03	 350.00	 283.33	 52.00	 25	 0.24	 
BMI_bf_104	 2	 9	 015.tif	 1.543325e+03	 22	 8.968529e+02	 220	 3.273243e+02	 98	 1.544341e+03	 350.00	 300.00	 43.00	 15	 0.39	 
BMI_bf_104	 2	 9	 103.tif	 1.547325e+03	 12	 999000	 120	 999000	 999	 1.548341e+03	 350.00	 300.00	 7.00	 33	 0.74	 
BMI_bf_104	 2	 9	 030.tif	 1.549325e+03	 24	 999000	 240	 999000	 999	 1.550341e+03	 350.00	 300.00	 33.00	 30	 0.49	 
BMI_bf_104	 2	 9	 005.tif	 1.551325e+03	 11	 9.765275e+02	 110	 3.918411e+02	 98	 1.552341e+03	 366.67	 300.00	 19.00	 5	 0.64	 
BMI_bf_104	 2	 9	 121.tif	 1.555325e+03	 12	 999000	 120	 999000	 999	 1.556341e+03	 366.67	 300.00	 1.00	 51	 0.98	 
BMI_bf_104	 2	 9	 013.tif	 1.557325e+03	 22	 8.722920e+02	 220	 3.417065e+02	 98	 1.558341e+03	 366.67	 316.67	 41.00	 13	 0.40	 
BMI_bf_104	 2	 9	 118.tif	 1.562325e+03	 12	 999000	 120	 999000	 999	 1.563341e+03	 366.67	 316.67	 10.00	 48	 0.70	 
BMI_bf_104	 2	 9	 020.tif	 1.564324e+03	 24	 999000	 240	 999000	 999	 1.565341e+03	 366.67	 316.67	 56.00	 20	 0.19	 
BMI_bf_104	 2	 9	 108.tif	 1.567324e+03	 12	 999000	 120	 999000	 999	 1.568341e+03	 366.67	 316.67	 15.00	 38	 0.67	 
BMI_bf_104	 2	 9	 021.tif	 1.570324e+03	 24	 999000	 240	 999000	 999	 1.571341e+03	 366.67	 316.67	 60.00	 21	 0.06	 
BMI_bf_104	 2	 9	 022.tif	 1.574324e+03	 12	 999000	 120	 999000	 999	 1.575340e+03	 366.67	 316.67	 13.00	 22	 0.69	 
BMI_bf_104	 2	 9	 113.tif	 1.577324e+03	 12	 999000	 120	 999000	 999	 1.578340e+03	 366.67	 316.67	 4.00	 43	 0.82	 
BMI_bf_104	 2	 9	 124.tif	 1.579324e+03	 24	 999000	 240	 999000	 999	 1.580340e+03	 366.67	 316.67	 50.00	 54	 0.26	 
BMI_bf_104	 2	 9	 007.tif	 1.582324e+03	 24	 999000	 240	 999000	 999	 1.583340e+03	 366.67	 316.67	 55.00	 7	 0.19	 
BMI_bf_104	 2	 9	 106.tif	 1.586324e+03	 12	 999000	 120	 999000	 999	 1.587340e+03	 366.67	 316.67	 21.00	 36	 0.61	 
BMI_bf_104	 2	 9	 026.tif	 1.589324e+03	 24	 999000	 240	 999000	 999	 1.590340e+03	 366.67	 316.67	 32.00	 26	 0.49	 
BMI_bf_104	 2	 9	 112.tif	 1.591324e+03	 24	 999000	 240	 999000	 999	 1.592340e+03	 366.67	 316.67	 57.00	 42	 0.17	 
BMI_bf_104	 2	 9	 029.tif	 1.593323e+03	 22	 9.671782e+02	 220	 3.582945e+02	 98	 1.594340e+03	 366.67	 333.33	 48.00	 29	 0.29	 
BMI_bf_104	 2	 9	 105.tif	 1.598323e+03	 12	 999000	 120	 999000	 999	 1.599340e+03	 366.67	 333.33	 18.00	 35	 0.64	 
BMI_bf_104	 2	 9	 004.tif	 1.602323e+03	 12	 999000	 120	 999000	 999	 1.603340e+03	 366.67	 333.33	 6.00	 4	 0.75	 
BMI_bf_104	 2	 9	 114.tif	 1.606323e+03	 22	 9.666080e+02	 220	 3.755283e+02	 98	 1.607340e+03	 366.67	 350.00	 46.00	 44	 0.34	 
BMI_bf_104	 2	 9	 126.tif	 1.612323e+03	 22	 9.664085e+02	 220	 3.920690e+02	 98	 1.613339e+03	 366.67	 366.67	 51.00	 56	 0.25	 
BMI_bf_104	 2	 9	 012.tif	 1.614323e+03	 24	 999000	 240	 999000	 999	 1.615339e+03	 366.67	 366.67	 36.00	 12	 0.45	 
BMI_bf_104	 2	 9	 102.tif	 1.616323e+03	 12	 999000	 120	 999000	 999	 1.617339e+03	 366.67	 366.67	 2.00	 32	 0.90	 
BMI_bf_104	 2	 9	 017.tif	 1.618323e+03	 11	 9.981671e+02	 110	 4.094461e+02	 98	 1.619339e+03	 383.33	 366.67	 22.00	 17	 0.61	 
BMI_bf_104	 2	 9	 107.tif	 1.620323e+03	 24	 999000	 240	 999000	 999	 1.621339e+03	 383.33	 366.67	 59.00	 37	 0.08	 
BMI_bf_104	 2	 9	 129.tif	 1.624323e+03	 24	 999000	 240	 999000	 999	 1.625339e+03	 383.33	 366.67	 58.00	 59	 0.16	 
BMI_bf_104	 2	 9	 001.tif	 1.626322e+03	 22	 9.820370e+02	 220	 4.086350e+02	 98	 1.627339e+03	 383.33	 383.33	 49.00	 1	 0.27	 
BMI_bf_104	 2	 9	 028.tif	 1.630322e+03	 24	 999000	 240	 999000	 999	 1.631339e+03	 383.33	 383.33	 39.00	 28	 0.41	 
BMI_bf_104	 2	 9	 111.tif	 1.632322e+03	 12	 999000	 120	 999000	 999	 1.633339e+03	 383.33	 383.33	 12.00	 41	 0.70	 
BMI_bf_104	 2	 9	 116.tif	 1.634322e+03	 11	 9.816400e+02	 110	 4.255425e+02	 98	 1.635339e+03	 400.00	 383.33	 8.00	 46	 0.74	 
BMI_bf_104	 2	 9	 010.tif	 1.636322e+03	 22	 9.977633e+02	 220	 4.254522e+02	 98	 1.637339e+03	 400.00	 400.00	 35.00	 10	 0.46	 
BMI_bf_104	 2	 9	 130.tif	 1.641322e+03	 11	 9.893953e+02	 110	 4.424556e+02	 98	 1.642338e+03	 416.67	 400.00	 17.00	 60	 0.64	 
BMI_bf_104	 2	 9	 008.tif	 1.643322e+03	 24	 999000	 240	 999000	 999	 1.644338e+03	 416.67	 400.00	 34.00	 8	 0.48	 
BMI_bf_104	 2	 9	 110.tif	 1.645322e+03	 12	 999000	 120	 999000	 999	 1.646338e+03	 416.67	 400.00	 5.00	 40	 0.81	 
BMI_bf_104	 2	 9	 122.tif	 1.648322e+03	 11	 1.021149e+03	 1100	 4.599366e+02	 98	 1.649338e+03	 366.67	 400.00	 14.00	 52	 0.67	 
BMI_bf_104	 2	 9	 117.tif	 1.655322e+03	 24	 999000	 240	 999000	 999	 1.656338e+03	 366.67	 400.00	 42.00	 47	 0.39	 
BMI_bf_104	 2	 9	 128.tif	 1.659322e+03	 12	 999000	 120	 999000	 999	 1.660338e+03	 366.67	 400.00	 29.00	 58	 0.53	 
BMI_bf_104	 2	 9	 018.tif	 1.666321e+03	 24	 999000	 240	 999000	 999	 1.667338e+03	 366.67	 400.00	 47.00	 18	 0.31	 
BMI_bf_104	 2	 9	 123.tif	 1.668321e+03	 12	 999000	 120	 999000	 999	 1.669338e+03	 366.67	 400.00	 27.00	 53	 0.54	 
BMI_bf_104	 2	 9	 006.tif	 1.672321e+03	 24	 999000	 240	 999000	 999	 1.673338e+03	 366.67	 400.00	 45.00	 6	 0.37	 
BMI_bf_104	 2	 9	 101.tif	 1.676321e+03	 11	 5.004321e+02	 110	 4.091838e+02	 98	 1.677337e+03	 383.33	 400.00	 23.00	 31	 0.60	 
BMI_bf_104	 2	 9	 104.tif	 1.678321e+03	 12	 999000	 120	 999000	 999	 1.679337e+03	 383.33	 400.00	 20.00	 34	 0.62	 
BMI_bf_104	 2	 9	 009.tif	 1.682321e+03	 22	 1.219959e+03	 2200	 4.418658e+02	 98	 1.683337e+03	 383.33	 350.00	 40.00	 9	 0.40	 
BMI_bf_104	 2	 9	 011.tif	 1.684321e+03	 22	 1.012012e+03	 2200	 3.931098e+02	 98	 1.685337e+03	 383.33	 300.00	 38.00	 11	 0.41	 
BMI_bf_104	 2	 9	 120.tif	 1.686321e+03	 24	 999000	 240	 999000	 999	 1.687337e+03	 383.33	 300.00	 37.00	 50	 0.45	 
BMI_bf_104	 2	 9	 023.tif	 1.692321e+03	 11	 1.003549e+03	 1100	 4.261268e+02	 98	 1.693337e+03	 333.33	 300.00	 26.00	 23	 0.56	 
BMI_bf_104	 2	 9	 024.tif	 1.694320e+03	 12	 999000	 120	 999000	 999	 1.695337e+03	 333.33	 300.00	 30.00	 24	 0.50	 
BMI_bf_104	 2	 9	 127.tif	 1.697320e+03	 11	 9.474397e+02	 110	 3.750692e+02	 98	 1.698337e+03	 350.00	 300.00	 9.00	 57	 0.73	 
BMI_bf_104	 2	 9	 019.tif	 1.700320e+03	 22	 8.753111e+02	 220	 3.414384e+02	 98	 1.701337e+03	 350.00	 316.67	 54.00	 19	 0.20	 
BMI_bf_104	 2	 9	 119.tif	 1.702320e+03	 12	 999000	 120	 999000	 999	 1.703337e+03	 350.00	 316.67	 3.00	 49	 0.85	 
BMI_bf_104	 2	 9	 125.tif	 1.704320e+03	 24	 999000	 240	 999000	 999	 1.705337e+03	 350.00	 316.67	 44.00	 55	 0.38	 
BMI_bf_104	 2	 9	 115.tif	 1.706320e+03	 24	 999000	 240	 999000	 999	 1.707336e+03	 350.00	 316.67	 31.00	 45	 0.50	 
BMI_bf_104	 2	 9	 014.tif	 1.712320e+03	 12	 999000	 120	 999000	 999	 1.713336e+03	 350.00	 316.67	 24.00	 14	 0.60	 
BMI_bf_104	 2	 9	 109.tif	 1.714320e+03	 11	 9.387801e+02	 110	 3.935375e+02	 98	 1.715336e+03	 366.67	 316.67	 16.00	 39	 0.67	 
BMI_bf_104	 2	 9	 003.tif	 1.716320e+03	 24	 999000	 240	 999000	 999	 1.717336e+03	 366.67	 316.67	 53.00	 3	 0.20	 
BMI_bf_104	 2	 9	 002.tif	 1.718320e+03	 12	 999000	 120	 999000	 999	 1.719336e+03	 366.67	 316.67	 25.00	 2	 0.60	 
BMI_bf_104	 2	 9	 027.tif	 1.721320e+03	 11	 9.545966e+02	 110	 4.090292e+02	 98	 1.722336e+03	 383.33	 316.67	 11.00	 27	 0.70	 
BMI_bf_104	 2	 9	 016.tif	 1.724320e+03	 12	 999000	 120	 999000	 999	 1.725336e+03	 383.33	 316.67	 28.00	 16	 0.53	 
