subjectID	 order	 runNum	 itemName	 onsetTime	 shuff_trialType	 RT	 respInTime	 AudioTime	 response	 fixationTime	 ladder1	 ladder2	 bidIndex	 itemNameIndex	 bidValue	 
BMI_bf_120	 2	 11	 010.tif	 1.985619e+03	 12	 999000	 120	 999000	 999	 1.986636e+03	 350.00	 283.33	 20.00	 10	 0.59	 
BMI_bf_120	 2	 11	 018.tif	 1.988619e+03	 24	 999000	 240	 999000	 999	 1.989636e+03	 350.00	 283.33	 55.00	 18	 0.21	 
BMI_bf_120	 2	 11	 015.tif	 1.990619e+03	 24	 999000	 240	 999000	 999	 1.991636e+03	 350.00	 283.33	 36.00	 15	 0.46	 
BMI_bf_120	 2	 11	 115.tif	 1.992619e+03	 22	 8.708136e+02	 220	 3.264533e+02	 98	 1.993636e+03	 350.00	 300.00	 43.00	 45	 0.40	 
BMI_bf_120	 2	 11	 110.tif	 1.994619e+03	 11	 9.429174e+02	 110	 3.916899e+02	 98	 1.995635e+03	 366.67	 300.00	 17.00	 40	 0.62	 
BMI_bf_120	 2	 11	 025.tif	 1.997619e+03	 12	 999000	 120	 999000	 999	 1.998635e+03	 366.67	 300.00	 30.00	 25	 0.49	 
BMI_bf_120	 2	 11	 030.tif	 1.999619e+03	 12	 999000	 120	 999000	 999	 2.000635e+03	 366.67	 300.00	 25.00	 30	 0.54	 
BMI_bf_120	 2	 11	 117.tif	 2.003619e+03	 22	 9.184719e+02	 220	 3.419654e+02	 98	 2.004635e+03	 366.67	 316.67	 54.00	 47	 0.24	 
BMI_bf_120	 2	 11	 119.tif	 2.005619e+03	 12	 999000	 120	 999000	 999	 2.006635e+03	 366.67	 316.67	 13.00	 49	 0.69	 
BMI_bf_120	 2	 11	 108.tif	 2.010619e+03	 11	 1.014182e+03	 1100	 4.087980e+02	 98	 2.011635e+03	 316.67	 316.67	 14.00	 38	 0.65	 
BMI_bf_120	 2	 11	 109.tif	 2.012619e+03	 12	 999000	 120	 999000	 999	 2.013635e+03	 316.67	 316.67	 5.00	 39	 0.78	 
BMI_bf_120	 2	 11	 011.tif	 2.016619e+03	 12	 999000	 120	 999000	 999	 2.017635e+03	 316.67	 316.67	 27.00	 11	 0.52	 
BMI_bf_120	 2	 11	 127.tif	 2.018619e+03	 12	 999000	 120	 999000	 999	 2.019635e+03	 316.67	 316.67	 10.00	 57	 0.74	 
BMI_bf_120	 2	 11	 006.tif	 2.021619e+03	 24	 999000	 240	 999000	 999	 2.022635e+03	 316.67	 316.67	 59.00	 6	 0.15	 
BMI_bf_120	 2	 11	 120.tif	 2.026618e+03	 22	 9.256238e+02	 220	 3.586898e+02	 98	 2.027635e+03	 316.67	 333.33	 41.00	 50	 0.41	 
BMI_bf_120	 2	 11	 116.tif	 2.028618e+03	 12	 999000	 120	 999000	 999	 2.029635e+03	 316.67	 333.33	 7.00	 46	 0.75	 
BMI_bf_120	 2	 11	 122.tif	 2.030618e+03	 12	 999000	 120	 999000	 999	 2.031635e+03	 316.67	 333.33	 6.00	 52	 0.77	 
BMI_bf_120	 2	 11	 128.tif	 2.034618e+03	 12	 999000	 120	 999000	 999	 2.035635e+03	 316.67	 333.33	 12.00	 58	 0.71	 
BMI_bf_120	 2	 11	 103.tif	 2.038618e+03	 11	 1.005177e+03	 1100	 3.586925e+02	 98	 2.039635e+03	 266.67	 333.33	 19.00	 33	 0.60	 
BMI_bf_120	 2	 11	 002.tif	 2.042618e+03	 22	 9.890598e+02	 220	 3.756194e+02	 98	 2.043634e+03	 266.67	 350.00	 51.00	 2	 0.30	 
BMI_bf_120	 2	 11	 112.tif	 2.044618e+03	 22	 9.489724e+02	 220	 3.920027e+02	 98	 2.045634e+03	 266.67	 366.67	 38.00	 42	 0.44	 
BMI_bf_120	 2	 11	 113.tif	 2.046618e+03	 11	 8.689595e+02	 110	 3.093728e+02	 98	 2.047634e+03	 283.33	 366.67	 22.00	 43	 0.59	 
BMI_bf_120	 2	 11	 021.tif	 2.048618e+03	 22	 8.848432e+02	 220	 4.082586e+02	 98	 2.049634e+03	 283.33	 383.33	 48.00	 21	 0.32	 
BMI_bf_120	 2	 11	 123.tif	 2.050618e+03	 24	 999000	 240	 999000	 999	 2.051634e+03	 283.33	 383.33	 33.00	 53	 0.47	 
BMI_bf_120	 2	 11	 009.tif	 2.056618e+03	 24	 999000	 240	 999000	 999	 2.057634e+03	 283.33	 383.33	 44.00	 9	 0.39	 
BMI_bf_120	 2	 11	 118.tif	 2.059618e+03	 11	 8.764432e+02	 110	 3.256579e+02	 98	 2.060634e+03	 300.00	 383.33	 23.00	 48	 0.57	 
BMI_bf_120	 2	 11	 026.tif	 2.061618e+03	 12	 999000	 120	 999000	 999	 2.062634e+03	 300.00	 383.33	 28.00	 26	 0.50	 
BMI_bf_120	 2	 11	 105.tif	 2.063618e+03	 24	 999000	 240	 999000	 999	 2.064634e+03	 300.00	 383.33	 56.00	 35	 0.21	 
BMI_bf_120	 2	 11	 001.tif	 2.066618e+03	 24	 999000	 240	 999000	 999	 2.067634e+03	 300.00	 383.33	 42.00	 1	 0.40	 
BMI_bf_120	 2	 11	 008.tif	 2.068618e+03	 22	 1.020142e+03	 2200	 4.248589e+02	 98	 2.069634e+03	 300.00	 333.33	 49.00	 8	 0.32	 
BMI_bf_120	 2	 11	 107.tif	 2.070617e+03	 24	 999000	 240	 999000	 999	 2.071634e+03	 300.00	 333.33	 53.00	 37	 0.26	 
BMI_bf_120	 2	 11	 004.tif	 2.072617e+03	 24	 999000	 240	 999000	 999	 2.073634e+03	 300.00	 333.33	 57.00	 4	 0.20	 
BMI_bf_120	 2	 11	 019.tif	 2.075617e+03	 22	 9.638795e+02	 220	 3.748062e+02	 98	 2.076634e+03	 300.00	 350.00	 35.00	 19	 0.47	 
BMI_bf_120	 2	 11	 013.tif	 2.077617e+03	 12	 999000	 120	 999000	 999	 2.078634e+03	 300.00	 350.00	 29.00	 13	 0.49	 
BMI_bf_120	 2	 11	 126.tif	 2.079617e+03	 12	 999000	 120	 999000	 999	 2.080634e+03	 300.00	 350.00	 2.00	 56	 0.81	 
BMI_bf_120	 2	 11	 124.tif	 2.081617e+03	 12	 999000	 120	 999000	 999	 2.082634e+03	 300.00	 350.00	 4.00	 54	 0.78	 
BMI_bf_120	 2	 11	 129.tif	 2.083617e+03	 11	 9.476397e+02	 110	 3.417125e+02	 98	 2.084634e+03	 316.67	 350.00	 11.00	 59	 0.72	 
BMI_bf_120	 2	 11	 022.tif	 2.089617e+03	 24	 999000	 240	 999000	 999	 2.090633e+03	 316.67	 350.00	 39.00	 22	 0.43	 
BMI_bf_120	 2	 11	 125.tif	 2.092617e+03	 22	 1.003254e+03	 2200	 3.914919e+02	 98	 2.093633e+03	 316.67	 300.00	 46.00	 55	 0.37	 
BMI_bf_120	 2	 11	 020.tif	 2.096617e+03	 12	 999000	 120	 999000	 999	 2.097633e+03	 316.67	 300.00	 18.00	 20	 0.61	 
BMI_bf_120	 2	 11	 130.tif	 2.102617e+03	 12	 999000	 120	 999000	 999	 2.103633e+03	 316.67	 300.00	 1.00	 60	 0.94	 
BMI_bf_120	 2	 11	 028.tif	 2.104617e+03	 24	 999000	 240	 999000	 999	 2.105633e+03	 316.67	 300.00	 31.00	 28	 0.48	 
BMI_bf_120	 2	 11	 104.tif	 2.109617e+03	 12	 999000	 120	 999000	 999	 2.110633e+03	 316.67	 300.00	 15.00	 34	 0.64	 
BMI_bf_120	 2	 11	 106.tif	 2.112617e+03	 24	 999000	 240	 999000	 999	 2.113633e+03	 316.67	 300.00	 34.00	 36	 0.47	 
BMI_bf_120	 2	 11	 007.tif	 2.114617e+03	 24	 999000	 240	 999000	 999	 2.115633e+03	 316.67	 300.00	 32.00	 7	 0.48	 
BMI_bf_120	 2	 11	 111.tif	 2.117617e+03	 12	 999000	 120	 999000	 999	 2.118633e+03	 316.67	 300.00	 3.00	 41	 0.80	 
BMI_bf_120	 2	 11	 023.tif	 2.119616e+03	 24	 999000	 240	 999000	 999	 2.120633e+03	 316.67	 300.00	 60.00	 23	 0.10	 
BMI_bf_120	 2	 11	 017.tif	 2.123616e+03	 24	 999000	 240	 999000	 999	 2.124633e+03	 316.67	 300.00	 50.00	 17	 0.32	 
BMI_bf_120	 2	 11	 014.tif	 2.127616e+03	 24	 999000	 240	 999000	 999	 2.128633e+03	 316.67	 300.00	 47.00	 14	 0.35	 
BMI_bf_120	 2	 11	 012.tif	 2.129616e+03	 24	 999000	 240	 999000	 999	 2.130633e+03	 316.67	 300.00	 58.00	 12	 0.15	 
BMI_bf_120	 2	 11	 101.tif	 2.136616e+03	 11	 9.457537e+02	 110	 3.597282e+02	 98	 2.137632e+03	 333.33	 300.00	 9.00	 31	 0.74	 
BMI_bf_120	 2	 11	 003.tif	 2.138616e+03	 11	 9.216528e+02	 110	 3.757697e+02	 98	 2.139632e+03	 350.00	 300.00	 16.00	 3	 0.63	 
BMI_bf_120	 2	 11	 121.tif	 2.141616e+03	 12	 999000	 120	 999000	 999	 2.142632e+03	 350.00	 300.00	 21.00	 51	 0.59	 
BMI_bf_120	 2	 11	 016.tif	 2.145616e+03	 22	 9.294335e+02	 220	 3.416014e+02	 98	 2.146632e+03	 350.00	 316.67	 40.00	 16	 0.42	 
BMI_bf_120	 2	 11	 024.tif	 2.149616e+03	 24	 999000	 240	 999000	 999	 2.150632e+03	 350.00	 316.67	 37.00	 24	 0.44	 
BMI_bf_120	 2	 11	 027.tif	 2.153616e+03	 11	 1.025090e+03	 1100	 3.922798e+02	 98	 2.154632e+03	 300.00	 316.67	 26.00	 27	 0.54	 
BMI_bf_120	 2	 11	 102.tif	 2.156616e+03	 11	 9.129889e+02	 110	 3.416467e+02	 98	 2.157632e+03	 316.67	 316.67	 8.00	 32	 0.74	 
BMI_bf_120	 2	 11	 005.tif	 2.158616e+03	 24	 999000	 240	 999000	 999	 2.159632e+03	 316.67	 316.67	 52.00	 5	 0.28	 
BMI_bf_120	 2	 11	 114.tif	 2.162632e+03	 12	 999000	 120	 999000	 999	 2.163649e+03	 316.67	 316.67	 24.00	 44	 0.55	 
BMI_bf_120	 2	 11	 029.tif	 2.169632e+03	 24	 999000	 240	 999000	 999	 2.170648e+03	 316.67	 316.67	 45.00	 29	 0.38	 
