subjectID	 order	 runNum	 itemName	 onsetTime	 shuff_trialType	 RT	 respInTime	 AudioTime	 response	 fixationTime	 ladder1	 ladder2	 bidIndex	 itemNameIndex	 bidValue	 
BMI_bf_111	 1	 7	 121.tif	 1.160778e+03	 12	 999000	 120	 999000	 999	 1.161795e+03	 150.00	 283.33	 8.00	 51	 0.72	 
BMI_bf_111	 1	 7	 106.tif	 1.165778e+03	 24	 999000	 240	 999000	 999	 1.166794e+03	 150.00	 283.33	 34.00	 36	 0.45	 
BMI_bf_111	 1	 7	 011.tif	 1.167778e+03	 11	 8.168363e+02	 110	 1.926976e+02	 98	 1.168795e+03	 166.67	 283.33	 25.00	 11	 0.58	 
BMI_bf_111	 1	 7	 113.tif	 1.169778e+03	 11	 7.607225e+02	 110	 2.087463e+02	 98	 1.170794e+03	 183.33	 283.33	 10.00	 43	 0.71	 
BMI_bf_111	 1	 7	 117.tif	 1.175778e+03	 24	 -1.471219e+03	 24	 999000	 98	 1.176794e+03	 183.33	 283.33	 48.00	 47	 0.33	 
BMI_bf_111	 1	 7	 110.tif	 1.177778e+03	 12	 999000	 120	 999000	 999	 1.178794e+03	 183.33	 283.33	 9.00	 40	 0.71	 
BMI_bf_111	 1	 7	 114.tif	 1.180778e+03	 12	 999000	 120	 999000	 999	 1.181794e+03	 183.33	 283.33	 26.00	 44	 0.58	 
BMI_bf_111	 1	 7	 013.tif	 1.182778e+03	 22	 1.000304e+03	 2200	 3.270319e+02	 98	 1.183794e+03	 183.33	 233.33	 42.00	 13	 0.37	 
BMI_bf_111	 1	 7	 008.tif	 1.186778e+03	 22	 8.961580e+02	 220	 2.757946e+02	 98	 1.187794e+03	 183.33	 250.00	 53.00	 8	 0.25	 
BMI_bf_111	 1	 7	 004.tif	 1.188778e+03	 12	 999000	 120	 999000	 999	 1.189794e+03	 183.33	 250.00	 5.00	 4	 0.74	 
BMI_bf_111	 1	 7	 025.tif	 1.193778e+03	 22	 8.959497e+02	 220	 2.928119e+02	 98	 1.194794e+03	 183.33	 266.67	 45.00	 25	 0.36	 
BMI_bf_111	 1	 7	 128.tif	 1.200778e+03	 11	 1.023667e+03	 1100	 2.244475e+02	 98	 1.201794e+03	 133.33	 266.67	 13.00	 58	 0.67	 
BMI_bf_111	 1	 7	 130.tif	 1.202778e+03	 12	 999000	 120	 999000	 999	 1.203794e+03	 133.33	 266.67	 17.00	 60	 0.66	 
BMI_bf_111	 1	 7	 122.tif	 1.205778e+03	 12	 999000	 120	 999000	 999	 1.206794e+03	 133.33	 266.67	 4.00	 52	 0.75	 
BMI_bf_111	 1	 7	 125.tif	 1.208778e+03	 24	 999000	 240	 999000	 999	 1.209794e+03	 133.33	 266.67	 35.00	 55	 0.45	 
BMI_bf_111	 1	 7	 022.tif	 1.212778e+03	 24	 999000	 240	 999000	 999	 1.213794e+03	 133.33	 266.67	 43.00	 22	 0.36	 
BMI_bf_111	 1	 7	 119.tif	 1.216777e+03	 12	 999000	 120	 999000	 999	 1.217794e+03	 133.33	 266.67	 19.00	 49	 0.63	 
BMI_bf_111	 1	 7	 124.tif	 1.220777e+03	 12	 999000	 120	 999000	 999	 1.221794e+03	 133.33	 266.67	 2.00	 54	 0.84	 
BMI_bf_111	 1	 7	 007.tif	 1.223777e+03	 24	 999000	 240	 999000	 999	 1.224794e+03	 133.33	 266.67	 56.00	 7	 0.21	 
BMI_bf_111	 1	 7	 019.tif	 1.229777e+03	 22	 9.266074e+02	 220	 3.097076e+02	 98	 1.230794e+03	 133.33	 283.33	 50.00	 19	 0.31	 
BMI_bf_111	 1	 7	 027.tif	 1.231777e+03	 12	 999000	 120	 999000	 999	 1.232794e+03	 133.33	 283.33	 14.00	 27	 0.67	 
BMI_bf_111	 1	 7	 107.tif	 1.234777e+03	 24	 999000	 240	 999000	 999	 1.235794e+03	 133.33	 283.33	 41.00	 37	 0.37	 
BMI_bf_111	 1	 7	 023.tif	 1.236777e+03	 22	 9.663385e+02	 220	 3.263428e+02	 98	 1.237794e+03	 133.33	 300.00	 44.00	 23	 0.36	 
BMI_bf_111	 1	 7	 104.tif	 1.238777e+03	 22	 1.038301e+03	 2200	 3.426879e+02	 98	 1.239794e+03	 133.33	 250.00	 36.00	 34	 0.44	 
BMI_bf_111	 1	 7	 024.tif	 1.240777e+03	 11	 7.584308e+02	 110	 1.751228e+02	 98	 1.241794e+03	 150.00	 250.00	 21.00	 24	 0.60	 
BMI_bf_111	 1	 7	 010.tif	 1.243777e+03	 12	 999000	 120	 999000	 999	 1.244793e+03	 150.00	 250.00	 23.00	 10	 0.59	 
BMI_bf_111	 1	 7	 003.tif	 1.247777e+03	 22	 9.339955e+02	 220	 2.923106e+02	 98	 1.248793e+03	 150.00	 266.67	 52.00	 3	 0.27	 
BMI_bf_111	 1	 7	 020.tif	 1.249777e+03	 24	 999000	 240	 999000	 999	 1.250793e+03	 150.00	 266.67	 57.00	 20	 0.20	 
BMI_bf_111	 1	 7	 103.tif	 1.251777e+03	 12	 999000	 120	 999000	 999	 1.252793e+03	 150.00	 266.67	 27.00	 33	 0.57	 
BMI_bf_111	 1	 7	 123.tif	 1.253777e+03	 11	 9.417750e+02	 110	 1.934106e+02	 98	 1.254793e+03	 166.67	 266.67	 18.00	 53	 0.65	 
BMI_bf_111	 1	 7	 116.tif	 1.255777e+03	 24	 999000	 240	 999000	 999	 1.256793e+03	 166.67	 266.67	 33.00	 46	 0.49	 
BMI_bf_111	 1	 7	 101.tif	 1.257777e+03	 11	 9.736579e+02	 110	 2.079937e+02	 98	 1.258793e+03	 183.33	 266.67	 15.00	 31	 0.67	 
BMI_bf_111	 1	 7	 021.tif	 1.261777e+03	 24	 999000	 240	 999000	 999	 1.262793e+03	 183.33	 266.67	 51.00	 21	 0.28	 
BMI_bf_111	 1	 7	 026.tif	 1.265777e+03	 24	 999000	 240	 999000	 999	 1.266793e+03	 183.33	 266.67	 59.00	 26	 0.12	 
BMI_bf_111	 1	 7	 028.tif	 1.267777e+03	 12	 999000	 120	 999000	 999	 1.268793e+03	 183.33	 266.67	 28.00	 28	 0.57	 
BMI_bf_111	 1	 7	 012.tif	 1.269777e+03	 24	 999000	 240	 999000	 999	 1.270793e+03	 183.33	 266.67	 55.00	 12	 0.21	 
BMI_bf_111	 1	 7	 120.tif	 1.271777e+03	 11	 8.451646e+02	 110	 2.262411e+02	 98	 1.272793e+03	 200.00	 266.67	 12.00	 50	 0.69	 
BMI_bf_111	 1	 7	 129.tif	 1.273777e+03	 24	 999000	 240	 999000	 999	 1.274793e+03	 200.00	 266.67	 31.00	 59	 0.51	 
BMI_bf_111	 1	 7	 006.tif	 1.279777e+03	 24	 999000	 240	 999000	 999	 1.280793e+03	 200.00	 266.67	 60.00	 6	 0.11	 
BMI_bf_111	 1	 7	 015.tif	 1.281777e+03	 24	 999000	 240	 999000	 999	 1.282793e+03	 200.00	 266.67	 54.00	 15	 0.24	 
BMI_bf_111	 1	 7	 030.tif	 1.283777e+03	 24	 999000	 240	 999000	 999	 1.284793e+03	 200.00	 266.67	 49.00	 30	 0.32	 
BMI_bf_111	 1	 7	 002.tif	 1.285777e+03	 22	 9.886996e+02	 220	 3.091694e+02	 98	 1.286793e+03	 200.00	 283.33	 39.00	 2	 0.39	 
BMI_bf_111	 1	 7	 108.tif	 1.288777e+03	 12	 999000	 120	 999000	 999	 1.289793e+03	 200.00	 283.33	 3.00	 38	 0.80	 
BMI_bf_111	 1	 7	 115.tif	 1.290777e+03	 11	 8.205084e+02	 110	 2.428041e+02	 98	 1.291793e+03	 216.67	 283.33	 7.00	 45	 0.72	 
BMI_bf_111	 1	 7	 018.tif	 1.297776e+03	 11	 9.882969e+02	 110	 2.576737e+02	 98	 1.298793e+03	 233.33	 283.33	 24.00	 18	 0.59	 
BMI_bf_111	 1	 7	 105.tif	 1.299776e+03	 22	 1.292197e+03	 2200	 3.256654e+02	 98	 1.300793e+03	 233.33	 233.33	 37.00	 35	 0.44	 
BMI_bf_111	 1	 7	 017.tif	 1.303776e+03	 24	 999000	 240	 999000	 999	 1.304793e+03	 233.33	 233.33	 40.00	 17	 0.38	 
BMI_bf_111	 1	 7	 112.tif	 1.307776e+03	 12	 999000	 120	 999000	 999	 1.308793e+03	 233.33	 233.33	 6.00	 42	 0.72	 
BMI_bf_111	 1	 7	 111.tif	 1.310776e+03	 12	 999000	 120	 999000	 999	 1.311793e+03	 233.33	 233.33	 16.00	 41	 0.67	 
BMI_bf_111	 1	 7	 102.tif	 1.312776e+03	 12	 999000	 120	 999000	 999	 1.313793e+03	 233.33	 233.33	 11.00	 32	 0.70	 
BMI_bf_111	 1	 7	 127.tif	 1.316776e+03	 12	 999000	 120	 999000	 999	 1.317793e+03	 233.33	 233.33	 1.00	 57	 0.95	 
BMI_bf_111	 1	 7	 109.tif	 1.318776e+03	 11	 9.875088e+02	 110	 2.757207e+02	 98	 1.319793e+03	 250.00	 233.33	 20.00	 39	 0.61	 
BMI_bf_111	 1	 7	 016.tif	 1.321776e+03	 12	 999000	 120	 999000	 999	 1.322792e+03	 250.00	 233.33	 29.00	 16	 0.56	 
BMI_bf_111	 1	 7	 009.tif	 1.325776e+03	 24	 999000	 240	 999000	 999	 1.326792e+03	 250.00	 233.33	 32.00	 9	 0.51	 
BMI_bf_111	 1	 7	 118.tif	 1.327776e+03	 12	 999000	 120	 999000	 999	 1.328792e+03	 250.00	 233.33	 22.00	 48	 0.59	 
BMI_bf_111	 1	 7	 001.tif	 1.332776e+03	 22	 1.027073e+03	 2200	 2.750336e+02	 98	 1.333792e+03	 250.00	 183.33	 47.00	 1	 0.33	 
BMI_bf_111	 1	 7	 126.tif	 1.334776e+03	 12	 999000	 120	 999000	 999	 1.335792e+03	 250.00	 183.33	 30.00	 56	 0.51	 
BMI_bf_111	 1	 7	 029.tif	 1.338776e+03	 24	 999000	 240	 999000	 999	 1.339792e+03	 250.00	 183.33	 46.00	 29	 0.35	 
BMI_bf_111	 1	 7	 005.tif	 1.341776e+03	 24	 999000	 240	 999000	 999	 1.342792e+03	 250.00	 183.33	 38.00	 5	 0.39	 
BMI_bf_111	 1	 7	 014.tif	 1.344776e+03	 24	 999000	 240	 999000	 999	 1.345792e+03	 250.00	 183.33	 58.00	 14	 0.19	 
