subjectID	 order	 runNum	 itemName	 onsetTime	 shuff_trialType	 RT	 respInTime	 AudioTime	 response	 fixationTime	 ladder1	 ladder2	 bidIndex	 itemNameIndex	 bidValue	 
BMI_bf_120	 2	 10	 006.tif	 1.776490e+03	 24	 999000	 240	 999000	 999	 1.777507e+03	 316.67	 383.33	 59.00	 6	 0.15	 
BMI_bf_120	 2	 10	 109.tif	 1.778490e+03	 12	 999000	 120	 999000	 999	 1.779507e+03	 316.67	 383.33	 5.00	 39	 0.78	 
BMI_bf_120	 2	 10	 023.tif	 1.782490e+03	 24	 999000	 240	 999000	 999	 1.783507e+03	 316.67	 383.33	 60.00	 23	 0.10	 
BMI_bf_120	 2	 10	 102.tif	 1.785490e+03	 11	 1.003434e+03	 1100	 3.584848e+02	 98	 1.786507e+03	 266.67	 383.33	 8.00	 32	 0.74	 
BMI_bf_120	 2	 10	 129.tif	 1.787490e+03	 11	 8.753800e+02	 110	 3.088397e+02	 98	 1.788507e+03	 283.33	 383.33	 11.00	 59	 0.72	 
BMI_bf_120	 2	 10	 015.tif	 1.790490e+03	 24	 999000	 240	 999000	 999	 1.791506e+03	 283.33	 383.33	 36.00	 15	 0.46	 
BMI_bf_120	 2	 10	 120.tif	 1.794490e+03	 22	 1.003231e+03	 2200	 4.249120e+02	 98	 1.795506e+03	 283.33	 333.33	 41.00	 50	 0.41	 
BMI_bf_120	 2	 10	 003.tif	 1.798490e+03	 11	 9.470073e+02	 110	 3.256748e+02	 98	 1.799506e+03	 300.00	 333.33	 16.00	 3	 0.63	 
BMI_bf_120	 2	 10	 106.tif	 1.800490e+03	 24	 999000	 240	 999000	 999	 1.801506e+03	 300.00	 333.33	 34.00	 36	 0.47	 
BMI_bf_120	 2	 10	 016.tif	 1.805490e+03	 22	 9.547659e+02	 220	 3.762409e+02	 98	 1.806506e+03	 300.00	 350.00	 40.00	 16	 0.42	 
BMI_bf_120	 2	 10	 117.tif	 1.807490e+03	 22	 9.946888e+02	 220	 3.925276e+02	 98	 1.808506e+03	 300.00	 366.67	 54.00	 47	 0.24	 
BMI_bf_120	 2	 10	 001.tif	 1.809490e+03	 24	 999000	 240	 999000	 999	 1.810506e+03	 300.00	 366.67	 42.00	 1	 0.40	 
BMI_bf_120	 2	 10	 030.tif	 1.815490e+03	 12	 999000	 120	 999000	 999	 1.816506e+03	 300.00	 366.67	 25.00	 30	 0.54	 
BMI_bf_120	 2	 10	 020.tif	 1.817490e+03	 12	 999000	 120	 999000	 999	 1.818506e+03	 300.00	 366.67	 18.00	 20	 0.61	 
BMI_bf_120	 2	 10	 126.tif	 1.819490e+03	 12	 999000	 120	 999000	 999	 1.820506e+03	 300.00	 366.67	 2.00	 56	 0.81	 
BMI_bf_120	 2	 10	 002.tif	 1.821489e+03	 22	 1.010559e+03	 2200	 4.093226e+02	 98	 1.822506e+03	 300.00	 316.67	 51.00	 2	 0.30	 
BMI_bf_120	 2	 10	 124.tif	 1.825489e+03	 12	 999000	 120	 999000	 999	 1.826506e+03	 300.00	 316.67	 4.00	 54	 0.78	 
BMI_bf_120	 2	 10	 125.tif	 1.829489e+03	 22	 9.299119e+02	 220	 3.582346e+02	 98	 1.830506e+03	 300.00	 333.33	 46.00	 55	 0.37	 
BMI_bf_120	 2	 10	 111.tif	 1.832489e+03	 12	 999000	 120	 999000	 999	 1.833506e+03	 300.00	 333.33	 3.00	 41	 0.80	 
BMI_bf_120	 2	 10	 114.tif	 1.836489e+03	 12	 999000	 120	 999000	 999	 1.837505e+03	 300.00	 333.33	 24.00	 44	 0.55	 
BMI_bf_120	 2	 10	 121.tif	 1.839489e+03	 12	 999000	 120	 999000	 999	 1.840505e+03	 300.00	 333.33	 21.00	 51	 0.59	 
BMI_bf_120	 2	 10	 019.tif	 1.841489e+03	 22	 9.455197e+02	 220	 3.761591e+02	 98	 1.842505e+03	 300.00	 350.00	 35.00	 19	 0.47	 
BMI_bf_120	 2	 10	 115.tif	 1.845489e+03	 22	 9.693905e+02	 220	 3.917772e+02	 98	 1.846505e+03	 300.00	 366.67	 43.00	 45	 0.40	 
BMI_bf_120	 2	 10	 029.tif	 1.847489e+03	 24	 999000	 240	 999000	 999	 1.848505e+03	 300.00	 366.67	 45.00	 29	 0.38	 
BMI_bf_120	 2	 10	 017.tif	 1.849489e+03	 24	 999000	 240	 999000	 999	 1.850505e+03	 300.00	 366.67	 50.00	 17	 0.32	 
BMI_bf_120	 2	 10	 118.tif	 1.853489e+03	 11	 9.690854e+02	 110	 3.419841e+02	 98	 1.854505e+03	 316.67	 366.67	 23.00	 48	 0.57	 
BMI_bf_120	 2	 10	 128.tif	 1.855489e+03	 12	 999000	 120	 999000	 999	 1.856505e+03	 316.67	 366.67	 12.00	 58	 0.71	 
BMI_bf_120	 2	 10	 107.tif	 1.859489e+03	 24	 999000	 240	 999000	 999	 1.860505e+03	 316.67	 366.67	 53.00	 37	 0.26	 
BMI_bf_120	 2	 10	 101.tif	 1.863489e+03	 11	 9.526967e+02	 110	 3.601982e+02	 98	 1.864505e+03	 333.33	 366.67	 9.00	 31	 0.74	 
BMI_bf_120	 2	 10	 130.tif	 1.866489e+03	 12	 999000	 120	 999000	 999	 1.867505e+03	 333.33	 366.67	 1.00	 60	 0.94	 
BMI_bf_120	 2	 10	 025.tif	 1.872488e+03	 12	 999000	 120	 999000	 999	 1.873505e+03	 333.33	 366.67	 30.00	 25	 0.49	 
BMI_bf_120	 2	 10	 112.tif	 1.874488e+03	 22	 1.008269e+03	 2200	 4.099381e+02	 98	 1.875505e+03	 333.33	 316.67	 38.00	 42	 0.44	 
BMI_bf_120	 2	 10	 005.tif	 1.878488e+03	 24	 999000	 240	 999000	 999	 1.879505e+03	 333.33	 316.67	 52.00	 5	 0.28	 
BMI_bf_120	 2	 10	 011.tif	 1.880488e+03	 12	 999000	 120	 999000	 999	 1.881505e+03	 333.33	 316.67	 27.00	 11	 0.52	 
BMI_bf_120	 2	 10	 009.tif	 1.882488e+03	 24	 999000	 240	 999000	 999	 1.883505e+03	 333.33	 316.67	 44.00	 9	 0.39	 
BMI_bf_120	 2	 10	 026.tif	 1.884488e+03	 12	 999000	 120	 999000	 999	 1.885504e+03	 333.33	 316.67	 28.00	 26	 0.50	 
BMI_bf_120	 2	 10	 022.tif	 1.889488e+03	 24	 999000	 240	 999000	 999	 1.890504e+03	 333.33	 316.67	 39.00	 22	 0.43	 
BMI_bf_120	 2	 10	 024.tif	 1.891488e+03	 24	 999000	 240	 999000	 999	 1.892504e+03	 333.33	 316.67	 37.00	 24	 0.44	 
BMI_bf_120	 2	 10	 008.tif	 1.893488e+03	 22	 1.015672e+03	 2200	 3.593644e+02	 98	 1.894504e+03	 333.33	 266.67	 49.00	 8	 0.32	 
BMI_bf_120	 2	 10	 122.tif	 1.896488e+03	 12	 999000	 120	 999000	 999	 1.897504e+03	 333.33	 266.67	 6.00	 52	 0.77	 
BMI_bf_120	 2	 10	 012.tif	 1.899488e+03	 24	 999000	 240	 999000	 999	 1.900504e+03	 333.33	 266.67	 58.00	 12	 0.15	 
BMI_bf_120	 2	 10	 119.tif	 1.903488e+03	 12	 999000	 120	 999000	 999	 1.904504e+03	 333.33	 266.67	 13.00	 49	 0.69	 
BMI_bf_120	 2	 10	 004.tif	 1.905488e+03	 24	 999000	 240	 999000	 999	 1.906504e+03	 333.33	 266.67	 57.00	 4	 0.20	 
BMI_bf_120	 2	 10	 007.tif	 1.907488e+03	 24	 999000	 240	 999000	 999	 1.908504e+03	 333.33	 266.67	 32.00	 7	 0.48	 
BMI_bf_120	 2	 10	 013.tif	 1.910488e+03	 12	 999000	 120	 999000	 999	 1.911504e+03	 333.33	 266.67	 29.00	 13	 0.49	 
BMI_bf_120	 2	 10	 123.tif	 1.913488e+03	 24	 999000	 240	 999000	 999	 1.914504e+03	 333.33	 266.67	 33.00	 53	 0.47	 
BMI_bf_120	 2	 10	 103.tif	 1.915487e+03	 11	 9.508756e+02	 110	 3.745469e+02	 98	 1.916504e+03	 350.00	 266.67	 19.00	 33	 0.60	 
BMI_bf_120	 2	 10	 113.tif	 1.917487e+03	 11	 9.188202e+02	 110	 3.921198e+02	 98	 1.918504e+03	 366.67	 266.67	 22.00	 43	 0.59	 
BMI_bf_120	 2	 10	 127.tif	 1.919487e+03	 12	 999000	 120	 999000	 999	 1.920504e+03	 366.67	 266.67	 10.00	 57	 0.74	 
BMI_bf_120	 2	 10	 028.tif	 1.924487e+03	 24	 999000	 240	 999000	 999	 1.925504e+03	 366.67	 266.67	 31.00	 28	 0.48	 
BMI_bf_120	 2	 10	 021.tif	 1.926504e+03	 22	 9.098101e+02	 220	 3.096707e+02	 98	 1.927520e+03	 366.67	 283.33	 48.00	 21	 0.32	 
BMI_bf_120	 2	 10	 027.tif	 1.928504e+03	 11	 9.978508e+02	 110	 4.094424e+02	 98	 1.929520e+03	 383.33	 283.33	 26.00	 27	 0.54	 
BMI_bf_120	 2	 10	 014.tif	 1.930504e+03	 24	 999000	 240	 999000	 999	 1.931520e+03	 383.33	 283.33	 47.00	 14	 0.35	 
BMI_bf_120	 2	 10	 105.tif	 1.937504e+03	 24	 999000	 240	 999000	 999	 1.938520e+03	 383.33	 283.33	 56.00	 35	 0.21	 
BMI_bf_120	 2	 10	 116.tif	 1.939504e+03	 12	 999000	 120	 999000	 999	 1.940520e+03	 383.33	 283.33	 7.00	 46	 0.75	 
BMI_bf_120	 2	 10	 110.tif	 1.946504e+03	 11	 1.029107e+03	 1100	 4.262057e+02	 98	 1.947520e+03	 333.33	 283.33	 17.00	 40	 0.62	 
BMI_bf_120	 2	 10	 018.tif	 1.949503e+03	 24	 999000	 240	 999000	 999	 1.950520e+03	 333.33	 283.33	 55.00	 18	 0.21	 
BMI_bf_120	 2	 10	 104.tif	 1.952503e+03	 12	 999000	 120	 999000	 999	 1.953520e+03	 333.33	 283.33	 15.00	 34	 0.64	 
BMI_bf_120	 2	 10	 108.tif	 1.958503e+03	 11	 9.407111e+02	 110	 3.760803e+02	 98	 1.959520e+03	 350.00	 283.33	 14.00	 38	 0.65	 
BMI_bf_120	 2	 10	 010.tif	 1.960503e+03	 12	 999000	 120	 999000	 999	 1.961520e+03	 350.00	 283.33	 20.00	 10	 0.59	 
