subjectID	 order	 runNum	 itemName	 onsetTime	 shuff_trialType	 RT	 respInTime	 AudioTime	 response	 fixationTime	 ladder1	 ladder2	 bidIndex	 itemNameIndex	 bidValue	 
BMI_bf_101	 1	 2	 117.tif	 1.891762e+02	 22	 9.820729e+02	 220	 4.252249e+02	 98	 1.901929e+02	 383.33	 400.00	 37.00	 47	 0.41	 
BMI_bf_101	 1	 2	 022.tif	 1.921765e+02	 24	 999000	 240	 999000	 999	 1.931928e+02	 383.33	 400.00	 40.00	 22	 0.39	 
BMI_bf_101	 1	 2	 108.tif	 1.961764e+02	 11	 9.894593e+02	 110	 4.265751e+02	 98	 1.971926e+02	 400.00	 400.00	 12.00	 38	 0.74	 
BMI_bf_101	 1	 2	 124.tif	 1.981760e+02	 12	 999000	 120	 999000	 999	 1.991926e+02	 400.00	 400.00	 1.00	 54	 0.93	 
BMI_bf_101	 1	 2	 020.tif	 2.001762e+02	 12	 999000	 120	 999000	 999	 2.011925e+02	 400.00	 400.00	 14.00	 20	 0.71	 
BMI_bf_101	 1	 2	 029.tif	 2.041761e+02	 22	 1.093199e+03	 2200	 4.421112e+02	 98	 2.051925e+02	 400.00	 350.00	 42.00	 29	 0.38	 
BMI_bf_101	 1	 2	 104.tif	 2.061758e+02	 12	 999000	 120	 999000	 999	 2.071924e+02	 400.00	 350.00	 22.00	 34	 0.61	 
BMI_bf_101	 1	 2	 015.tif	 2.111759e+02	 24	 999000	 240	 999000	 999	 2.121922e+02	 400.00	 350.00	 56.00	 15	 0.18	 
BMI_bf_101	 1	 2	 112.tif	 2.131758e+02	 12	 999000	 120	 999000	 999	 2.141921e+02	 400.00	 350.00	 29.00	 42	 0.49	 
BMI_bf_101	 1	 2	 001.tif	 2.161758e+02	 24	 999000	 240	 999000	 999	 2.171920e+02	 400.00	 350.00	 38.00	 1	 0.40	 
BMI_bf_101	 1	 2	 130.tif	 2.191757e+02	 12	 999000	 120	 999000	 999	 2.201920e+02	 400.00	 350.00	 5.00	 60	 0.86	 
BMI_bf_101	 1	 2	 026.tif	 2.231755e+02	 24	 999000	 240	 999000	 999	 2.241919e+02	 400.00	 350.00	 41.00	 26	 0.38	 
BMI_bf_101	 1	 2	 010.tif	 2.261754e+02	 24	 999000	 240	 999000	 999	 2.271918e+02	 400.00	 350.00	 51.00	 10	 0.21	 
BMI_bf_101	 1	 2	 006.tif	 2.281754e+02	 24	 999000	 240	 999000	 999	 2.291917e+02	 400.00	 350.00	 58.00	 6	 0.15	 
BMI_bf_101	 1	 2	 128.tif	 2.311753e+02	 24	 999000	 240	 999000	 999	 2.321916e+02	 400.00	 350.00	 32.00	 58	 0.48	 
BMI_bf_101	 1	 2	 121.tif	 2.351752e+02	 12	 999000	 120	 999000	 999	 2.361915e+02	 400.00	 350.00	 8.00	 51	 0.80	 
BMI_bf_101	 1	 2	 013.tif	 2.381751e+02	 24	 999000	 240	 999000	 999	 2.391914e+02	 400.00	 350.00	 35.00	 13	 0.43	 
BMI_bf_101	 1	 2	 110.tif	 2.401750e+02	 11	 1.011873e+03	 1100	 4.420608e+02	 98	 2.411914e+02	 350.00	 350.00	 15.00	 40	 0.70	 
BMI_bf_101	 1	 2	 018.tif	 2.421748e+02	 22	 1.003965e+03	 2200	 3.931617e+02	 98	 2.431913e+02	 350.00	 300.00	 53.00	 18	 0.20	 
BMI_bf_101	 1	 2	 024.tif	 2.471748e+02	 12	 999000	 120	 999000	 999	 2.481912e+02	 350.00	 300.00	 28.00	 24	 0.53	 
BMI_bf_101	 1	 2	 103.tif	 2.511747e+02	 12	 999000	 120	 999000	 999	 2.521910e+02	 350.00	 300.00	 23.00	 33	 0.61	 
BMI_bf_101	 1	 2	 114.tif	 2.551746e+02	 11	 9.234278e+02	 110	 3.929271e+02	 98	 2.561910e+02	 366.67	 300.00	 24.00	 44	 0.57	 
BMI_bf_101	 1	 2	 019.tif	 2.611744e+02	 24	 999000	 240	 999000	 999	 2.621907e+02	 366.67	 300.00	 31.00	 19	 0.48	 
BMI_bf_101	 1	 2	 118.tif	 2.631743e+02	 11	 9.471010e+02	 110	 4.095599e+02	 98	 2.641907e+02	 383.33	 300.00	 20.00	 48	 0.64	 
BMI_bf_101	 1	 2	 120.tif	 2.651743e+02	 12	 999000	 120	 999000	 999	 2.661906e+02	 383.33	 300.00	 19.00	 50	 0.65	 
BMI_bf_101	 1	 2	 102.tif	 2.671742e+02	 11	 9.709423e+02	 110	 4.268948e+02	 98	 2.681906e+02	 400.00	 300.00	 7.00	 32	 0.81	 
BMI_bf_101	 1	 2	 123.tif	 2.691740e+02	 11	 9.470578e+02	 110	 4.425664e+02	 98	 2.701905e+02	 416.67	 300.00	 25.00	 53	 0.57	 
BMI_bf_101	 1	 2	 116.tif	 2.731740e+02	 11	 9.947387e+02	 110	 4.592387e+02	 98	 2.741904e+02	 433.33	 300.00	 10.00	 46	 0.78	 
BMI_bf_101	 1	 2	 012.tif	 2.751738e+02	 24	 999000	 240	 999000	 999	 2.761903e+02	 433.33	 300.00	 54.00	 12	 0.18	 
BMI_bf_101	 1	 2	 030.tif	 2.791739e+02	 12	 999000	 120	 999000	 999	 2.801902e+02	 433.33	 300.00	 30.00	 30	 0.49	 
BMI_bf_101	 1	 2	 028.tif	 2.811738e+02	 12	 999000	 120	 999000	 999	 2.821901e+02	 433.33	 300.00	 16.00	 28	 0.68	 
BMI_bf_101	 1	 2	 115.tif	 2.831738e+02	 11	 1.010342e+03	 1100	 4.759593e+02	 98	 2.841901e+02	 383.33	 300.00	 13.00	 45	 0.71	 
BMI_bf_101	 1	 2	 007.tif	 2.851737e+02	 22	 9.223577e+02	 220	 3.428209e+02	 98	 2.861900e+02	 383.33	 316.67	 44.00	 7	 0.36	 
BMI_bf_101	 1	 2	 111.tif	 2.901735e+02	 12	 999000	 120	 999000	 999	 2.911899e+02	 383.33	 316.67	 4.00	 41	 0.87	 
BMI_bf_101	 1	 2	 127.tif	 2.921735e+02	 12	 999000	 120	 999000	 999	 2.931898e+02	 383.33	 316.67	 11.00	 57	 0.77	 
BMI_bf_101	 1	 2	 113.tif	 2.941735e+02	 11	 9.779731e+02	 110	 4.265718e+02	 98	 2.951898e+02	 400.00	 316.67	 21.00	 43	 0.62	 
BMI_bf_101	 1	 2	 126.tif	 2.971733e+02	 12	 999000	 120	 999000	 999	 2.981897e+02	 400.00	 316.67	 2.00	 56	 0.91	 
BMI_bf_101	 1	 2	 107.tif	 3.041731e+02	 22	 8.976610e+02	 220	 3.593743e+02	 98	 3.051895e+02	 400.00	 333.33	 47.00	 37	 0.28	 
BMI_bf_101	 1	 2	 003.tif	 3.081730e+02	 22	 9.215726e+02	 220	 3.760967e+02	 98	 3.091893e+02	 400.00	 350.00	 36.00	 3	 0.42	 
BMI_bf_101	 1	 2	 016.tif	 3.151895e+02	 24	 2.966644e+02	 24	 999000	 98	 3.162058e+02	 400.00	 350.00	 55.00	 16	 0.18	 
BMI_bf_101	 1	 2	 122.tif	 3.171892e+02	 12	 999000	 120	 999000	 999	 3.182057e+02	 400.00	 350.00	 27.00	 52	 0.53	 
BMI_bf_101	 1	 2	 105.tif	 3.211893e+02	 24	 999000	 240	 999000	 999	 3.222056e+02	 400.00	 350.00	 59.00	 35	 0.11	 
BMI_bf_101	 1	 2	 008.tif	 3.251892e+02	 24	 999000	 240	 999000	 999	 3.262054e+02	 400.00	 350.00	 60.00	 8	 0.00	 
BMI_bf_101	 1	 2	 021.tif	 3.271891e+02	 24	 999000	 240	 999000	 999	 3.282055e+02	 400.00	 350.00	 57.00	 21	 0.17	 
BMI_bf_101	 1	 2	 027.tif	 3.311890e+02	 24	 999000	 240	 999000	 999	 3.322053e+02	 400.00	 350.00	 46.00	 27	 0.28	 
BMI_bf_101	 1	 2	 125.tif	 3.331889e+02	 24	 999000	 240	 999000	 999	 3.342053e+02	 400.00	 350.00	 33.00	 55	 0.47	 
BMI_bf_101	 1	 2	 109.tif	 3.351887e+02	 12	 999000	 120	 999000	 999	 3.362052e+02	 400.00	 350.00	 6.00	 39	 0.81	 
BMI_bf_101	 1	 2	 023.tif	 3.411886e+02	 24	 999000	 240	 999000	 999	 3.422050e+02	 400.00	 350.00	 48.00	 23	 0.27	 
BMI_bf_101	 1	 2	 106.tif	 3.431886e+02	 12	 999000	 120	 999000	 999	 3.442049e+02	 400.00	 350.00	 26.00	 36	 0.55	 
BMI_bf_101	 1	 2	 011.tif	 3.461885e+02	 11	 1.047497e+03	 1100	 4.425743e+02	 98	 3.472049e+02	 350.00	 350.00	 18.00	 11	 0.66	 
BMI_bf_101	 1	 2	 101.tif	 3.491884e+02	 12	 999000	 120	 999000	 999	 3.502047e+02	 350.00	 350.00	 3.00	 31	 0.90	 
BMI_bf_101	 1	 2	 017.tif	 3.511881e+02	 22	 9.676268e+02	 220	 3.920602e+02	 98	 3.522048e+02	 350.00	 366.67	 52.00	 17	 0.20	 
BMI_bf_101	 1	 2	 005.tif	 3.531881e+02	 24	 999000	 240	 999000	 999	 3.542046e+02	 350.00	 366.67	 43.00	 5	 0.38	 
BMI_bf_101	 1	 2	 009.tif	 3.551883e+02	 22	 9.351820e+02	 220	 4.100779e+02	 98	 3.562047e+02	 350.00	 383.33	 39.00	 9	 0.39	 
BMI_bf_101	 1	 2	 004.tif	 3.611881e+02	 24	 999000	 240	 999000	 999	 3.622044e+02	 350.00	 383.33	 34.00	 4	 0.45	 
BMI_bf_101	 1	 2	 119.tif	 3.631880e+02	 12	 999000	 120	 999000	 999	 3.642044e+02	 350.00	 383.33	 17.00	 49	 0.67	 
BMI_bf_101	 1	 2	 002.tif	 3.651879e+02	 24	 999000	 240	 999000	 999	 3.662043e+02	 350.00	 383.33	 49.00	 2	 0.25	 
BMI_bf_101	 1	 2	 014.tif	 3.671879e+02	 22	 9.827732e+02	 220	 4.260773e+02	 98	 3.682043e+02	 350.00	 400.00	 50.00	 14	 0.25	 
BMI_bf_101	 1	 2	 025.tif	 3.701878e+02	 22	 1.014656e+03	 2200	 4.420889e+02	 98	 3.712041e+02	 350.00	 350.00	 45.00	 25	 0.36	 
BMI_bf_101	 1	 2	 129.tif	 3.731877e+02	 12	 999000	 120	 999000	 999	 3.742041e+02	 350.00	 350.00	 9.00	 59	 0.80	 
