subjectID	 order	 runNum	 itemName	 onsetTime	 shuff_trialType	 RT	 respInTime	 AudioTime	 response	 fixationTime	 ladder1	 ladder2	 bidIndex	 itemNameIndex	 bidValue	 
BMI_bf_104	 2	 8	 103.tif	 1.334331e+03	 12	 999000	 120	 999000	 999	 1.335348e+03	 383.33	 383.33	 7.00	 33	 0.74	 
BMI_bf_104	 2	 8	 109.tif	 1.336331e+03	 11	 1.128087e+03	 1100	 4.250160e+02	 98	 1.337348e+03	 333.33	 383.33	 16.00	 39	 0.67	 
BMI_bf_104	 2	 8	 117.tif	 1.340331e+03	 24	 999000	 240	 999000	 999	 1.341348e+03	 333.33	 383.33	 42.00	 47	 0.39	 
BMI_bf_104	 2	 8	 101.tif	 1.343331e+03	 11	 1.015750e+03	 1100	 3.766524e+02	 98	 1.344348e+03	 283.33	 383.33	 23.00	 31	 0.60	 
BMI_bf_104	 2	 8	 005.tif	 1.345331e+03	 11	 9.437854e+02	 110	 3.258145e+02	 98	 1.346348e+03	 300.00	 383.33	 19.00	 5	 0.64	 
BMI_bf_104	 2	 8	 011.tif	 1.348331e+03	 22	 9.516542e+02	 220	 4.264468e+02	 98	 1.349347e+03	 300.00	 400.00	 38.00	 11	 0.41	 
BMI_bf_104	 2	 8	 015.tif	 1.352331e+03	 22	 9.756522e+02	 220	 4.416409e+02	 98	 1.353347e+03	 300.00	 416.67	 43.00	 15	 0.39	 
BMI_bf_104	 2	 8	 019.tif	 1.356331e+03	 22	 1.055325e+03	 2200	 4.594343e+02	 98	 1.357347e+03	 300.00	 366.67	 54.00	 19	 0.20	 
BMI_bf_104	 2	 8	 003.tif	 1.358331e+03	 24	 999000	 240	 999000	 999	 1.359347e+03	 300.00	 366.67	 53.00	 3	 0.20	 
BMI_bf_104	 2	 8	 111.tif	 1.363331e+03	 12	 999000	 120	 999000	 999	 1.364347e+03	 300.00	 366.67	 12.00	 41	 0.70	 
BMI_bf_104	 2	 8	 018.tif	 1.365331e+03	 24	 999000	 240	 999000	 999	 1.366347e+03	 300.00	 366.67	 47.00	 18	 0.31	 
BMI_bf_104	 2	 8	 105.tif	 1.367331e+03	 12	 999000	 120	 999000	 999	 1.368347e+03	 300.00	 366.67	 18.00	 35	 0.64	 
BMI_bf_104	 2	 8	 001.tif	 1.373330e+03	 22	 1.022697e+03	 2200	 4.096541e+02	 98	 1.374347e+03	 300.00	 316.67	 49.00	 1	 0.27	 
BMI_bf_104	 2	 8	 014.tif	 1.375330e+03	 12	 999000	 120	 999000	 999	 1.376347e+03	 300.00	 316.67	 24.00	 14	 0.60	 
BMI_bf_104	 2	 8	 030.tif	 1.377330e+03	 24	 999000	 240	 999000	 999	 1.378347e+03	 300.00	 316.67	 33.00	 30	 0.49	 
BMI_bf_104	 2	 8	 029.tif	 1.379330e+03	 22	 9.184919e+02	 220	 3.597335e+02	 98	 1.380346e+03	 300.00	 333.33	 48.00	 29	 0.29	 
BMI_bf_104	 2	 8	 021.tif	 1.383330e+03	 24	 999000	 240	 999000	 999	 1.384346e+03	 300.00	 333.33	 60.00	 21	 0.06	 
BMI_bf_104	 2	 8	 116.tif	 1.387330e+03	 11	 8.782484e+02	 110	 3.418486e+02	 98	 1.388346e+03	 316.67	 333.33	 8.00	 46	 0.74	 
BMI_bf_104	 2	 8	 129.tif	 1.390330e+03	 24	 999000	 240	 999000	 999	 1.391346e+03	 316.67	 333.33	 58.00	 59	 0.16	 
BMI_bf_104	 2	 8	 016.tif	 1.394330e+03	 12	 999000	 120	 999000	 999	 1.395346e+03	 316.67	 333.33	 28.00	 16	 0.53	 
BMI_bf_104	 2	 8	 115.tif	 1.397330e+03	 24	 999000	 240	 999000	 999	 1.398346e+03	 316.67	 333.33	 31.00	 45	 0.50	 
BMI_bf_104	 2	 8	 025.tif	 1.399330e+03	 24	 999000	 240	 999000	 999	 1.400346e+03	 316.67	 333.33	 52.00	 25	 0.24	 
BMI_bf_104	 2	 8	 024.tif	 1.403329e+03	 12	 999000	 120	 999000	 999	 1.404346e+03	 316.67	 333.33	 30.00	 24	 0.50	 
BMI_bf_104	 2	 8	 012.tif	 1.405329e+03	 24	 999000	 240	 999000	 999	 1.406346e+03	 316.67	 333.33	 36.00	 12	 0.45	 
BMI_bf_104	 2	 8	 108.tif	 1.407329e+03	 12	 999000	 120	 999000	 999	 1.408346e+03	 316.67	 333.33	 15.00	 38	 0.67	 
BMI_bf_104	 2	 8	 009.tif	 1.411329e+03	 22	 1.005353e+03	 2200	 3.740510e+02	 98	 1.412346e+03	 316.67	 283.33	 40.00	 9	 0.40	 
BMI_bf_104	 2	 8	 102.tif	 1.413329e+03	 12	 999000	 120	 999000	 999	 1.414345e+03	 316.67	 283.33	 2.00	 32	 0.90	 
BMI_bf_104	 2	 8	 112.tif	 1.417329e+03	 24	 999000	 240	 999000	 999	 1.418345e+03	 316.67	 283.33	 57.00	 42	 0.17	 
BMI_bf_104	 2	 8	 121.tif	 1.421329e+03	 12	 999000	 120	 999000	 999	 1.422345e+03	 316.67	 283.33	 1.00	 51	 0.98	 
BMI_bf_104	 2	 8	 125.tif	 1.424329e+03	 24	 999000	 240	 999000	 999	 1.425345e+03	 316.67	 283.33	 44.00	 55	 0.38	 
BMI_bf_104	 2	 8	 017.tif	 1.430329e+03	 11	 9.247843e+02	 110	 3.591856e+02	 98	 1.431345e+03	 333.33	 283.33	 22.00	 17	 0.61	 
BMI_bf_104	 2	 8	 010.tif	 1.432328e+03	 22	 9.168556e+02	 220	 3.281481e+02	 98	 1.433345e+03	 333.33	 300.00	 35.00	 10	 0.46	 
BMI_bf_104	 2	 8	 127.tif	 1.436328e+03	 11	 9.245444e+02	 110	 3.756442e+02	 98	 1.437345e+03	 350.00	 300.00	 9.00	 57	 0.73	 
BMI_bf_104	 2	 8	 002.tif	 1.438328e+03	 12	 999000	 120	 999000	 999	 1.439345e+03	 350.00	 300.00	 25.00	 2	 0.60	 
BMI_bf_104	 2	 8	 124.tif	 1.440328e+03	 24	 999000	 240	 999000	 999	 1.441345e+03	 350.00	 300.00	 50.00	 54	 0.26	 
BMI_bf_104	 2	 8	 007.tif	 1.442328e+03	 24	 999000	 240	 999000	 999	 1.443345e+03	 350.00	 300.00	 55.00	 7	 0.19	 
BMI_bf_104	 2	 8	 126.tif	 1.447328e+03	 22	 9.081428e+02	 220	 3.425118e+02	 98	 1.448344e+03	 350.00	 316.67	 51.00	 56	 0.25	 
BMI_bf_104	 2	 8	 106.tif	 1.449328e+03	 12	 999000	 120	 999000	 999	 1.450344e+03	 350.00	 316.67	 21.00	 36	 0.61	 
BMI_bf_104	 2	 8	 110.tif	 1.451328e+03	 12	 999000	 120	 999000	 999	 1.452344e+03	 350.00	 316.67	 5.00	 40	 0.81	 
BMI_bf_104	 2	 8	 008.tif	 1.454328e+03	 24	 999000	 240	 999000	 999	 1.455344e+03	 350.00	 316.67	 34.00	 8	 0.48	 
BMI_bf_104	 2	 8	 013.tif	 1.457328e+03	 22	 9.157556e+02	 220	 3.594573e+02	 98	 1.458344e+03	 350.00	 333.33	 41.00	 13	 0.40	 
BMI_bf_104	 2	 8	 122.tif	 1.461328e+03	 11	 9.316216e+02	 110	 3.917007e+02	 98	 1.462344e+03	 366.67	 333.33	 14.00	 52	 0.67	 
BMI_bf_104	 2	 8	 006.tif	 1.463328e+03	 24	 999000	 240	 999000	 999	 1.464344e+03	 366.67	 333.33	 45.00	 6	 0.37	 
BMI_bf_104	 2	 8	 113.tif	 1.465327e+03	 12	 999000	 120	 999000	 999	 1.466344e+03	 366.67	 333.33	 4.00	 43	 0.82	 
BMI_bf_104	 2	 8	 028.tif	 1.468327e+03	 24	 999000	 240	 999000	 999	 1.469344e+03	 366.67	 333.33	 39.00	 28	 0.41	 
BMI_bf_104	 2	 8	 020.tif	 1.471327e+03	 24	 999000	 240	 999000	 999	 1.472344e+03	 366.67	 333.33	 56.00	 20	 0.19	 
BMI_bf_104	 2	 8	 130.tif	 1.473327e+03	 11	 1.051299e+03	 1100	 4.087708e+02	 98	 1.474344e+03	 316.67	 333.33	 17.00	 60	 0.64	 
BMI_bf_104	 2	 8	 022.tif	 1.475327e+03	 12	 999000	 120	 999000	 999	 1.476344e+03	 316.67	 333.33	 13.00	 22	 0.69	 
BMI_bf_104	 2	 8	 114.tif	 1.477327e+03	 22	 1.019078e+03	 2200	 3.757046e+02	 98	 1.478344e+03	 316.67	 283.33	 46.00	 44	 0.34	 
BMI_bf_104	 2	 8	 128.tif	 1.482327e+03	 12	 999000	 120	 999000	 999	 1.483343e+03	 316.67	 283.33	 29.00	 58	 0.53	 
BMI_bf_104	 2	 8	 104.tif	 1.484327e+03	 12	 999000	 120	 999000	 999	 1.485343e+03	 316.67	 283.33	 20.00	 34	 0.62	 
BMI_bf_104	 2	 8	 027.tif	 1.486327e+03	 11	 9.387623e+02	 110	 3.582417e+02	 98	 1.487343e+03	 333.33	 283.33	 11.00	 27	 0.70	 
BMI_bf_104	 2	 8	 123.tif	 1.488327e+03	 12	 999000	 120	 999000	 999	 1.489343e+03	 333.33	 283.33	 27.00	 53	 0.54	 
BMI_bf_104	 2	 8	 107.tif	 1.495327e+03	 24	 999000	 240	 999000	 999	 1.496343e+03	 333.33	 283.33	 59.00	 37	 0.08	 
BMI_bf_104	 2	 8	 004.tif	 1.497326e+03	 12	 999000	 120	 999000	 999	 1.498343e+03	 333.33	 283.33	 6.00	 4	 0.75	 
BMI_bf_104	 2	 8	 120.tif	 1.504326e+03	 24	 999000	 240	 999000	 999	 1.505343e+03	 333.33	 283.33	 37.00	 50	 0.45	 
BMI_bf_104	 2	 8	 026.tif	 1.507326e+03	 24	 999000	 240	 999000	 999	 1.508343e+03	 333.33	 283.33	 32.00	 26	 0.49	 
BMI_bf_104	 2	 8	 118.tif	 1.510326e+03	 12	 999000	 120	 999000	 999	 1.511342e+03	 333.33	 283.33	 10.00	 48	 0.70	 
BMI_bf_104	 2	 8	 023.tif	 1.516326e+03	 11	 9.697470e+02	 110	 3.754290e+02	 98	 1.517342e+03	 350.00	 283.33	 26.00	 23	 0.56	 
BMI_bf_104	 2	 8	 119.tif	 1.518326e+03	 12	 999000	 120	 999000	 999	 1.519342e+03	 350.00	 283.33	 3.00	 49	 0.85	 
