subjectID	 order	 runNum	 itemName	 onsetTime	 shuff_trialType	 RT	 respInTime	 AudioTime	 response	 fixationTime	 ladder1	 ladder2	 bidIndex	 itemNameIndex	 bidValue	 
BMI_bf_108	 2	 5	 006.tif	 7.845319e+02	 24	 999000	 240	 999000	 999	 7.855486e+02	 416.67	 416.67	 60.00	 6	 0.10	 
BMI_bf_108	 2	 5	 101.tif	 7.865322e+02	 24	 999000	 240	 999000	 999	 7.875486e+02	 416.67	 416.67	 33.00	 31	 0.49	 
BMI_bf_108	 2	 5	 016.tif	 7.905321e+02	 22	 1.000994e+03	 2200	 4.578761e+02	 98	 7.915485e+02	 416.67	 366.67	 48.00	 16	 0.34	 
BMI_bf_108	 2	 5	 123.tif	 7.935321e+02	 22	 7.928690e+02	 220	 4.091361e+02	 98	 7.945485e+02	 416.67	 383.33	 35.00	 53	 0.46	 
BMI_bf_108	 2	 5	 109.tif	 7.955321e+02	 24	 999000	 240	 999000	 999	 7.965485e+02	 416.67	 383.33	 34.00	 39	 0.48	 
BMI_bf_108	 2	 5	 121.tif	 7.985320e+02	 12	 999000	 120	 999000	 999	 7.995484e+02	 416.67	 383.33	 30.00	 51	 0.51	 
BMI_bf_108	 2	 5	 019.tif	 8.025320e+02	 24	 999000	 240	 999000	 999	 8.035483e+02	 416.67	 383.33	 50.00	 19	 0.28	 
BMI_bf_108	 2	 5	 125.tif	 8.065319e+02	 24	 999000	 240	 999000	 999	 8.075483e+02	 416.67	 383.33	 59.00	 55	 0.11	 
BMI_bf_108	 2	 5	 122.tif	 8.085319e+02	 24	 999000	 240	 999000	 999	 8.095483e+02	 416.67	 383.33	 32.00	 52	 0.49	 
BMI_bf_108	 2	 5	 106.tif	 8.135318e+02	 11	 9.521680e+02	 110	 4.597199e+02	 98	 8.145483e+02	 433.33	 383.33	 8.00	 36	 0.72	 
BMI_bf_108	 2	 5	 025.tif	 8.155316e+02	 24	 999000	 240	 999000	 999	 8.165482e+02	 433.33	 383.33	 39.00	 25	 0.44	 
BMI_bf_108	 2	 5	 104.tif	 8.175318e+02	 11	 9.999964e+02	 110	 4.757779e+02	 98	 8.185482e+02	 450.00	 383.33	 23.00	 34	 0.58	 
BMI_bf_108	 2	 5	 007.tif	 8.235317e+02	 11	 7.198197e+02	 110	 4.910514e+02	 98	 8.245481e+02	 466.67	 383.33	 19.00	 7	 0.62	 
BMI_bf_108	 2	 5	 103.tif	 8.255317e+02	 24	 999000	 240	 999000	 999	 8.265481e+02	 466.67	 383.33	 42.00	 33	 0.41	 
BMI_bf_108	 2	 5	 010.tif	 8.275317e+02	 24	 999000	 240	 999000	 999	 8.285480e+02	 466.67	 383.33	 47.00	 10	 0.35	 
BMI_bf_108	 2	 5	 001.tif	 8.295317e+02	 24	 999000	 240	 999000	 999	 8.305480e+02	 466.67	 383.33	 52.00	 1	 0.24	 
BMI_bf_108	 2	 5	 117.tif	 8.335316e+02	 22	 8.954619e+02	 220	 4.259461e+02	 98	 8.345480e+02	 466.67	 400.00	 49.00	 47	 0.34	 
BMI_bf_108	 2	 5	 114.tif	 8.375316e+02	 24	 999000	 240	 999000	 999	 8.385479e+02	 466.67	 400.00	 31.00	 44	 0.51	 
BMI_bf_108	 2	 5	 002.tif	 8.405315e+02	 12	 999000	 120	 999000	 999	 8.415479e+02	 466.67	 400.00	 2.00	 2	 0.82	 
BMI_bf_108	 2	 5	 116.tif	 8.445315e+02	 24	 999000	 240	 999000	 999	 8.455478e+02	 466.67	 400.00	 45.00	 46	 0.36	 
BMI_bf_108	 2	 5	 102.tif	 8.475315e+02	 12	 999000	 120	 999000	 999	 8.485478e+02	 466.67	 400.00	 13.00	 32	 0.68	 
BMI_bf_108	 2	 5	 128.tif	 8.495314e+02	 22	 9.189100e+02	 220	 4.414791e+02	 98	 8.505478e+02	 466.67	 416.67	 38.00	 58	 0.44	 
BMI_bf_108	 2	 5	 021.tif	 8.535313e+02	 22	 9.427808e+02	 220	 4.595140e+02	 98	 8.545477e+02	 466.67	 433.33	 54.00	 21	 0.22	 
BMI_bf_108	 2	 5	 022.tif	 8.555311e+02	 22	 1.022938e+03	 2200	 4.757915e+02	 98	 8.565477e+02	 466.67	 383.33	 51.00	 22	 0.25	 
BMI_bf_108	 2	 5	 004.tif	 8.575313e+02	 11	 9.906807e+02	 110	 5.097854e+02	 98	 8.585476e+02	 483.33	 383.33	 17.00	 4	 0.63	 
BMI_bf_108	 2	 5	 017.tif	 8.615312e+02	 11	 1.022495e+03	 1100	 5.260417e+02	 98	 8.625476e+02	 433.33	 383.33	 11.00	 17	 0.70	 
BMI_bf_108	 2	 5	 107.tif	 8.635312e+02	 24	 999000	 240	 999000	 999	 8.645476e+02	 433.33	 383.33	 57.00	 37	 0.19	 
BMI_bf_108	 2	 5	 005.tif	 8.675312e+02	 24	 999000	 240	 999000	 999	 8.685475e+02	 433.33	 383.33	 53.00	 5	 0.22	 
BMI_bf_108	 2	 5	 026.tif	 8.715311e+02	 22	 9.181457e+02	 220	 4.266576e+02	 98	 8.725475e+02	 433.33	 400.00	 40.00	 26	 0.42	 
BMI_bf_108	 2	 5	 108.tif	 8.745311e+02	 24	 999000	 240	 999000	 999	 8.755475e+02	 433.33	 400.00	 37.00	 38	 0.45	 
BMI_bf_108	 2	 5	 113.tif	 8.805310e+02	 12	 999000	 120	 999000	 999	 8.815473e+02	 433.33	 400.00	 25.00	 43	 0.57	 
BMI_bf_108	 2	 5	 012.tif	 8.825310e+02	 12	 999000	 120	 999000	 999	 8.835473e+02	 433.33	 400.00	 15.00	 12	 0.65	 
BMI_bf_108	 2	 5	 024.tif	 8.865309e+02	 12	 999000	 120	 999000	 999	 8.875473e+02	 433.33	 400.00	 6.00	 24	 0.76	 
BMI_bf_108	 2	 5	 129.tif	 8.885309e+02	 12	 999000	 120	 999000	 999	 8.895473e+02	 433.33	 400.00	 10.00	 59	 0.70	 
BMI_bf_108	 2	 5	 119.tif	 8.905309e+02	 11	 9.414704e+02	 110	 4.749731e+02	 98	 8.915472e+02	 450.00	 400.00	 22.00	 49	 0.59	 
BMI_bf_108	 2	 5	 115.tif	 8.925306e+02	 11	 9.656315e+02	 110	 4.925175e+02	 98	 8.935473e+02	 466.67	 400.00	 26.00	 45	 0.56	 
BMI_bf_108	 2	 5	 126.tif	 8.975308e+02	 11	 9.732384e+02	 110	 5.086519e+02	 98	 8.985472e+02	 483.33	 400.00	 14.00	 56	 0.68	 
BMI_bf_108	 2	 5	 023.tif	 8.995308e+02	 11	 1.013141e+03	 1100	 5.241856e+02	 98	 9.005471e+02	 433.33	 400.00	 16.00	 23	 0.64	 
BMI_bf_108	 2	 5	 124.tif	 9.015307e+02	 12	 999000	 120	 999000	 999	 9.025471e+02	 433.33	 400.00	 12.00	 54	 0.70	 
BMI_bf_108	 2	 5	 011.tif	 9.045307e+02	 12	 999000	 120	 999000	 999	 9.055471e+02	 433.33	 400.00	 7.00	 11	 0.73	 
BMI_bf_108	 2	 5	 018.tif	 9.075307e+02	 24	 999000	 240	 999000	 999	 9.085470e+02	 433.33	 400.00	 58.00	 18	 0.18	 
BMI_bf_108	 2	 5	 112.tif	 9.115306e+02	 12	 999000	 120	 999000	 999	 9.125470e+02	 433.33	 400.00	 18.00	 42	 0.62	 
BMI_bf_108	 2	 5	 020.tif	 9.135306e+02	 11	 9.486583e+02	 110	 4.754673e+02	 98	 9.145469e+02	 450.00	 400.00	 9.00	 20	 0.71	 
BMI_bf_108	 2	 5	 013.tif	 9.155305e+02	 24	 999000	 240	 999000	 999	 9.165469e+02	 450.00	 400.00	 44.00	 13	 0.37	 
BMI_bf_108	 2	 5	 118.tif	 9.185305e+02	 12	 999000	 120	 999000	 999	 9.195469e+02	 450.00	 400.00	 20.00	 48	 0.61	 
BMI_bf_108	 2	 5	 130.tif	 9.215305e+02	 12	 999000	 120	 999000	 999	 9.225469e+02	 450.00	 400.00	 4.00	 60	 0.77	 
BMI_bf_108	 2	 5	 030.tif	 9.235305e+02	 24	 999000	 240	 999000	 999	 9.245468e+02	 450.00	 400.00	 36.00	 30	 0.46	 
BMI_bf_108	 2	 5	 008.tif	 9.255304e+02	 12	 999000	 120	 999000	 999	 9.265468e+02	 450.00	 400.00	 1.00	 8	 0.93	 
BMI_bf_108	 2	 5	 009.tif	 9.275305e+02	 12	 999000	 120	 999000	 999	 9.285468e+02	 450.00	 400.00	 28.00	 9	 0.53	 
BMI_bf_108	 2	 5	 111.tif	 9.325304e+02	 22	 9.399551e+02	 220	 4.424973e+02	 98	 9.335468e+02	 450.00	 416.67	 41.00	 41	 0.42	 
BMI_bf_108	 2	 5	 105.tif	 9.345302e+02	 24	 999000	 240	 999000	 999	 9.355467e+02	 450.00	 416.67	 56.00	 35	 0.20	 
BMI_bf_108	 2	 5	 027.tif	 9.365303e+02	 24	 999000	 240	 999000	 999	 9.375467e+02	 450.00	 416.67	 55.00	 27	 0.21	 
BMI_bf_108	 2	 5	 015.tif	 9.385303e+02	 22	 1.083797e+03	 2200	 4.591086e+02	 98	 9.395466e+02	 450.00	 366.67	 43.00	 15	 0.37	 
BMI_bf_108	 2	 5	 028.tif	 9.455302e+02	 12	 999000	 120	 999000	 999	 9.465466e+02	 450.00	 366.67	 24.00	 28	 0.58	 
BMI_bf_108	 2	 5	 120.tif	 9.475302e+02	 12	 999000	 120	 999000	 999	 9.485465e+02	 450.00	 366.67	 29.00	 50	 0.52	 
BMI_bf_108	 2	 5	 014.tif	 9.545301e+02	 12	 999000	 120	 999000	 999	 9.555464e+02	 450.00	 366.67	 3.00	 14	 0.81	 
BMI_bf_108	 2	 5	 029.tif	 9.575300e+02	 12	 999000	 120	 999000	 999	 9.585464e+02	 450.00	 366.67	 5.00	 29	 0.76	 
BMI_bf_108	 2	 5	 110.tif	 9.605300e+02	 22	 9.229990e+02	 220	 4.095808e+02	 98	 9.615464e+02	 450.00	 383.33	 46.00	 40	 0.35	 
BMI_bf_108	 2	 5	 127.tif	 9.665299e+02	 12	 999000	 120	 999000	 999	 9.675463e+02	 450.00	 383.33	 27.00	 57	 0.55	 
BMI_bf_108	 2	 5	 003.tif	 9.685299e+02	 12	 999000	 120	 999000	 999	 9.695463e+02	 450.00	 383.33	 21.00	 3	 0.60	 
