subjectID	 order	 runNum	 itemName	 onsetTime	 shuff_trialType	 RT	 respInTime	 AudioTime	 response	 fixationTime	 ladder1	 ladder2	 bidIndex	 itemNameIndex	 bidValue	 
BMI_bf_118	 2	 3	 112.tif	 3.999461e+02	 12	 999000	 120	 999000	 999	 4.009628e+02	 350.00	 350.00	 10.00	 42	 0.72	 
BMI_bf_118	 2	 3	 024.tif	 4.019464e+02	 22	 8.919827e+02	 220	 3.905211e+02	 98	 4.029627e+02	 350.00	 366.67	 38.00	 24	 0.39	 
BMI_bf_118	 2	 3	 021.tif	 4.059463e+02	 12	 999000	 120	 999000	 999	 4.069627e+02	 350.00	 366.67	 29.00	 21	 0.49	 
BMI_bf_118	 2	 3	 115.tif	 4.089462e+02	 22	 9.637906e+02	 220	 4.083929e+02	 98	 4.099626e+02	 350.00	 383.33	 40.00	 45	 0.38	 
BMI_bf_118	 2	 3	 105.tif	 4.109462e+02	 24	 999000	 240	 999000	 999	 4.119626e+02	 350.00	 383.33	 57.00	 35	 0.22	 
BMI_bf_118	 2	 3	 101.tif	 4.139462e+02	 11	 9.235954e+02	 110	 3.904191e+02	 98	 4.149625e+02	 366.67	 383.33	 14.00	 31	 0.70	 
BMI_bf_118	 2	 3	 028.tif	 4.179461e+02	 24	 999000	 240	 999000	 999	 4.189625e+02	 366.67	 383.33	 37.00	 28	 0.39	 
BMI_bf_118	 2	 3	 117.tif	 4.219461e+02	 11	 9.312828e+02	 110	 4.097495e+02	 98	 4.229624e+02	 383.33	 383.33	 11.00	 47	 0.72	 
BMI_bf_118	 2	 3	 103.tif	 4.239460e+02	 11	 1.075269e+03	 1100	 4.251292e+02	 98	 4.249624e+02	 333.33	 383.33	 8.00	 33	 0.74	 
BMI_bf_118	 2	 3	 108.tif	 4.289461e+02	 12	 999000	 120	 999000	 999	 4.299623e+02	 333.33	 383.33	 1.00	 38	 0.87	 
BMI_bf_118	 2	 3	 116.tif	 4.309459e+02	 12	 999000	 120	 999000	 999	 4.319623e+02	 333.33	 383.33	 15.00	 46	 0.70	 
BMI_bf_118	 2	 3	 006.tif	 4.329459e+02	 24	 999000	 240	 999000	 999	 4.339622e+02	 333.33	 383.33	 47.00	 6	 0.35	 
BMI_bf_118	 2	 3	 129.tif	 4.389458e+02	 12	 999000	 120	 999000	 999	 4.399621e+02	 333.33	 383.33	 5.00	 59	 0.79	 
BMI_bf_118	 2	 3	 126.tif	 4.409457e+02	 12	 999000	 120	 999000	 999	 4.419621e+02	 333.33	 383.33	 25.00	 56	 0.54	 
BMI_bf_118	 2	 3	 023.tif	 4.429457e+02	 22	 9.065661e+02	 220	 4.254537e+02	 98	 4.439622e+02	 333.33	 400.00	 35.00	 23	 0.43	 
BMI_bf_118	 2	 3	 003.tif	 4.449454e+02	 22	 9.787561e+02	 220	 4.409118e+02	 98	 4.459621e+02	 333.33	 416.67	 46.00	 3	 0.35	 
BMI_bf_118	 2	 3	 107.tif	 4.489456e+02	 12	 999000	 120	 999000	 999	 4.499620e+02	 333.33	 416.67	 21.00	 37	 0.62	 
BMI_bf_118	 2	 3	 011.tif	 4.529456e+02	 22	 9.941687e+02	 220	 4.582949e+02	 98	 4.539619e+02	 333.33	 433.33	 54.00	 11	 0.25	 
BMI_bf_118	 2	 3	 005.tif	 4.559455e+02	 12	 4.501698e+02	 12	 999000	 98	 4.569619e+02	 333.33	 433.33	 28.00	 5	 0.49	 
BMI_bf_118	 2	 3	 127.tif	 4.599455e+02	 12	 999000	 120	 999000	 999	 4.609618e+02	 333.33	 433.33	 18.00	 57	 0.64	 
BMI_bf_118	 2	 3	 009.tif	 4.629454e+02	 24	 999000	 240	 999000	 999	 4.639618e+02	 333.33	 433.33	 56.00	 9	 0.24	 
BMI_bf_118	 2	 3	 013.tif	 4.649454e+02	 11	 9.057538e+02	 110	 3.744532e+02	 98	 4.659617e+02	 350.00	 433.33	 26.00	 13	 0.50	 
BMI_bf_118	 2	 3	 020.tif	 4.689453e+02	 24	 999000	 240	 999000	 999	 4.699617e+02	 350.00	 433.33	 42.00	 20	 0.36	 
BMI_bf_118	 2	 3	 124.tif	 4.709453e+02	 12	 999000	 120	 999000	 999	 4.719616e+02	 350.00	 433.33	 13.00	 54	 0.71	 
BMI_bf_118	 2	 3	 029.tif	 4.729453e+02	 24	 999000	 240	 999000	 999	 4.739616e+02	 350.00	 433.33	 44.00	 29	 0.35	 
BMI_bf_118	 2	 3	 130.tif	 4.769452e+02	 11	 9.213719e+02	 110	 3.915683e+02	 98	 4.779615e+02	 366.67	 433.33	 23.00	 60	 0.57	 
BMI_bf_118	 2	 3	 113.tif	 4.789452e+02	 11	 9.372569e+02	 110	 4.080485e+02	 98	 4.799615e+02	 383.33	 433.33	 22.00	 43	 0.58	 
BMI_bf_118	 2	 3	 022.tif	 4.829451e+02	 24	 999000	 240	 999000	 999	 4.839614e+02	 383.33	 433.33	 58.00	 22	 0.21	 
BMI_bf_118	 2	 3	 030.tif	 4.869450e+02	 12	 999000	 120	 999000	 999	 4.879614e+02	 383.33	 433.33	 30.00	 30	 0.48	 
BMI_bf_118	 2	 3	 121.tif	 4.899450e+02	 11	 9.129024e+02	 110	 4.241056e+02	 98	 4.909613e+02	 400.00	 433.33	 17.00	 51	 0.66	 
BMI_bf_118	 2	 3	 017.tif	 4.959449e+02	 11	 9.366894e+02	 110	 4.402891e+02	 98	 4.969613e+02	 416.67	 433.33	 19.00	 17	 0.63	 
BMI_bf_118	 2	 3	 012.tif	 4.979447e+02	 22	 1.024792e+03	 2200	 4.746143e+02	 98	 4.989613e+02	 416.67	 383.33	 43.00	 12	 0.36	 
BMI_bf_118	 2	 3	 128.tif	 5.019448e+02	 12	 999000	 120	 999000	 999	 5.029612e+02	 416.67	 383.33	 2.00	 58	 0.84	 
BMI_bf_118	 2	 3	 019.tif	 5.039448e+02	 22	 -3.832560e+02	 22	 4.250818e+02	 98	 5.049611e+02	 416.67	 400.00	 51.00	 19	 0.29	 
BMI_bf_118	 2	 3	 026.tif	 5.059448e+02	 24	 -1.031549e+03	 24	 999000	 98	 5.069611e+02	 416.67	 400.00	 59.00	 26	 0.19	 
BMI_bf_118	 2	 3	 015.tif	 5.079447e+02	 24	 999000	 240	 999000	 999	 5.089611e+02	 416.67	 400.00	 50.00	 15	 0.30	 
BMI_bf_118	 2	 3	 119.tif	 5.129446e+02	 12	 3.921439e+02	 12	 999000	 98	 5.139610e+02	 416.67	 400.00	 20.00	 49	 0.63	 
BMI_bf_118	 2	 3	 122.tif	 5.149446e+02	 12	 999000	 120	 999000	 999	 5.159609e+02	 416.67	 400.00	 4.00	 52	 0.81	 
BMI_bf_118	 2	 3	 104.tif	 5.169446e+02	 12	 999000	 120	 999000	 999	 5.179609e+02	 416.67	 400.00	 3.00	 34	 0.81	 
BMI_bf_118	 2	 3	 102.tif	 5.199445e+02	 11	 1.055907e+03	 1100	 4.582608e+02	 98	 5.209609e+02	 366.67	 400.00	 9.00	 32	 0.73	 
BMI_bf_118	 2	 3	 123.tif	 5.229445e+02	 12	 999000	 120	 999000	 999	 5.239608e+02	 366.67	 400.00	 27.00	 53	 0.49	 
BMI_bf_118	 2	 3	 007.tif	 5.269444e+02	 22	 1.015592e+03	 2200	 4.415714e+02	 98	 5.279608e+02	 366.67	 350.00	 48.00	 7	 0.34	 
BMI_bf_118	 2	 3	 114.tif	 5.289443e+02	 12	 999000	 120	 999000	 999	 5.299608e+02	 366.67	 350.00	 6.00	 44	 0.77	 
BMI_bf_118	 2	 3	 016.tif	 5.309444e+02	 24	 999000	 240	 999000	 999	 5.319607e+02	 366.67	 350.00	 55.00	 16	 0.25	 
BMI_bf_118	 2	 3	 004.tif	 5.339443e+02	 22	 9.273409e+02	 220	 3.913053e+02	 98	 5.349607e+02	 366.67	 366.67	 49.00	 4	 0.34	 
BMI_bf_118	 2	 3	 120.tif	 5.369443e+02	 24	 999000	 240	 999000	 999	 5.379606e+02	 366.67	 366.67	 60.00	 50	 0.18	 
BMI_bf_118	 2	 3	 008.tif	 5.389442e+02	 24	 999000	 240	 999000	 999	 5.399607e+02	 366.67	 366.67	 34.00	 8	 0.43	 
BMI_bf_118	 2	 3	 002.tif	 5.409442e+02	 24	 999000	 240	 999000	 999	 5.419606e+02	 366.67	 366.67	 52.00	 2	 0.29	 
BMI_bf_118	 2	 3	 010.tif	 5.429442e+02	 24	 999000	 240	 999000	 999	 5.439605e+02	 366.67	 366.67	 45.00	 10	 0.35	 
BMI_bf_118	 2	 3	 125.tif	 5.479441e+02	 12	 999000	 120	 999000	 999	 5.489604e+02	 366.67	 366.67	 7.00	 55	 0.77	 
BMI_bf_118	 2	 3	 118.tif	 5.499441e+02	 12	 999000	 120	 999000	 999	 5.509604e+02	 366.67	 366.67	 24.00	 48	 0.55	 
BMI_bf_118	 2	 3	 025.tif	 5.519441e+02	 24	 999000	 240	 999000	 999	 5.529604e+02	 366.67	 366.67	 39.00	 25	 0.39	 
BMI_bf_118	 2	 3	 027.tif	 5.539440e+02	 24	 999000	 240	 999000	 999	 5.549604e+02	 366.67	 366.67	 32.00	 27	 0.47	 
BMI_bf_118	 2	 3	 018.tif	 5.609439e+02	 22	 -4.732846e+02	 22	 4.074665e+02	 98	 5.619602e+02	 366.67	 383.33	 41.00	 18	 0.38	 
BMI_bf_118	 2	 3	 106.tif	 5.629439e+02	 24	 -9.454726e+02	 24	 999000	 98	 5.639602e+02	 366.67	 383.33	 33.00	 36	 0.44	 
BMI_bf_118	 2	 3	 111.tif	 5.699438e+02	 11	 1.038041e+03	 1100	 4.090199e+02	 98	 5.709601e+02	 316.67	 383.33	 16.00	 41	 0.70	 
BMI_bf_118	 2	 3	 014.tif	 5.729437e+02	 24	 999000	 240	 999000	 999	 5.739601e+02	 316.67	 383.33	 31.00	 14	 0.47	 
BMI_bf_118	 2	 3	 109.tif	 5.759437e+02	 24	 999000	 240	 999000	 999	 5.769600e+02	 316.67	 383.33	 36.00	 39	 0.42	 
BMI_bf_118	 2	 3	 001.tif	 5.819436e+02	 24	 999000	 240	 999000	 999	 5.829599e+02	 316.67	 383.33	 53.00	 1	 0.26	 
BMI_bf_118	 2	 3	 110.tif	 5.839436e+02	 12	 999000	 120	 999000	 999	 5.849599e+02	 316.67	 383.33	 12.00	 40	 0.71	 
