subjectID	 order	 runNum	 itemName	 onsetTime	 shuff_trialType	 RT	 respInTime	 AudioTime	 response	 fixationTime	 ladder1	 ladder2	 bidIndex	 itemNameIndex	 bidValue	 
BMI_bf_114	 2	 3	 112.tif	 3.891546e+02	 24	 999000	 240	 999000	 999	 3.901712e+02	 350.00	 350.00	 56.00	 42	 0.19	 
BMI_bf_114	 2	 3	 129.tif	 3.921548e+02	 11	 9.509401e+02	 110	 3.918193e+02	 98	 3.931711e+02	 366.67	 350.00	 26.00	 59	 0.57	 
BMI_bf_114	 2	 3	 022.tif	 3.941547e+02	 24	 999000	 240	 999000	 999	 3.951711e+02	 366.67	 350.00	 45.00	 22	 0.35	 
BMI_bf_114	 2	 3	 014.tif	 3.961547e+02	 24	 999000	 240	 999000	 999	 3.971710e+02	 366.67	 350.00	 36.00	 14	 0.48	 
BMI_bf_114	 2	 3	 119.tif	 3.981546e+02	 12	 999000	 120	 999000	 999	 3.991710e+02	 366.67	 350.00	 28.00	 49	 0.54	 
BMI_bf_114	 2	 3	 029.tif	 4.011545e+02	 12	 999000	 120	 999000	 999	 4.021708e+02	 366.67	 350.00	 29.00	 29	 0.54	 
BMI_bf_114	 2	 3	 027.tif	 4.031545e+02	 24	 999000	 240	 999000	 999	 4.041709e+02	 366.67	 350.00	 34.00	 27	 0.50	 
BMI_bf_114	 2	 3	 018.tif	 4.071544e+02	 24	 999000	 240	 999000	 999	 4.081707e+02	 366.67	 350.00	 47.00	 18	 0.32	 
BMI_bf_114	 2	 3	 116.tif	 4.091543e+02	 11	 9.422899e+02	 110	 4.093094e+02	 98	 4.101707e+02	 383.33	 350.00	 23.00	 46	 0.60	 
BMI_bf_114	 2	 3	 023.tif	 4.141542e+02	 24	 999000	 240	 999000	 999	 4.151705e+02	 383.33	 350.00	 57.00	 23	 0.16	 
BMI_bf_114	 2	 3	 001.tif	 4.161541e+02	 24	 4.700830e+02	 24	 999000	 98	 4.171705e+02	 383.33	 350.00	 37.00	 1	 0.47	 
BMI_bf_114	 2	 3	 021.tif	 4.201540e+02	 24	 999000	 240	 999000	 999	 4.211703e+02	 383.33	 350.00	 44.00	 21	 0.36	 
BMI_bf_114	 2	 3	 017.tif	 4.221540e+02	 24	 999000	 240	 999000	 999	 4.231703e+02	 383.33	 350.00	 50.00	 17	 0.29	 
BMI_bf_114	 2	 3	 026.tif	 4.251539e+02	 24	 999000	 240	 999000	 999	 4.261702e+02	 383.33	 350.00	 58.00	 26	 0.16	 
BMI_bf_114	 2	 3	 124.tif	 4.301538e+02	 12	 999000	 120	 999000	 999	 4.311701e+02	 383.33	 350.00	 6.00	 54	 0.73	 
BMI_bf_114	 2	 3	 107.tif	 4.321537e+02	 24	 999000	 240	 999000	 999	 4.331700e+02	 383.33	 350.00	 53.00	 37	 0.26	 
BMI_bf_114	 2	 3	 128.tif	 4.341537e+02	 22	 9.414486e+02	 220	 3.935281e+02	 98	 4.351700e+02	 383.33	 366.67	 40.00	 58	 0.43	 
BMI_bf_114	 2	 3	 104.tif	 4.381535e+02	 22	 9.733112e+02	 220	 4.081533e+02	 98	 4.391699e+02	 383.33	 383.33	 38.00	 34	 0.46	 
BMI_bf_114	 2	 3	 015.tif	 4.421534e+02	 12	 999000	 120	 999000	 999	 4.431698e+02	 383.33	 383.33	 27.00	 15	 0.55	 
BMI_bf_114	 2	 3	 130.tif	 4.461533e+02	 12	 999000	 120	 999000	 999	 4.471696e+02	 383.33	 383.33	 15.00	 60	 0.69	 
BMI_bf_114	 2	 3	 118.tif	 4.481533e+02	 11	 9.169220e+02	 110	 4.263132e+02	 98	 4.491697e+02	 400.00	 383.33	 8.00	 48	 0.72	 
BMI_bf_114	 2	 3	 106.tif	 4.501532e+02	 12	 999000	 120	 999000	 999	 4.511695e+02	 400.00	 383.33	 10.00	 36	 0.71	 
BMI_bf_114	 2	 3	 020.tif	 4.521531e+02	 22	 1.044782e+03	 2200	 4.253029e+02	 98	 4.531696e+02	 400.00	 333.33	 49.00	 20	 0.29	 
BMI_bf_114	 2	 3	 019.tif	 4.541529e+02	 24	 999000	 240	 999000	 999	 4.551694e+02	 400.00	 333.33	 59.00	 19	 0.10	 
BMI_bf_114	 2	 3	 125.tif	 4.601529e+02	 22	 9.085012e+02	 220	 3.739601e+02	 98	 4.611693e+02	 400.00	 350.00	 41.00	 55	 0.41	 
BMI_bf_114	 2	 3	 009.tif	 4.631528e+02	 11	 1.036453e+03	 1100	 4.419924e+02	 98	 4.641692e+02	 350.00	 350.00	 19.00	 9	 0.64	 
BMI_bf_114	 2	 3	 028.tif	 4.651526e+02	 22	 9.325062e+02	 220	 3.919228e+02	 98	 4.661692e+02	 350.00	 366.67	 48.00	 28	 0.31	 
BMI_bf_114	 2	 3	 002.tif	 4.671528e+02	 22	 8.842505e+02	 220	 4.078034e+02	 98	 4.681691e+02	 350.00	 383.33	 54.00	 2	 0.21	 
BMI_bf_114	 2	 3	 025.tif	 4.701527e+02	 11	 9.321714e+02	 110	 3.921840e+02	 98	 4.711690e+02	 366.67	 383.33	 22.00	 25	 0.62	 
BMI_bf_114	 2	 3	 013.tif	 4.721526e+02	 12	 999000	 120	 999000	 999	 4.731689e+02	 366.67	 383.33	 30.00	 13	 0.53	 
BMI_bf_114	 2	 3	 127.tif	 4.741526e+02	 11	 9.320117e+02	 110	 4.093516e+02	 98	 4.751689e+02	 383.33	 383.33	 9.00	 57	 0.71	 
BMI_bf_114	 2	 3	 110.tif	 4.761525e+02	 12	 999000	 120	 999000	 999	 4.771688e+02	 383.33	 383.33	 18.00	 40	 0.64	 
BMI_bf_114	 2	 3	 016.tif	 4.791524e+02	 22	 9.958631e+02	 220	 4.259416e+02	 98	 4.801688e+02	 383.33	 400.00	 51.00	 16	 0.29	 
BMI_bf_114	 2	 3	 117.tif	 4.811522e+02	 24	 999000	 240	 999000	 999	 4.821687e+02	 383.33	 400.00	 42.00	 47	 0.39	 
BMI_bf_114	 2	 3	 008.tif	 4.831523e+02	 24	 999000	 240	 999000	 999	 4.841687e+02	 383.33	 400.00	 31.00	 8	 0.51	 
BMI_bf_114	 2	 3	 121.tif	 4.851523e+02	 12	 3.236683e+02	 12	 999000	 98	 4.861686e+02	 383.33	 400.00	 5.00	 51	 0.73	 
BMI_bf_114	 2	 3	 101.tif	 4.871522e+02	 12	 999000	 120	 999000	 999	 4.881686e+02	 383.33	 400.00	 24.00	 31	 0.58	 
BMI_bf_114	 2	 3	 109.tif	 4.931520e+02	 12	 999000	 120	 999000	 999	 4.941684e+02	 383.33	 400.00	 12.00	 39	 0.70	 
BMI_bf_114	 2	 3	 006.tif	 4.961520e+02	 24	 999000	 240	 999000	 999	 4.971683e+02	 383.33	 400.00	 55.00	 6	 0.20	 
BMI_bf_114	 2	 3	 010.tif	 5.001519e+02	 12	 999000	 120	 999000	 999	 5.011682e+02	 383.33	 400.00	 3.00	 10	 0.78	 
BMI_bf_114	 2	 3	 120.tif	 5.061517e+02	 24	 999000	 240	 999000	 999	 5.071680e+02	 383.33	 400.00	 32.00	 50	 0.51	 
BMI_bf_114	 2	 3	 103.tif	 5.081516e+02	 12	 999000	 120	 999000	 999	 5.091680e+02	 383.33	 400.00	 4.00	 33	 0.75	 
BMI_bf_114	 2	 3	 012.tif	 5.131515e+02	 24	 999000	 240	 999000	 999	 5.141678e+02	 383.33	 400.00	 52.00	 12	 0.27	 
BMI_bf_114	 2	 3	 024.tif	 5.161514e+02	 12	 999000	 120	 999000	 999	 5.171677e+02	 383.33	 400.00	 21.00	 24	 0.63	 
BMI_bf_114	 2	 3	 108.tif	 5.181514e+02	 11	 9.464742e+02	 110	 4.249101e+02	 98	 5.191677e+02	 400.00	 400.00	 16.00	 38	 0.66	 
BMI_bf_114	 2	 3	 011.tif	 5.211513e+02	 12	 5.784024e+02	 12	 999000	 98	 5.221676e+02	 400.00	 400.00	 20.00	 11	 0.64	 
BMI_bf_114	 2	 3	 004.tif	 5.231512e+02	 11	 1.066277e+03	 1100	 4.424693e+02	 98	 5.241676e+02	 350.00	 400.00	 17.00	 4	 0.65	 
BMI_bf_114	 2	 3	 122.tif	 5.271511e+02	 11	 9.861920e+02	 110	 3.916373e+02	 98	 5.281674e+02	 366.67	 400.00	 11.00	 52	 0.70	 
BMI_bf_114	 2	 3	 111.tif	 5.311510e+02	 11	 9.140127e+02	 110	 4.080866e+02	 98	 5.321674e+02	 383.33	 400.00	 14.00	 41	 0.69	 
BMI_bf_114	 2	 3	 102.tif	 5.331509e+02	 12	 999000	 120	 999000	 999	 5.341672e+02	 383.33	 400.00	 2.00	 32	 0.78	 
BMI_bf_114	 2	 3	 003.tif	 5.401673e+02	 24	 3.532640e+02	 24	 999000	 98	 5.411838e+02	 383.33	 400.00	 60.00	 3	 0.08	 
BMI_bf_114	 2	 3	 115.tif	 5.421674e+02	 12	 999000	 120	 999000	 999	 5.431837e+02	 383.33	 400.00	 1.00	 45	 0.81	 
BMI_bf_114	 2	 3	 123.tif	 5.451673e+02	 12	 999000	 120	 999000	 999	 5.461837e+02	 383.33	 400.00	 13.00	 53	 0.70	 
BMI_bf_114	 2	 3	 007.tif	 5.491670e+02	 24	 999000	 240	 999000	 999	 5.501835e+02	 383.33	 400.00	 33.00	 7	 0.51	 
BMI_bf_114	 2	 3	 105.tif	 5.531671e+02	 24	 999000	 240	 999000	 999	 5.541834e+02	 383.33	 400.00	 39.00	 35	 0.44	 
BMI_bf_114	 2	 3	 114.tif	 5.571670e+02	 22	 1.032447e+03	 2200	 4.420975e+02	 98	 5.581833e+02	 383.33	 350.00	 46.00	 44	 0.32	 
BMI_bf_114	 2	 3	 113.tif	 5.601669e+02	 12	 999000	 120	 999000	 999	 5.611832e+02	 383.33	 350.00	 7.00	 43	 0.72	 
BMI_bf_114	 2	 3	 126.tif	 5.621668e+02	 12	 999000	 120	 999000	 999	 5.631831e+02	 383.33	 350.00	 25.00	 56	 0.58	 
BMI_bf_114	 2	 3	 030.tif	 5.661667e+02	 22	 9.761444e+02	 220	 3.932063e+02	 98	 5.671831e+02	 383.33	 366.67	 35.00	 30	 0.48	 
BMI_bf_114	 2	 3	 005.tif	 5.731665e+02	 22	 3.519389e+02	 22	 4.093855e+02	 98	 5.741829e+02	 383.33	 383.33	 43.00	 5	 0.38	 
