subjectID	 order	 runNum	 itemName	 onsetTime	 shuff_trialType	 RT	 respInTime	 AudioTime	 response	 fixationTime	 ladder1	 ladder2	 bidIndex	 itemNameIndex	 bidValue	 
BMI_bf_121	 1	 3	 120.tif	 3.923375e+02	 22	 9.631168e+02	 220	 3.911611e+02	 98	 3.933541e+02	 350.00	 366.67	 37.00	 50	 0.43	 
BMI_bf_121	 1	 3	 114.tif	 3.953378e+02	 12	 999000	 120	 999000	 999	 3.963541e+02	 350.00	 366.67	 16.00	 44	 0.66	 
BMI_bf_121	 1	 3	 007.tif	 3.993377e+02	 22	 9.625043e+02	 220	 4.086256e+02	 98	 4.003540e+02	 350.00	 383.33	 44.00	 7	 0.30	 
BMI_bf_121	 1	 3	 008.tif	 4.013376e+02	 24	 999000	 240	 999000	 999	 4.023539e+02	 350.00	 383.33	 41.00	 8	 0.36	 
BMI_bf_121	 1	 3	 121.tif	 4.033374e+02	 12	 999000	 120	 999000	 999	 4.043539e+02	 350.00	 383.33	 5.00	 51	 0.84	 
BMI_bf_121	 1	 3	 130.tif	 4.073375e+02	 11	 9.782875e+02	 110	 3.919764e+02	 98	 4.083538e+02	 366.67	 383.33	 21.00	 60	 0.62	 
BMI_bf_121	 1	 3	 115.tif	 4.093374e+02	 12	 999000	 120	 999000	 999	 4.103537e+02	 366.67	 383.33	 1.00	 45	 0.90	 
BMI_bf_121	 1	 3	 105.tif	 4.143373e+02	 24	 999000	 240	 999000	 999	 4.153537e+02	 366.67	 383.33	 48.00	 35	 0.26	 
BMI_bf_121	 1	 3	 104.tif	 4.163373e+02	 12	 999000	 120	 999000	 999	 4.173536e+02	 366.67	 383.33	 17.00	 34	 0.63	 
BMI_bf_121	 1	 3	 024.tif	 4.193372e+02	 11	 1.001816e+03	 1100	 4.078673e+02	 98	 4.203536e+02	 316.67	 383.33	 24.00	 24	 0.59	 
BMI_bf_121	 1	 3	 012.tif	 4.223372e+02	 24	 999000	 240	 999000	 999	 4.233534e+02	 316.67	 383.33	 54.00	 12	 0.23	 
BMI_bf_121	 1	 3	 025.tif	 4.263371e+02	 24	 999000	 240	 999000	 999	 4.273534e+02	 316.67	 383.33	 32.00	 25	 0.49	 
BMI_bf_121	 1	 3	 129.tif	 4.293370e+02	 11	 9.454778e+02	 110	 3.591860e+02	 98	 4.303533e+02	 333.33	 383.33	 20.00	 59	 0.62	 
BMI_bf_121	 1	 3	 106.tif	 4.313370e+02	 24	 999000	 240	 999000	 999	 4.323533e+02	 333.33	 383.33	 38.00	 36	 0.42	 
BMI_bf_121	 1	 3	 124.tif	 4.343369e+02	 12	 999000	 120	 999000	 999	 4.353532e+02	 333.33	 383.33	 26.00	 54	 0.56	 
BMI_bf_121	 1	 3	 014.tif	 4.383368e+02	 22	 1.017180e+03	 2200	 4.258628e+02	 98	 4.393532e+02	 333.33	 333.33	 36.00	 14	 0.45	 
BMI_bf_121	 1	 3	 023.tif	 4.413368e+02	 22	 1.033053e+03	 2200	 3.747320e+02	 98	 4.423531e+02	 333.33	 283.33	 50.00	 23	 0.24	 
BMI_bf_121	 1	 3	 109.tif	 4.433367e+02	 12	 999000	 120	 999000	 999	 4.443530e+02	 333.33	 283.33	 27.00	 39	 0.56	 
BMI_bf_121	 1	 3	 110.tif	 4.453367e+02	 11	 9.049360e+02	 110	 3.743767e+02	 98	 4.463530e+02	 350.00	 283.33	 18.00	 40	 0.63	 
BMI_bf_121	 1	 3	 111.tif	 4.503366e+02	 12	 999000	 120	 999000	 999	 4.513529e+02	 350.00	 283.33	 6.00	 41	 0.82	 
BMI_bf_121	 1	 3	 117.tif	 4.543365e+02	 24	 999000	 240	 999000	 999	 4.553528e+02	 350.00	 283.33	 40.00	 47	 0.36	 
BMI_bf_121	 1	 3	 026.tif	 4.583364e+02	 22	 9.124734e+02	 220	 3.254198e+02	 98	 4.593527e+02	 350.00	 300.00	 45.00	 26	 0.29	 
BMI_bf_121	 1	 3	 122.tif	 4.643363e+02	 12	 999000	 120	 999000	 999	 4.653526e+02	 350.00	 300.00	 22.00	 52	 0.62	 
BMI_bf_121	 1	 3	 103.tif	 4.663362e+02	 12	 999000	 120	 999000	 999	 4.673525e+02	 350.00	 300.00	 14.00	 33	 0.72	 
BMI_bf_121	 1	 3	 013.tif	 4.683362e+02	 12	 999000	 120	 999000	 999	 4.693525e+02	 350.00	 300.00	 29.00	 13	 0.55	 
BMI_bf_121	 1	 3	 030.tif	 4.703361e+02	 24	 999000	 240	 999000	 999	 4.713525e+02	 350.00	 300.00	 59.00	 30	 0.13	 
BMI_bf_121	 1	 3	 015.tif	 4.723361e+02	 24	 999000	 240	 999000	 999	 4.733524e+02	 350.00	 300.00	 46.00	 15	 0.27	 
BMI_bf_121	 1	 3	 112.tif	 4.763360e+02	 24	 999000	 240	 999000	 999	 4.773523e+02	 350.00	 300.00	 60.00	 42	 0.11	 
BMI_bf_121	 1	 3	 123.tif	 4.783360e+02	 11	 9.117233e+02	 110	 3.916103e+02	 98	 4.793523e+02	 366.67	 300.00	 13.00	 53	 0.72	 
BMI_bf_121	 1	 3	 028.tif	 4.823359e+02	 24	 8.636384e+02	 24	 999000	 98	 4.833522e+02	 366.67	 300.00	 35.00	 28	 0.46	 
BMI_bf_121	 1	 3	 113.tif	 4.843358e+02	 12	 999000	 120	 999000	 999	 4.853522e+02	 366.67	 300.00	 2.00	 43	 0.87	 
BMI_bf_121	 1	 3	 107.tif	 4.863358e+02	 24	 999000	 240	 999000	 999	 4.873521e+02	 366.67	 300.00	 55.00	 37	 0.23	 
BMI_bf_121	 1	 3	 020.tif	 4.883357e+02	 24	 999000	 240	 999000	 999	 4.893521e+02	 366.67	 300.00	 49.00	 20	 0.25	 
BMI_bf_121	 1	 3	 009.tif	 4.933356e+02	 11	 9.432072e+02	 110	 4.094222e+02	 98	 4.943520e+02	 383.33	 300.00	 25.00	 9	 0.58	 
BMI_bf_121	 1	 3	 101.tif	 4.953356e+02	 12	 999000	 120	 999000	 999	 4.963519e+02	 383.33	 300.00	 23.00	 31	 0.61	 
BMI_bf_121	 1	 3	 006.tif	 4.973356e+02	 22	 9.830939e+02	 220	 3.425039e+02	 98	 4.983520e+02	 383.33	 316.67	 47.00	 6	 0.26	 
BMI_bf_121	 1	 3	 019.tif	 5.003355e+02	 22	 9.270054e+02	 220	 3.590704e+02	 98	 5.013518e+02	 383.33	 333.33	 52.00	 19	 0.23	 
BMI_bf_121	 1	 3	 016.tif	 5.073353e+02	 24	 999000	 240	 999000	 999	 5.083517e+02	 383.33	 333.33	 51.00	 16	 0.24	 
BMI_bf_121	 1	 3	 017.tif	 5.113353e+02	 24	 999000	 240	 999000	 999	 5.123515e+02	 383.33	 333.33	 56.00	 17	 0.19	 
BMI_bf_121	 1	 3	 001.tif	 5.183351e+02	 22	 9.182962e+02	 220	 3.758087e+02	 98	 5.193515e+02	 383.33	 350.00	 42.00	 1	 0.34	 
BMI_bf_121	 1	 3	 029.tif	 5.203350e+02	 24	 999000	 240	 999000	 999	 5.213514e+02	 383.33	 350.00	 43.00	 29	 0.30	 
BMI_bf_121	 1	 3	 018.tif	 5.243350e+02	 12	 999000	 120	 999000	 999	 5.253514e+02	 383.33	 350.00	 28.00	 18	 0.55	 
BMI_bf_121	 1	 3	 118.tif	 5.283349e+02	 12	 999000	 120	 999000	 999	 5.293512e+02	 383.33	 350.00	 19.00	 48	 0.62	 
BMI_bf_121	 1	 3	 011.tif	 5.303346e+02	 24	 999000	 240	 999000	 999	 5.313512e+02	 383.33	 350.00	 33.00	 11	 0.47	 
BMI_bf_121	 1	 3	 116.tif	 5.343348e+02	 12	 999000	 120	 999000	 999	 5.353511e+02	 383.33	 350.00	 4.00	 46	 0.85	 
BMI_bf_121	 1	 3	 005.tif	 5.363347e+02	 22	 1.037741e+03	 2200	 3.914065e+02	 98	 5.373511e+02	 383.33	 300.00	 39.00	 5	 0.41	 
BMI_bf_121	 1	 3	 004.tif	 5.383347e+02	 12	 999000	 120	 999000	 999	 5.393510e+02	 383.33	 300.00	 3.00	 4	 0.86	 
BMI_bf_121	 1	 3	 127.tif	 5.443345e+02	 11	 1.005400e+03	 1100	 4.250623e+02	 98	 5.453510e+02	 333.33	 300.00	 12.00	 57	 0.72	 
BMI_bf_121	 1	 3	 128.tif	 5.463343e+02	 12	 999000	 120	 999000	 999	 5.473508e+02	 333.33	 300.00	 8.00	 58	 0.79	 
BMI_bf_121	 1	 3	 022.tif	 5.493344e+02	 12	 999000	 120	 999000	 999	 5.503508e+02	 333.33	 300.00	 30.00	 22	 0.53	 
BMI_bf_121	 1	 3	 102.tif	 5.523344e+02	 11	 9.651510e+02	 110	 3.752958e+02	 98	 5.533507e+02	 350.00	 300.00	 7.00	 32	 0.81	 
BMI_bf_121	 1	 3	 010.tif	 5.543343e+02	 11	 1.005070e+03	 1100	 3.923190e+02	 98	 5.553507e+02	 300.00	 300.00	 15.00	 10	 0.66	 
BMI_bf_121	 1	 3	 002.tif	 5.563343e+02	 22	 8.850250e+02	 220	 3.415715e+02	 98	 5.573506e+02	 300.00	 316.67	 53.00	 2	 0.23	 
BMI_bf_121	 1	 3	 003.tif	 5.583342e+02	 24	 999000	 240	 999000	 999	 5.593506e+02	 300.00	 316.67	 58.00	 3	 0.14	 
BMI_bf_121	 1	 3	 027.tif	 5.643341e+02	 24	 999000	 240	 999000	 999	 5.653504e+02	 300.00	 316.67	 57.00	 27	 0.17	 
BMI_bf_121	 1	 3	 119.tif	 5.663341e+02	 11	 9.086863e+02	 110	 3.425079e+02	 98	 5.673504e+02	 316.67	 316.67	 10.00	 49	 0.75	 
BMI_bf_121	 1	 3	 125.tif	 5.683340e+02	 12	 999000	 120	 999000	 999	 5.693503e+02	 316.67	 316.67	 11.00	 55	 0.75	 
BMI_bf_121	 1	 3	 126.tif	 5.703340e+02	 24	 999000	 240	 999000	 999	 5.713503e+02	 316.67	 316.67	 31.00	 56	 0.51	 
BMI_bf_121	 1	 3	 108.tif	 5.733339e+02	 12	 999000	 120	 999000	 999	 5.743503e+02	 316.67	 316.67	 9.00	 38	 0.78	 
BMI_bf_121	 1	 3	 021.tif	 5.763338e+02	 24	 999000	 240	 999000	 999	 5.773502e+02	 316.67	 316.67	 34.00	 21	 0.47	 
