subjectID	 order	 runNum	 itemName	 onsetTime	 shuff_trialType	 RT	 respInTime	 AudioTime	 response	 fixationTime	 ladder1	 ladder2	 bidIndex	 itemNameIndex	 bidValue	 
BMI_bf_121	 1	 7	 006.tif	 1.187787e+03	 22	 8.123464e+02	 220	 2.593705e+02	 98	 1.188804e+03	 350.00	 233.33	 47.00	 6	 0.26	 
BMI_bf_121	 1	 7	 119.tif	 1.192787e+03	 11	 9.558743e+02	 110	 3.927763e+02	 98	 1.193804e+03	 366.67	 233.33	 10.00	 49	 0.75	 
BMI_bf_121	 1	 7	 109.tif	 1.194787e+03	 12	 999000	 120	 999000	 999	 1.195804e+03	 366.67	 233.33	 27.00	 39	 0.56	 
BMI_bf_121	 1	 7	 001.tif	 1.196787e+03	 22	 8.277033e+02	 220	 2.750574e+02	 98	 1.197804e+03	 366.67	 250.00	 42.00	 1	 0.34	 
BMI_bf_121	 1	 7	 116.tif	 1.202787e+03	 12	 999000	 120	 999000	 999	 1.203803e+03	 366.67	 250.00	 4.00	 46	 0.85	 
BMI_bf_121	 1	 7	 017.tif	 1.204787e+03	 24	 999000	 240	 999000	 999	 1.205803e+03	 366.67	 250.00	 56.00	 17	 0.19	 
BMI_bf_121	 1	 7	 011.tif	 1.207787e+03	 24	 999000	 240	 999000	 999	 1.208803e+03	 366.67	 250.00	 33.00	 11	 0.47	 
BMI_bf_121	 1	 7	 106.tif	 1.209787e+03	 24	 999000	 240	 999000	 999	 1.210803e+03	 366.67	 250.00	 38.00	 36	 0.42	 
BMI_bf_121	 1	 7	 010.tif	 1.213787e+03	 11	 1.051151e+03	 1100	 4.097328e+02	 98	 1.214803e+03	 316.67	 250.00	 15.00	 10	 0.66	 
BMI_bf_121	 1	 7	 030.tif	 1.215787e+03	 24	 999000	 240	 999000	 999	 1.216803e+03	 316.67	 250.00	 59.00	 30	 0.13	 
BMI_bf_121	 1	 7	 117.tif	 1.220787e+03	 24	 999000	 240	 999000	 999	 1.221803e+03	 316.67	 250.00	 40.00	 47	 0.36	 
BMI_bf_121	 1	 7	 112.tif	 1.227787e+03	 24	 999000	 240	 999000	 999	 1.228803e+03	 316.67	 250.00	 60.00	 42	 0.11	 
BMI_bf_121	 1	 7	 022.tif	 1.229787e+03	 12	 999000	 120	 999000	 999	 1.230803e+03	 316.67	 250.00	 30.00	 22	 0.53	 
BMI_bf_121	 1	 7	 024.tif	 1.232786e+03	 11	 9.464612e+02	 110	 3.589325e+02	 98	 1.233803e+03	 333.33	 250.00	 24.00	 24	 0.59	 
BMI_bf_121	 1	 7	 123.tif	 1.235786e+03	 11	 1.106366e+03	 1100	 3.755062e+02	 98	 1.236803e+03	 283.33	 250.00	 13.00	 53	 0.72	 
BMI_bf_121	 1	 7	 110.tif	 1.239786e+03	 11	 9.222777e+02	 110	 3.243476e+02	 98	 1.240803e+03	 300.00	 250.00	 18.00	 40	 0.63	 
BMI_bf_121	 1	 7	 115.tif	 1.243786e+03	 12	 999000	 120	 999000	 999	 1.244803e+03	 300.00	 250.00	 1.00	 45	 0.90	 
BMI_bf_121	 1	 7	 020.tif	 1.247786e+03	 24	 999000	 240	 999000	 999	 1.248803e+03	 300.00	 250.00	 49.00	 20	 0.25	 
BMI_bf_121	 1	 7	 111.tif	 1.250786e+03	 12	 999000	 120	 999000	 999	 1.251802e+03	 300.00	 250.00	 6.00	 41	 0.82	 
BMI_bf_121	 1	 7	 029.tif	 1.256786e+03	 24	 999000	 240	 999000	 999	 1.257802e+03	 300.00	 250.00	 43.00	 29	 0.30	 
BMI_bf_121	 1	 7	 105.tif	 1.258786e+03	 24	 999000	 240	 999000	 999	 1.259802e+03	 300.00	 250.00	 48.00	 35	 0.26	 
BMI_bf_121	 1	 7	 028.tif	 1.261786e+03	 24	 999000	 240	 999000	 999	 1.262802e+03	 300.00	 250.00	 35.00	 28	 0.46	 
BMI_bf_121	 1	 7	 129.tif	 1.263786e+03	 11	 9.374161e+02	 110	 3.419564e+02	 98	 1.264802e+03	 316.67	 250.00	 20.00	 59	 0.62	 
BMI_bf_121	 1	 7	 130.tif	 1.265786e+03	 11	 9.773357e+02	 110	 3.593318e+02	 98	 1.266802e+03	 333.33	 250.00	 21.00	 60	 0.62	 
BMI_bf_121	 1	 7	 018.tif	 1.267786e+03	 12	 999000	 120	 999000	 999	 1.268802e+03	 333.33	 250.00	 28.00	 18	 0.55	 
BMI_bf_121	 1	 7	 019.tif	 1.270786e+03	 22	 9.451638e+02	 220	 2.928971e+02	 98	 1.271802e+03	 333.33	 266.67	 52.00	 19	 0.23	 
BMI_bf_121	 1	 7	 122.tif	 1.274786e+03	 12	 999000	 120	 999000	 999	 1.275802e+03	 333.33	 266.67	 22.00	 52	 0.62	 
BMI_bf_121	 1	 7	 101.tif	 1.276786e+03	 12	 999000	 120	 999000	 999	 1.277802e+03	 333.33	 266.67	 23.00	 31	 0.61	 
BMI_bf_121	 1	 7	 103.tif	 1.278786e+03	 12	 999000	 120	 999000	 999	 1.279802e+03	 333.33	 266.67	 14.00	 33	 0.72	 
BMI_bf_121	 1	 7	 127.tif	 1.280785e+03	 11	 9.447778e+02	 110	 3.760100e+02	 98	 1.281802e+03	 350.00	 266.67	 12.00	 57	 0.72	 
BMI_bf_121	 1	 7	 108.tif	 1.282785e+03	 12	 999000	 120	 999000	 999	 1.283802e+03	 350.00	 266.67	 9.00	 38	 0.78	 
BMI_bf_121	 1	 7	 013.tif	 1.284785e+03	 12	 999000	 120	 999000	 999	 1.285802e+03	 350.00	 266.67	 29.00	 13	 0.55	 
BMI_bf_121	 1	 7	 014.tif	 1.288785e+03	 22	 9.445179e+02	 220	 3.082233e+02	 98	 1.289802e+03	 350.00	 283.33	 36.00	 14	 0.45	 
BMI_bf_121	 1	 7	 125.tif	 1.292785e+03	 12	 999000	 120	 999000	 999	 1.293802e+03	 350.00	 283.33	 11.00	 55	 0.75	 
BMI_bf_121	 1	 7	 003.tif	 1.294785e+03	 24	 999000	 240	 999000	 999	 1.295801e+03	 350.00	 283.33	 58.00	 3	 0.14	 
BMI_bf_121	 1	 7	 007.tif	 1.296785e+03	 22	 8.882467e+02	 220	 3.257132e+02	 98	 1.297802e+03	 350.00	 300.00	 44.00	 7	 0.30	 
BMI_bf_121	 1	 7	 008.tif	 1.298785e+03	 24	 999000	 240	 999000	 999	 1.299801e+03	 350.00	 300.00	 41.00	 8	 0.36	 
BMI_bf_121	 1	 7	 015.tif	 1.300785e+03	 24	 999000	 240	 999000	 999	 1.301801e+03	 350.00	 300.00	 46.00	 15	 0.27	 
BMI_bf_121	 1	 7	 113.tif	 1.306785e+03	 12	 999000	 120	 999000	 999	 1.307801e+03	 350.00	 300.00	 2.00	 43	 0.87	 
BMI_bf_121	 1	 7	 126.tif	 1.308785e+03	 24	 999000	 240	 999000	 999	 1.309801e+03	 350.00	 300.00	 31.00	 56	 0.51	 
BMI_bf_121	 1	 7	 120.tif	 1.310785e+03	 22	 1.055734e+03	 2200	 3.424022e+02	 98	 1.311801e+03	 350.00	 250.00	 37.00	 50	 0.43	 
BMI_bf_121	 1	 7	 016.tif	 1.312785e+03	 24	 999000	 240	 999000	 999	 1.313801e+03	 350.00	 250.00	 51.00	 16	 0.24	 
BMI_bf_121	 1	 7	 027.tif	 1.315785e+03	 24	 999000	 240	 999000	 999	 1.316801e+03	 350.00	 250.00	 57.00	 27	 0.17	 
BMI_bf_121	 1	 7	 121.tif	 1.317785e+03	 12	 999000	 120	 999000	 999	 1.318801e+03	 350.00	 250.00	 5.00	 51	 0.84	 
BMI_bf_121	 1	 7	 004.tif	 1.324785e+03	 12	 999000	 120	 999000	 999	 1.325801e+03	 350.00	 250.00	 3.00	 4	 0.86	 
BMI_bf_121	 1	 7	 009.tif	 1.326785e+03	 11	 9.751654e+02	 110	 3.923694e+02	 98	 1.327801e+03	 366.67	 250.00	 25.00	 9	 0.58	 
BMI_bf_121	 1	 7	 104.tif	 1.330784e+03	 12	 999000	 120	 999000	 999	 1.331801e+03	 366.67	 250.00	 17.00	 34	 0.63	 
BMI_bf_121	 1	 7	 021.tif	 1.334784e+03	 24	 999000	 240	 999000	 999	 1.335801e+03	 366.67	 250.00	 34.00	 21	 0.47	 
BMI_bf_121	 1	 7	 107.tif	 1.337784e+03	 24	 999000	 240	 999000	 999	 1.338801e+03	 366.67	 250.00	 55.00	 37	 0.23	 
BMI_bf_121	 1	 7	 005.tif	 1.339784e+03	 22	 9.186708e+02	 220	 2.934966e+02	 98	 1.340801e+03	 366.67	 266.67	 39.00	 5	 0.41	 
BMI_bf_121	 1	 7	 012.tif	 1.343784e+03	 24	 999000	 240	 999000	 999	 1.344800e+03	 366.67	 266.67	 54.00	 12	 0.23	 
BMI_bf_121	 1	 7	 102.tif	 1.345784e+03	 11	 9.825062e+02	 110	 4.093492e+02	 98	 1.346800e+03	 383.33	 266.67	 7.00	 32	 0.81	 
BMI_bf_121	 1	 7	 023.tif	 1.348784e+03	 22	 9.024046e+02	 220	 3.086447e+02	 98	 1.349800e+03	 383.33	 283.33	 50.00	 23	 0.24	 
BMI_bf_121	 1	 7	 128.tif	 1.352784e+03	 12	 999000	 120	 999000	 999	 1.353800e+03	 383.33	 283.33	 8.00	 58	 0.79	 
BMI_bf_121	 1	 7	 026.tif	 1.354784e+03	 22	 8.861645e+02	 220	 3.247397e+02	 98	 1.355800e+03	 383.33	 300.00	 45.00	 26	 0.29	 
BMI_bf_121	 1	 7	 124.tif	 1.359800e+03	 12	 999000	 120	 999000	 999	 1.360817e+03	 383.33	 300.00	 26.00	 54	 0.56	 
BMI_bf_121	 1	 7	 025.tif	 1.361800e+03	 24	 999000	 240	 999000	 999	 1.362817e+03	 383.33	 300.00	 32.00	 25	 0.49	 
BMI_bf_121	 1	 7	 114.tif	 1.365784e+03	 12	 999000	 120	 999000	 999	 1.366800e+03	 383.33	 300.00	 16.00	 44	 0.66	 
BMI_bf_121	 1	 7	 118.tif	 1.368800e+03	 12	 999000	 120	 999000	 999	 1.369817e+03	 383.33	 300.00	 19.00	 48	 0.62	 
BMI_bf_121	 1	 7	 002.tif	 1.371800e+03	 22	 9.170716e+02	 220	 3.412681e+02	 98	 1.372817e+03	 383.33	 316.67	 53.00	 2	 0.23	 
