subjectID	 order	 runNum	 itemName	 onsetTime	 shuff_trialType	 RT	 respInTime	 AudioTime	 response	 fixationTime	 ladder1	 ladder2	 bidIndex	 itemNameIndex	 bidValue	 
BMI_bf_110	 2	 6	 010.tif	 9.593041e+02	 11	 9.325097e+02	 110	 4.367378e+02	 98	 9.603209e+02	 400.00	 383.33	 9.00	 10	 0.75	 
BMI_bf_110	 2	 6	 005.tif	 9.623044e+02	 24	 999000	 240	 999000	 999	 9.633208e+02	 400.00	 383.33	 44.00	 5	 0.32	 
BMI_bf_110	 2	 6	 126.tif	 9.663044e+02	 12	 999000	 120	 999000	 999	 9.673208e+02	 400.00	 383.33	 15.00	 56	 0.71	 
BMI_bf_110	 2	 6	 012.tif	 9.683044e+02	 24	 999000	 240	 999000	 999	 9.693207e+02	 400.00	 383.33	 59.00	 12	 0.08	 
BMI_bf_110	 2	 6	 027.tif	 9.703043e+02	 24	 999000	 240	 999000	 999	 9.713207e+02	 400.00	 383.33	 36.00	 27	 0.43	 
BMI_bf_110	 2	 6	 123.tif	 9.743043e+02	 12	 999000	 120	 999000	 999	 9.753206e+02	 400.00	 383.33	 4.00	 53	 0.89	 
BMI_bf_110	 2	 6	 023.tif	 9.763042e+02	 22	 9.636308e+02	 220	 4.262431e+02	 98	 9.773206e+02	 400.00	 400.00	 46.00	 23	 0.29	 
BMI_bf_110	 2	 6	 108.tif	 9.813042e+02	 12	 999000	 120	 999000	 999	 9.823205e+02	 400.00	 400.00	 25.00	 38	 0.59	 
BMI_bf_110	 2	 6	 011.tif	 9.833042e+02	 12	 999000	 120	 999000	 999	 9.843205e+02	 400.00	 400.00	 13.00	 11	 0.72	 
BMI_bf_110	 2	 6	 003.tif	 9.863041e+02	 24	 999000	 240	 999000	 999	 9.873205e+02	 400.00	 400.00	 55.00	 3	 0.16	 
BMI_bf_110	 2	 6	 009.tif	 9.893041e+02	 12	 999000	 120	 999000	 999	 9.903204e+02	 400.00	 400.00	 24.00	 9	 0.60	 
BMI_bf_110	 2	 6	 019.tif	 9.933040e+02	 22	 1.043029e+03	 2200	 4.416473e+02	 98	 9.943204e+02	 400.00	 350.00	 38.00	 19	 0.40	 
BMI_bf_110	 2	 6	 124.tif	 9.963040e+02	 12	 999000	 120	 999000	 999	 9.973204e+02	 400.00	 350.00	 7.00	 54	 0.78	 
BMI_bf_110	 2	 6	 116.tif	 9.983040e+02	 12	 999000	 120	 999000	 999	 9.993203e+02	 400.00	 350.00	 12.00	 46	 0.73	 
BMI_bf_110	 2	 6	 120.tif	 1.001304e+03	 24	 999000	 240	 999000	 999	 1.002320e+03	 400.00	 350.00	 53.00	 50	 0.21	 
BMI_bf_110	 2	 6	 115.tif	 1.005304e+03	 11	 9.865259e+02	 110	 4.423760e+02	 98	 1.006320e+03	 416.67	 350.00	 22.00	 45	 0.64	 
BMI_bf_110	 2	 6	 103.tif	 1.008304e+03	 22	 9.864619e+02	 220	 3.931442e+02	 98	 1.009320e+03	 416.67	 366.67	 35.00	 33	 0.46	 
BMI_bf_110	 2	 6	 026.tif	 1.010304e+03	 24	 999000	 240	 999000	 999	 1.011320e+03	 416.67	 366.67	 60.00	 26	 0.08	 
BMI_bf_110	 2	 6	 104.tif	 1.012304e+03	 11	 1.026277e+03	 1100	 4.596502e+02	 98	 1.013320e+03	 366.67	 366.67	 23.00	 34	 0.64	 
BMI_bf_110	 2	 6	 025.tif	 1.017304e+03	 24	 999000	 240	 999000	 999	 1.018320e+03	 366.67	 366.67	 42.00	 25	 0.33	 
BMI_bf_110	 2	 6	 125.tif	 1.021304e+03	 24	 999000	 240	 999000	 999	 1.022320e+03	 366.67	 366.67	 52.00	 55	 0.22	 
BMI_bf_110	 2	 6	 001.tif	 1.025304e+03	 22	 9.138675e+02	 220	 4.089644e+02	 98	 1.026320e+03	 366.67	 383.33	 51.00	 1	 0.23	 
BMI_bf_110	 2	 6	 106.tif	 1.031304e+03	 24	 999000	 240	 999000	 999	 1.032320e+03	 366.67	 383.33	 32.00	 36	 0.47	 
BMI_bf_110	 2	 6	 021.tif	 1.033303e+03	 24	 999000	 240	 999000	 999	 1.034320e+03	 366.67	 383.33	 45.00	 21	 0.31	 
BMI_bf_110	 2	 6	 109.tif	 1.035303e+03	 11	 9.375215e+02	 110	 4.074632e+02	 98	 1.036320e+03	 383.33	 383.33	 11.00	 39	 0.74	 
BMI_bf_110	 2	 6	 101.tif	 1.037303e+03	 11	 9.934705e+02	 110	 4.254100e+02	 98	 1.038320e+03	 400.00	 383.33	 17.00	 31	 0.69	 
BMI_bf_110	 2	 6	 105.tif	 1.039303e+03	 22	 9.374976e+02	 220	 4.252669e+02	 98	 1.040320e+03	 400.00	 400.00	 48.00	 35	 0.27	 
BMI_bf_110	 2	 6	 017.tif	 1.043303e+03	 22	 9.771933e+02	 220	 4.438472e+02	 98	 1.044320e+03	 400.00	 416.67	 49.00	 17	 0.24	 
BMI_bf_110	 2	 6	 102.tif	 1.045303e+03	 12	 999000	 120	 999000	 999	 1.046320e+03	 400.00	 416.67	 2.00	 32	 0.95	 
BMI_bf_110	 2	 6	 118.tif	 1.049303e+03	 11	 9.930210e+02	 110	 4.427397e+02	 98	 1.050320e+03	 416.67	 416.67	 26.00	 48	 0.56	 
BMI_bf_110	 2	 6	 018.tif	 1.051303e+03	 22	 9.931569e+02	 220	 4.583685e+02	 98	 1.052320e+03	 416.67	 433.33	 41.00	 18	 0.33	 
BMI_bf_110	 2	 6	 015.tif	 1.053303e+03	 24	 999000	 240	 999000	 999	 1.054320e+03	 416.67	 433.33	 39.00	 15	 0.35	 
BMI_bf_110	 2	 6	 114.tif	 1.055303e+03	 12	 999000	 120	 999000	 999	 1.056320e+03	 416.67	 433.33	 20.00	 44	 0.67	 
BMI_bf_110	 2	 6	 007.tif	 1.060303e+03	 22	 1.000594e+03	 2200	 4.747154e+02	 98	 1.061320e+03	 416.67	 383.33	 40.00	 7	 0.33	 
BMI_bf_110	 2	 6	 127.tif	 1.062303e+03	 12	 999000	 120	 999000	 999	 1.063320e+03	 416.67	 383.33	 1.00	 57	 0.98	 
BMI_bf_110	 2	 6	 020.tif	 1.064303e+03	 12	 999000	 120	 999000	 999	 1.065319e+03	 416.67	 383.33	 10.00	 20	 0.75	 
BMI_bf_110	 2	 6	 013.tif	 1.067303e+03	 12	 999000	 120	 999000	 999	 1.068319e+03	 416.67	 383.33	 18.00	 13	 0.68	 
BMI_bf_110	 2	 6	 022.tif	 1.074303e+03	 22	 9.521136e+02	 220	 4.250462e+02	 98	 1.075319e+03	 416.67	 400.00	 43.00	 22	 0.33	 
BMI_bf_110	 2	 6	 119.tif	 1.078303e+03	 24	 999000	 240	 999000	 999	 1.079319e+03	 416.67	 400.00	 31.00	 49	 0.52	 
BMI_bf_110	 2	 6	 130.tif	 1.085303e+03	 11	 9.677264e+02	 110	 4.578840e+02	 98	 1.086319e+03	 433.33	 400.00	 19.00	 60	 0.68	 
BMI_bf_110	 2	 6	 016.tif	 1.087303e+03	 24	 999000	 240	 999000	 999	 1.088319e+03	 433.33	 400.00	 33.00	 16	 0.46	 
BMI_bf_110	 2	 6	 112.tif	 1.091303e+03	 24	 999000	 240	 999000	 999	 1.092319e+03	 433.33	 400.00	 50.00	 42	 0.24	 
BMI_bf_110	 2	 6	 006.tif	 1.095303e+03	 24	 999000	 240	 999000	 999	 1.096319e+03	 433.33	 400.00	 56.00	 6	 0.14	 
BMI_bf_110	 2	 6	 129.tif	 1.097303e+03	 22	 1.007279e+03	 2200	 4.419676e+02	 98	 1.098319e+03	 433.33	 350.00	 54.00	 59	 0.19	 
BMI_bf_110	 2	 6	 024.tif	 1.101303e+03	 12	 999000	 120	 999000	 999	 1.102319e+03	 433.33	 350.00	 3.00	 24	 0.89	 
BMI_bf_110	 2	 6	 028.tif	 1.103303e+03	 24	 999000	 240	 999000	 999	 1.104319e+03	 433.33	 350.00	 57.00	 28	 0.14	 
BMI_bf_110	 2	 6	 014.tif	 1.105303e+03	 11	 1.103065e+03	 1100	 4.748494e+02	 98	 1.106319e+03	 383.33	 350.00	 14.00	 14	 0.72	 
BMI_bf_110	 2	 6	 128.tif	 1.111303e+03	 12	 999000	 120	 999000	 999	 1.112319e+03	 383.33	 350.00	 28.00	 58	 0.54	 
BMI_bf_110	 2	 6	 117.tif	 1.113303e+03	 24	 999000	 240	 999000	 999	 1.114319e+03	 383.33	 350.00	 58.00	 47	 0.11	 
BMI_bf_110	 2	 6	 121.tif	 1.116303e+03	 11	 9.506222e+02	 110	 4.263026e+02	 98	 1.117319e+03	 400.00	 350.00	 16.00	 51	 0.69	 
BMI_bf_110	 2	 6	 002.tif	 1.119302e+03	 12	 999000	 120	 999000	 999	 1.120319e+03	 400.00	 350.00	 5.00	 2	 0.81	 
BMI_bf_110	 2	 6	 029.tif	 1.121302e+03	 12	 999000	 120	 999000	 999	 1.122319e+03	 400.00	 350.00	 27.00	 29	 0.54	 
BMI_bf_110	 2	 6	 113.tif	 1.123302e+03	 12	 999000	 120	 999000	 999	 1.124319e+03	 400.00	 350.00	 29.00	 43	 0.53	 
BMI_bf_110	 2	 6	 110.tif	 1.125302e+03	 12	 999000	 120	 999000	 999	 1.126319e+03	 400.00	 350.00	 6.00	 40	 0.78	 
BMI_bf_110	 2	 6	 030.tif	 1.131302e+03	 24	 999000	 240	 999000	 999	 1.132319e+03	 400.00	 350.00	 47.00	 30	 0.28	 
BMI_bf_110	 2	 6	 122.tif	 1.133302e+03	 12	 999000	 120	 999000	 999	 1.134319e+03	 400.00	 350.00	 21.00	 52	 0.66	 
BMI_bf_110	 2	 6	 107.tif	 1.135302e+03	 12	 999000	 120	 999000	 999	 1.136319e+03	 400.00	 350.00	 30.00	 37	 0.53	 
BMI_bf_110	 2	 6	 008.tif	 1.137302e+03	 24	 999000	 240	 999000	 999	 1.138319e+03	 400.00	 350.00	 37.00	 8	 0.42	 
BMI_bf_110	 2	 6	 004.tif	 1.140302e+03	 24	 999000	 240	 999000	 999	 1.141319e+03	 400.00	 350.00	 34.00	 4	 0.46	 
BMI_bf_110	 2	 6	 111.tif	 1.143302e+03	 11	 9.737238e+02	 110	 4.423588e+02	 98	 1.144319e+03	 416.67	 350.00	 8.00	 41	 0.77	 
