subjectID	 order	 runNum	 itemName	 onsetTime	 shuff_trialType	 RT	 respInTime	 AudioTime	 response	 fixationTime	 ladder1	 ladder2	 bidIndex	 itemNameIndex	 bidValue	 
BMI_bf_118	 2	 10	 121.tif	 1.732242e+03	 11	 9.688742e+02	 110	 4.267631e+02	 98	 1.733259e+03	 400.00	 316.67	 17.00	 51	 0.66	 
BMI_bf_118	 2	 10	 120.tif	 1.734242e+03	 24	 999000	 240	 999000	 999	 1.735259e+03	 400.00	 316.67	 60.00	 50	 0.18	 
BMI_bf_118	 2	 10	 013.tif	 1.738242e+03	 11	 1.024266e+03	 1100	 4.412792e+02	 98	 1.739259e+03	 350.00	 316.67	 26.00	 13	 0.50	 
BMI_bf_118	 2	 10	 012.tif	 1.741242e+03	 22	 9.281997e+02	 220	 3.581109e+02	 98	 1.742259e+03	 350.00	 333.33	 43.00	 12	 0.36	 
BMI_bf_118	 2	 10	 017.tif	 1.743242e+03	 11	 9.201554e+02	 110	 3.905006e+02	 98	 1.744259e+03	 366.67	 333.33	 19.00	 17	 0.63	 
BMI_bf_118	 2	 10	 111.tif	 1.746242e+03	 11	 9.280512e+02	 110	 4.073657e+02	 98	 1.747259e+03	 383.33	 333.33	 16.00	 41	 0.70	 
BMI_bf_118	 2	 10	 006.tif	 1.750242e+03	 24	 999000	 240	 999000	 999	 1.751259e+03	 383.33	 333.33	 47.00	 6	 0.35	 
BMI_bf_118	 2	 10	 009.tif	 1.754242e+03	 24	 999000	 240	 999000	 999	 1.755259e+03	 383.33	 333.33	 56.00	 9	 0.24	 
BMI_bf_118	 2	 10	 128.tif	 1.756242e+03	 12	 999000	 120	 999000	 999	 1.757258e+03	 383.33	 333.33	 2.00	 58	 0.84	 
BMI_bf_118	 2	 10	 109.tif	 1.761242e+03	 24	 999000	 240	 999000	 999	 1.762258e+03	 383.33	 333.33	 36.00	 39	 0.42	 
BMI_bf_118	 2	 10	 010.tif	 1.763242e+03	 24	 999000	 240	 999000	 999	 1.764258e+03	 383.33	 333.33	 45.00	 10	 0.35	 
BMI_bf_118	 2	 10	 022.tif	 1.765242e+03	 24	 999000	 240	 999000	 999	 1.766258e+03	 383.33	 333.33	 58.00	 22	 0.21	 
BMI_bf_118	 2	 10	 026.tif	 1.771242e+03	 24	 999000	 240	 999000	 999	 1.772258e+03	 383.33	 333.33	 59.00	 26	 0.19	 
BMI_bf_118	 2	 10	 014.tif	 1.773242e+03	 24	 999000	 240	 999000	 999	 1.774258e+03	 383.33	 333.33	 31.00	 14	 0.47	 
BMI_bf_118	 2	 10	 011.tif	 1.775242e+03	 22	 9.910224e+02	 220	 3.754490e+02	 98	 1.776258e+03	 383.33	 350.00	 54.00	 11	 0.25	 
BMI_bf_118	 2	 10	 127.tif	 1.777242e+03	 12	 999000	 120	 999000	 999	 1.778258e+03	 383.33	 350.00	 18.00	 57	 0.64	 
BMI_bf_118	 2	 10	 117.tif	 1.781242e+03	 11	 1.046821e+03	 1100	 4.243422e+02	 98	 1.782258e+03	 333.33	 350.00	 11.00	 47	 0.72	 
BMI_bf_118	 2	 10	 105.tif	 1.785242e+03	 24	 999000	 240	 999000	 999	 1.786258e+03	 333.33	 350.00	 57.00	 35	 0.22	 
BMI_bf_118	 2	 10	 028.tif	 1.788242e+03	 24	 999000	 240	 999000	 999	 1.789258e+03	 333.33	 350.00	 37.00	 28	 0.39	 
BMI_bf_118	 2	 10	 123.tif	 1.792242e+03	 12	 999000	 120	 999000	 999	 1.793258e+03	 333.33	 350.00	 27.00	 53	 0.49	 
BMI_bf_118	 2	 10	 005.tif	 1.795242e+03	 12	 999000	 120	 999000	 999	 1.796258e+03	 333.33	 350.00	 28.00	 5	 0.49	 
BMI_bf_118	 2	 10	 104.tif	 1.797242e+03	 12	 999000	 120	 999000	 999	 1.798258e+03	 333.33	 350.00	 3.00	 34	 0.81	 
BMI_bf_118	 2	 10	 015.tif	 1.801241e+03	 24	 999000	 240	 999000	 999	 1.802258e+03	 333.33	 350.00	 50.00	 15	 0.30	 
BMI_bf_118	 2	 10	 003.tif	 1.803241e+03	 22	 9.900326e+02	 220	 3.922296e+02	 98	 1.804258e+03	 333.33	 366.67	 46.00	 3	 0.35	 
BMI_bf_118	 2	 10	 106.tif	 1.805241e+03	 24	 999000	 240	 999000	 999	 1.806258e+03	 333.33	 366.67	 33.00	 36	 0.44	 
BMI_bf_118	 2	 10	 019.tif	 1.809241e+03	 22	 1.061845e+03	 2200	 4.090483e+02	 98	 1.810258e+03	 333.33	 316.67	 51.00	 19	 0.29	 
BMI_bf_118	 2	 10	 020.tif	 1.811241e+03	 24	 999000	 240	 999000	 999	 1.812258e+03	 333.33	 316.67	 42.00	 20	 0.36	 
BMI_bf_118	 2	 10	 016.tif	 1.815241e+03	 24	 999000	 240	 999000	 999	 1.816258e+03	 333.33	 316.67	 55.00	 16	 0.25	 
BMI_bf_118	 2	 10	 018.tif	 1.819241e+03	 22	 9.414395e+02	 220	 3.594004e+02	 98	 1.820258e+03	 333.33	 333.33	 41.00	 18	 0.38	 
BMI_bf_118	 2	 10	 116.tif	 1.822241e+03	 12	 999000	 120	 999000	 999	 1.823257e+03	 333.33	 333.33	 15.00	 46	 0.70	 
BMI_bf_118	 2	 10	 008.tif	 1.828241e+03	 24	 999000	 240	 999000	 999	 1.829257e+03	 333.33	 333.33	 34.00	 8	 0.43	 
BMI_bf_118	 2	 10	 002.tif	 1.830241e+03	 24	 999000	 240	 999000	 999	 1.831257e+03	 333.33	 333.33	 52.00	 2	 0.29	 
BMI_bf_118	 2	 10	 130.tif	 1.834241e+03	 11	 9.489419e+02	 110	 3.761327e+02	 98	 1.835257e+03	 350.00	 333.33	 23.00	 60	 0.57	 
BMI_bf_118	 2	 10	 102.tif	 1.836241e+03	 11	 9.968531e+02	 110	 3.916959e+02	 98	 1.837257e+03	 366.67	 333.33	 9.00	 32	 0.73	 
BMI_bf_118	 2	 10	 110.tif	 1.838241e+03	 12	 999000	 120	 999000	 999	 1.839257e+03	 366.67	 333.33	 12.00	 40	 0.71	 
BMI_bf_118	 2	 10	 114.tif	 1.840241e+03	 12	 999000	 120	 999000	 999	 1.841257e+03	 366.67	 333.33	 6.00	 44	 0.77	 
BMI_bf_118	 2	 10	 119.tif	 1.845241e+03	 12	 999000	 120	 999000	 999	 1.846257e+03	 366.67	 333.33	 20.00	 49	 0.63	 
BMI_bf_118	 2	 10	 027.tif	 1.847241e+03	 24	 999000	 240	 999000	 999	 1.848257e+03	 366.67	 333.33	 32.00	 27	 0.47	 
BMI_bf_118	 2	 10	 025.tif	 1.849241e+03	 24	 999000	 240	 999000	 999	 1.850257e+03	 366.67	 333.33	 39.00	 25	 0.39	 
BMI_bf_118	 2	 10	 115.tif	 1.852241e+03	 22	 9.882740e+02	 220	 3.765668e+02	 98	 1.853257e+03	 366.67	 350.00	 40.00	 45	 0.38	 
BMI_bf_118	 2	 10	 101.tif	 1.855240e+03	 11	 1.004319e+03	 1100	 4.086184e+02	 98	 1.856257e+03	 316.67	 350.00	 14.00	 31	 0.70	 
BMI_bf_118	 2	 10	 129.tif	 1.859241e+03	 12	 999000	 120	 999000	 999	 1.860257e+03	 316.67	 350.00	 5.00	 59	 0.79	 
BMI_bf_118	 2	 10	 103.tif	 1.861240e+03	 11	 9.402948e+02	 110	 3.577336e+02	 98	 1.862257e+03	 333.33	 350.00	 8.00	 33	 0.74	 
BMI_bf_118	 2	 10	 126.tif	 1.863240e+03	 12	 999000	 120	 999000	 999	 1.864257e+03	 333.33	 350.00	 25.00	 56	 0.54	 
BMI_bf_118	 2	 10	 122.tif	 1.866240e+03	 12	 999000	 120	 999000	 999	 1.867257e+03	 333.33	 350.00	 4.00	 52	 0.81	 
BMI_bf_118	 2	 10	 113.tif	 1.869240e+03	 11	 9.237225e+02	 110	 3.756250e+02	 98	 1.870257e+03	 350.00	 350.00	 22.00	 43	 0.58	 
BMI_bf_118	 2	 10	 125.tif	 1.871240e+03	 12	 999000	 120	 999000	 999	 1.872257e+03	 350.00	 350.00	 7.00	 55	 0.77	 
BMI_bf_118	 2	 10	 118.tif	 1.873240e+03	 12	 999000	 120	 999000	 999	 1.874257e+03	 350.00	 350.00	 24.00	 48	 0.55	 
BMI_bf_118	 2	 10	 107.tif	 1.875240e+03	 12	 999000	 120	 999000	 999	 1.876257e+03	 350.00	 350.00	 21.00	 37	 0.62	 
BMI_bf_118	 2	 10	 001.tif	 1.880240e+03	 24	 999000	 240	 999000	 999	 1.881257e+03	 350.00	 350.00	 53.00	 1	 0.26	 
BMI_bf_118	 2	 10	 108.tif	 1.882240e+03	 12	 999000	 120	 999000	 999	 1.883257e+03	 350.00	 350.00	 1.00	 38	 0.87	 
BMI_bf_118	 2	 10	 124.tif	 1.884240e+03	 12	 999000	 120	 999000	 999	 1.885256e+03	 350.00	 350.00	 13.00	 54	 0.71	 
BMI_bf_118	 2	 10	 029.tif	 1.886240e+03	 24	 999000	 240	 999000	 999	 1.887256e+03	 350.00	 350.00	 44.00	 29	 0.35	 
BMI_bf_118	 2	 10	 007.tif	 1.893240e+03	 22	 9.868526e+02	 220	 3.921430e+02	 98	 1.894256e+03	 350.00	 366.67	 48.00	 7	 0.34	 
BMI_bf_118	 2	 10	 112.tif	 1.895240e+03	 12	 999000	 120	 999000	 999	 1.896256e+03	 350.00	 366.67	 10.00	 42	 0.72	 
BMI_bf_118	 2	 10	 004.tif	 1.902240e+03	 22	 1.034576e+03	 2200	 4.094552e+02	 98	 1.903256e+03	 350.00	 316.67	 49.00	 4	 0.34	 
BMI_bf_118	 2	 10	 030.tif	 1.905240e+03	 12	 999000	 120	 999000	 999	 1.906256e+03	 350.00	 316.67	 30.00	 30	 0.48	 
BMI_bf_118	 2	 10	 021.tif	 1.908240e+03	 12	 999000	 120	 999000	 999	 1.909256e+03	 350.00	 316.67	 29.00	 21	 0.49	 
BMI_bf_118	 2	 10	 023.tif	 1.914240e+03	 22	 9.701405e+02	 220	 3.596193e+02	 98	 1.915256e+03	 350.00	 333.33	 35.00	 23	 0.43	 
BMI_bf_118	 2	 10	 024.tif	 1.916240e+03	 22	 9.700919e+02	 220	 3.755643e+02	 98	 1.917256e+03	 350.00	 350.00	 38.00	 24	 0.39	 
