subjectID	 order	 runNum	 itemName	 onsetTime	 shuff_trialType	 RT	 respInTime	 AudioTime	 response	 fixationTime	 ladder1	 ladder2	 bidIndex	 itemNameIndex	 bidValue	 
BMI_bf_128	 2	 11	 117.tif	 2.236055e+03	 24	 999000	 240	 999000	 999	 2.237071e+03	 283.33	 283.33	 44.00	 47	 0.35	 
BMI_bf_128	 2	 11	 124.tif	 2.239055e+03	 22	 1.119158e+03	 2200	 3.247829e+02	 98	 2.240071e+03	 283.33	 233.33	 35.00	 54	 0.39	 
BMI_bf_128	 2	 11	 108.tif	 2.241055e+03	 11	 9.590246e+02	 110	 3.253446e+02	 98	 2.242071e+03	 300.00	 233.33	 8.00	 38	 0.78	 
BMI_bf_128	 2	 11	 128.tif	 2.243055e+03	 12	 999000	 120	 999000	 999	 2.244071e+03	 300.00	 233.33	 10.00	 58	 0.77	 
BMI_bf_128	 2	 11	 011.tif	 2.245055e+03	 11	 9.189499e+02	 110	 3.417146e+02	 98	 2.246071e+03	 316.67	 233.33	 23.00	 11	 0.59	 
BMI_bf_128	 2	 11	 130.tif	 2.248055e+03	 12	 999000	 120	 999000	 999	 2.249071e+03	 316.67	 233.33	 7.00	 60	 0.80	 
BMI_bf_128	 2	 11	 026.tif	 2.250055e+03	 24	 999000	 240	 999000	 999	 2.251071e+03	 316.67	 233.33	 53.00	 26	 0.28	 
BMI_bf_128	 2	 11	 102.tif	 2.254055e+03	 12	 999000	 120	 999000	 999	 2.255071e+03	 316.67	 233.33	 5.00	 32	 0.82	 
BMI_bf_128	 2	 11	 125.tif	 2.256055e+03	 24	 999000	 240	 999000	 999	 2.257071e+03	 316.67	 233.33	 36.00	 55	 0.39	 
BMI_bf_128	 2	 11	 118.tif	 2.261054e+03	 11	 9.983667e+02	 110	 3.594226e+02	 98	 2.262071e+03	 333.33	 233.33	 16.00	 48	 0.67	 
BMI_bf_128	 2	 11	 008.tif	 2.263054e+03	 24	 999000	 240	 999000	 999	 2.264071e+03	 333.33	 233.33	 56.00	 8	 0.17	 
BMI_bf_128	 2	 11	 030.tif	 2.267054e+03	 24	 999000	 240	 999000	 999	 2.268071e+03	 333.33	 233.33	 55.00	 30	 0.26	 
BMI_bf_128	 2	 11	 101.tif	 2.269054e+03	 12	 999000	 120	 999000	 999	 2.270071e+03	 333.33	 233.33	 18.00	 31	 0.64	 
BMI_bf_128	 2	 11	 105.tif	 2.272054e+03	 24	 999000	 240	 999000	 999	 2.273071e+03	 333.33	 233.33	 57.00	 35	 0.17	 
BMI_bf_128	 2	 11	 120.tif	 2.277054e+03	 22	 9.338423e+02	 220	 2.756767e+02	 98	 2.278070e+03	 333.33	 250.00	 46.00	 50	 0.34	 
BMI_bf_128	 2	 11	 116.tif	 2.279054e+03	 11	 9.577351e+02	 110	 3.756392e+02	 98	 2.280070e+03	 350.00	 250.00	 14.00	 46	 0.70	 
BMI_bf_128	 2	 11	 111.tif	 2.281054e+03	 12	 999000	 120	 999000	 999	 2.282070e+03	 350.00	 250.00	 21.00	 41	 0.60	 
BMI_bf_128	 2	 11	 029.tif	 2.285054e+03	 12	 999000	 120	 999000	 999	 2.286070e+03	 350.00	 250.00	 30.00	 29	 0.46	 
BMI_bf_128	 2	 11	 017.tif	 2.289054e+03	 24	 999000	 240	 999000	 999	 2.290070e+03	 350.00	 250.00	 39.00	 17	 0.38	 
BMI_bf_128	 2	 11	 107.tif	 2.293054e+03	 24	 999000	 240	 999000	 999	 2.294070e+03	 350.00	 250.00	 45.00	 37	 0.34	 
BMI_bf_128	 2	 11	 001.tif	 2.295054e+03	 22	 9.731693e+02	 220	 2.925489e+02	 98	 2.296070e+03	 350.00	 266.67	 54.00	 1	 0.27	 
BMI_bf_128	 2	 11	 109.tif	 2.297054e+03	 11	 1.069117e+03	 1100	 3.928417e+02	 98	 2.298070e+03	 300.00	 266.67	 9.00	 39	 0.78	 
BMI_bf_128	 2	 11	 015.tif	 2.299054e+03	 24	 999000	 240	 999000	 999	 2.300070e+03	 300.00	 266.67	 37.00	 15	 0.39	 
BMI_bf_128	 2	 11	 012.tif	 2.301054e+03	 24	 999000	 240	 999000	 999	 2.302070e+03	 300.00	 266.67	 58.00	 12	 0.16	 
BMI_bf_128	 2	 11	 009.tif	 2.307053e+03	 12	 999000	 120	 999000	 999	 2.308070e+03	 300.00	 266.67	 25.00	 9	 0.57	 
BMI_bf_128	 2	 11	 119.tif	 2.310053e+03	 24	 999000	 240	 999000	 999	 2.311070e+03	 300.00	 266.67	 47.00	 49	 0.34	 
BMI_bf_128	 2	 11	 114.tif	 2.312053e+03	 12	 999000	 120	 999000	 999	 2.313070e+03	 300.00	 266.67	 27.00	 44	 0.56	 
BMI_bf_128	 2	 11	 006.tif	 2.314053e+03	 24	 999000	 240	 999000	 999	 2.315070e+03	 300.00	 266.67	 60.00	 6	 0.05	 
BMI_bf_128	 2	 11	 025.tif	 2.317053e+03	 12	 999000	 120	 999000	 999	 2.318069e+03	 300.00	 266.67	 15.00	 25	 0.68	 
BMI_bf_128	 2	 11	 019.tif	 2.319053e+03	 24	 999000	 240	 999000	 999	 2.320069e+03	 300.00	 266.67	 34.00	 19	 0.43	 
BMI_bf_128	 2	 11	 018.tif	 2.321053e+03	 12	 999000	 120	 999000	 999	 2.322069e+03	 300.00	 266.67	 29.00	 18	 0.46	 
BMI_bf_128	 2	 11	 002.tif	 2.323053e+03	 22	 1.124190e+03	 2200	 3.085811e+02	 98	 2.324069e+03	 300.00	 216.67	 40.00	 2	 0.37	 
BMI_bf_128	 2	 11	 126.tif	 2.326053e+03	 12	 999000	 120	 999000	 999	 2.327069e+03	 300.00	 216.67	 4.00	 56	 0.82	 
BMI_bf_128	 2	 11	 113.tif	 2.328053e+03	 12	 999000	 120	 999000	 999	 2.329069e+03	 300.00	 216.67	 6.00	 43	 0.82	 
BMI_bf_128	 2	 11	 022.tif	 2.330053e+03	 12	 999000	 120	 999000	 999	 2.331069e+03	 300.00	 216.67	 24.00	 22	 0.59	 
BMI_bf_128	 2	 11	 028.tif	 2.332053e+03	 22	 9.078564e+02	 220	 2.585135e+02	 98	 2.333069e+03	 300.00	 233.33	 38.00	 28	 0.38	 
BMI_bf_128	 2	 11	 129.tif	 2.334053e+03	 12	 999000	 120	 999000	 999	 2.335069e+03	 300.00	 233.33	 2.00	 59	 0.85	 
BMI_bf_128	 2	 11	 121.tif	 2.340053e+03	 11	 1.059588e+03	 1100	 3.420526e+02	 98	 2.341069e+03	 250.00	 233.33	 19.00	 51	 0.61	 
BMI_bf_128	 2	 11	 123.tif	 2.343053e+03	 11	 8.834973e+02	 110	 2.918758e+02	 98	 2.344069e+03	 266.67	 233.33	 11.00	 53	 0.73	 
BMI_bf_128	 2	 11	 007.tif	 2.347052e+03	 11	 8.913428e+02	 110	 3.082182e+02	 98	 2.348069e+03	 283.33	 233.33	 26.00	 7	 0.56	 
BMI_bf_128	 2	 11	 004.tif	 2.353052e+03	 22	 8.991902e+02	 220	 2.757035e+02	 98	 2.354069e+03	 283.33	 250.00	 49.00	 4	 0.32	 
BMI_bf_128	 2	 11	 127.tif	 2.355052e+03	 12	 999000	 120	 999000	 999	 2.356069e+03	 283.33	 250.00	 13.00	 57	 0.71	 
BMI_bf_128	 2	 11	 027.tif	 2.360052e+03	 22	 -2.548718e+03	 22	 2.911293e+02	 98	 2.361069e+03	 283.33	 266.67	 51.00	 27	 0.30	 
BMI_bf_128	 2	 11	 021.tif	 2.363052e+03	 24	 999000	 240	 999000	 999	 2.364068e+03	 283.33	 266.67	 31.00	 21	 0.44	 
BMI_bf_128	 2	 11	 103.tif	 2.365052e+03	 24	 999000	 240	 999000	 999	 2.366068e+03	 283.33	 266.67	 33.00	 33	 0.44	 
BMI_bf_128	 2	 11	 003.tif	 2.368052e+03	 24	 999000	 240	 999000	 999	 2.369068e+03	 283.33	 266.67	 50.00	 3	 0.30	 
BMI_bf_128	 2	 11	 023.tif	 2.370052e+03	 24	 999000	 240	 999000	 999	 2.371068e+03	 283.33	 266.67	 59.00	 23	 0.14	 
BMI_bf_128	 2	 11	 010.tif	 2.374052e+03	 24	 999000	 240	 999000	 999	 2.375068e+03	 283.33	 266.67	 32.00	 10	 0.44	 
BMI_bf_128	 2	 11	 016.tif	 2.378052e+03	 24	 999000	 240	 999000	 999	 2.379068e+03	 283.33	 266.67	 52.00	 16	 0.29	 
BMI_bf_128	 2	 11	 115.tif	 2.380052e+03	 22	 9.302408e+02	 220	 3.081714e+02	 98	 2.381068e+03	 283.33	 283.33	 48.00	 45	 0.33	 
BMI_bf_128	 2	 11	 104.tif	 2.387068e+03	 12	 999000	 120	 999000	 999	 2.388084e+03	 283.33	 283.33	 3.00	 34	 0.84	 
BMI_bf_128	 2	 11	 024.tif	 2.389068e+03	 12	 999000	 120	 999000	 999	 2.390084e+03	 283.33	 283.33	 20.00	 24	 0.60	 
BMI_bf_128	 2	 11	 122.tif	 2.392068e+03	 11	 9.851086e+02	 110	 3.301369e+02	 98	 2.393084e+03	 300.00	 283.33	 22.00	 52	 0.59	 
BMI_bf_128	 2	 11	 014.tif	 2.396068e+03	 22	 9.609525e+02	 220	 3.256109e+02	 98	 2.397084e+03	 300.00	 300.00	 41.00	 14	 0.37	 
BMI_bf_128	 2	 11	 110.tif	 2.400068e+03	 12	 999000	 120	 999000	 999	 2.401084e+03	 300.00	 300.00	 12.00	 40	 0.72	 
BMI_bf_128	 2	 11	 013.tif	 2.404068e+03	 12	 999000	 120	 999000	 999	 2.405084e+03	 300.00	 300.00	 28.00	 13	 0.53	 
BMI_bf_128	 2	 11	 112.tif	 2.407068e+03	 22	 1.008527e+03	 2200	 3.422639e+02	 98	 2.408084e+03	 300.00	 250.00	 43.00	 42	 0.36	 
BMI_bf_128	 2	 11	 005.tif	 2.409068e+03	 24	 999000	 240	 999000	 999	 2.410084e+03	 300.00	 250.00	 42.00	 5	 0.37	 
BMI_bf_128	 2	 11	 106.tif	 2.413067e+03	 11	 1.048392e+03	 1100	 3.421190e+02	 98	 2.414084e+03	 250.00	 250.00	 17.00	 36	 0.66	 
BMI_bf_128	 2	 11	 020.tif	 2.420067e+03	 12	 -4.663345e+03	 12	 999000	 98	 2.421084e+03	 250.00	 250.00	 1.00	 20	 0.92	 
