subjectID	 order	 runNum	 itemName	 onsetTime	 shuff_trialType	 RT	 respInTime	 AudioTime	 response	 fixationTime	 ladder1	 ladder2	 bidIndex	 itemNameIndex	 bidValue	 
BMI_bf_131	 1	 4	 018.tif	 5.748866e+02	 22	 9.086727e+02	 220	 3.586399e+02	 98	 5.759033e+02	 316.67	 333.33	 45.00	 18	 0.29	 
BMI_bf_131	 1	 4	 009.tif	 5.778868e+02	 24	 999000	 240	 999000	 999	 5.789032e+02	 316.67	 333.33	 34.00	 9	 0.41	 
BMI_bf_131	 1	 4	 117.tif	 5.818868e+02	 12	 999000	 120	 999000	 999	 5.829031e+02	 316.67	 333.33	 28.00	 47	 0.54	 
BMI_bf_131	 1	 4	 022.tif	 5.838867e+02	 24	 999000	 240	 999000	 999	 5.849031e+02	 316.67	 333.33	 56.00	 22	 0.18	 
BMI_bf_131	 1	 4	 106.tif	 5.858867e+02	 12	 999000	 120	 999000	 999	 5.869031e+02	 316.67	 333.33	 29.00	 36	 0.51	 
BMI_bf_131	 1	 4	 107.tif	 5.898866e+02	 11	 9.718811e+02	 110	 3.590006e+02	 98	 5.909030e+02	 333.33	 333.33	 24.00	 37	 0.60	 
BMI_bf_131	 1	 4	 011.tif	 5.918864e+02	 24	 999000	 240	 999000	 999	 5.929030e+02	 333.33	 333.33	 41.00	 11	 0.33	 
BMI_bf_131	 1	 4	 027.tif	 5.968865e+02	 22	 1.003536e+03	 2200	 3.765276e+02	 98	 5.979029e+02	 333.33	 283.33	 44.00	 27	 0.30	 
BMI_bf_131	 1	 4	 001.tif	 5.988865e+02	 24	 999000	 240	 999000	 999	 5.999028e+02	 333.33	 283.33	 38.00	 1	 0.37	 
BMI_bf_131	 1	 4	 105.tif	 6.018864e+02	 24	 999000	 240	 999000	 999	 6.029027e+02	 333.33	 283.33	 48.00	 35	 0.27	 
BMI_bf_131	 1	 4	 005.tif	 6.048864e+02	 24	 999000	 240	 999000	 999	 6.059027e+02	 333.33	 283.33	 54.00	 5	 0.22	 
BMI_bf_131	 1	 4	 114.tif	 6.088863e+02	 12	 999000	 120	 999000	 999	 6.099026e+02	 333.33	 283.33	 9.00	 44	 0.78	 
BMI_bf_131	 1	 4	 127.tif	 6.118862e+02	 12	 999000	 120	 999000	 999	 6.129026e+02	 333.33	 283.33	 4.00	 57	 0.86	 
BMI_bf_131	 1	 4	 023.tif	 6.138862e+02	 24	 999000	 240	 999000	 999	 6.149025e+02	 333.33	 283.33	 58.00	 23	 0.17	 
BMI_bf_131	 1	 4	 124.tif	 6.168861e+02	 12	 999000	 120	 999000	 999	 6.179025e+02	 333.33	 283.33	 1.00	 54	 0.98	 
BMI_bf_131	 1	 4	 130.tif	 6.208861e+02	 12	 999000	 120	 999000	 999	 6.219024e+02	 333.33	 283.33	 16.00	 60	 0.68	 
BMI_bf_131	 1	 4	 112.tif	 6.238860e+02	 12	 999000	 120	 999000	 999	 6.249024e+02	 333.33	 283.33	 22.00	 42	 0.61	 
BMI_bf_131	 1	 4	 103.tif	 6.258860e+02	 11	 1.082590e+03	 1100	 3.752378e+02	 98	 6.269023e+02	 283.33	 283.33	 7.00	 33	 0.82	 
BMI_bf_131	 1	 4	 110.tif	 6.278859e+02	 12	 999000	 120	 999000	 999	 6.289023e+02	 283.33	 283.33	 3.00	 40	 0.87	 
BMI_bf_131	 1	 4	 003.tif	 6.328858e+02	 12	 999000	 120	 999000	 999	 6.339022e+02	 283.33	 283.33	 30.00	 3	 0.50	 
BMI_bf_131	 1	 4	 013.tif	 6.368858e+02	 22	 9.301698e+02	 220	 3.263441e+02	 98	 6.379022e+02	 283.33	 300.00	 39.00	 13	 0.35	 
BMI_bf_131	 1	 4	 029.tif	 6.408857e+02	 24	 999000	 240	 999000	 999	 6.419020e+02	 283.33	 300.00	 51.00	 29	 0.25	 
BMI_bf_131	 1	 4	 101.tif	 6.468856e+02	 12	 999000	 120	 999000	 999	 6.479020e+02	 283.33	 300.00	 27.00	 31	 0.55	 
BMI_bf_131	 1	 4	 028.tif	 6.488856e+02	 22	 1.057770e+03	 2200	 3.437112e+02	 98	 6.499019e+02	 283.33	 250.00	 37.00	 28	 0.39	 
BMI_bf_131	 1	 4	 026.tif	 6.508855e+02	 24	 999000	 240	 999000	 999	 6.519019e+02	 283.33	 250.00	 55.00	 26	 0.22	 
BMI_bf_131	 1	 4	 006.tif	 6.528855e+02	 22	 9.296479e+02	 220	 2.920579e+02	 98	 6.539018e+02	 283.33	 266.67	 53.00	 6	 0.22	 
BMI_bf_131	 1	 4	 015.tif	 6.548855e+02	 24	 999000	 240	 999000	 999	 6.559018e+02	 283.33	 266.67	 40.00	 15	 0.34	 
BMI_bf_131	 1	 4	 129.tif	 6.588854e+02	 12	 999000	 120	 999000	 999	 6.599017e+02	 283.33	 266.67	 23.00	 59	 0.60	 
BMI_bf_131	 1	 4	 010.tif	 6.608854e+02	 24	 999000	 240	 999000	 999	 6.619017e+02	 283.33	 266.67	 33.00	 10	 0.44	 
BMI_bf_131	 1	 4	 004.tif	 6.648853e+02	 24	 999000	 240	 999000	 999	 6.659016e+02	 283.33	 266.67	 32.00	 4	 0.44	 
BMI_bf_131	 1	 4	 111.tif	 6.668852e+02	 24	 999000	 240	 999000	 999	 6.679016e+02	 283.33	 266.67	 31.00	 41	 0.48	 
BMI_bf_131	 1	 4	 025.tif	 6.688852e+02	 24	 999000	 240	 999000	 999	 6.699015e+02	 283.33	 266.67	 43.00	 25	 0.31	 
BMI_bf_131	 1	 4	 017.tif	 6.708852e+02	 22	 9.770555e+02	 220	 3.087356e+02	 98	 6.719015e+02	 283.33	 283.33	 42.00	 17	 0.32	 
BMI_bf_131	 1	 4	 121.tif	 6.758851e+02	 12	 999000	 120	 999000	 999	 6.769014e+02	 283.33	 283.33	 6.00	 51	 0.83	 
BMI_bf_131	 1	 4	 128.tif	 6.778849e+02	 11	 9.208424e+02	 110	 3.248641e+02	 98	 6.789015e+02	 300.00	 283.33	 18.00	 58	 0.66	 
BMI_bf_131	 1	 4	 104.tif	 6.798850e+02	 12	 999000	 120	 999000	 999	 6.809013e+02	 300.00	 283.33	 17.00	 34	 0.67	 
BMI_bf_131	 1	 4	 123.tif	 6.828849e+02	 12	 999000	 120	 999000	 999	 6.839013e+02	 300.00	 283.33	 2.00	 53	 0.91	 
BMI_bf_131	 1	 4	 024.tif	 6.898848e+02	 12	 999000	 120	 999000	 999	 6.909012e+02	 300.00	 283.33	 26.00	 24	 0.56	 
BMI_bf_131	 1	 4	 016.tif	 6.938848e+02	 24	 999000	 240	 999000	 999	 6.949011e+02	 300.00	 283.33	 57.00	 16	 0.18	 
BMI_bf_131	 1	 4	 108.tif	 7.008846e+02	 11	 9.279352e+02	 110	 3.432255e+02	 98	 7.019010e+02	 316.67	 283.33	 12.00	 38	 0.74	 
BMI_bf_131	 1	 4	 109.tif	 7.028846e+02	 12	 999000	 120	 999000	 999	 7.039009e+02	 316.67	 283.33	 5.00	 39	 0.85	 
BMI_bf_131	 1	 4	 118.tif	 7.068845e+02	 11	 9.757279e+02	 110	 3.594597e+02	 98	 7.079009e+02	 333.33	 283.33	 15.00	 48	 0.72	 
BMI_bf_131	 1	 4	 030.tif	 7.108845e+02	 22	 9.755592e+02	 220	 3.237346e+02	 98	 7.119008e+02	 333.33	 300.00	 36.00	 30	 0.39	 
BMI_bf_131	 1	 4	 113.tif	 7.128844e+02	 12	 999000	 120	 999000	 999	 7.139007e+02	 333.33	 300.00	 11.00	 43	 0.76	 
BMI_bf_131	 1	 4	 120.tif	 7.168843e+02	 11	 9.352972e+02	 110	 3.765705e+02	 98	 7.179007e+02	 350.00	 300.00	 13.00	 50	 0.74	 
BMI_bf_131	 1	 4	 116.tif	 7.188845e+02	 11	 9.670085e+02	 110	 3.927313e+02	 98	 7.199006e+02	 366.67	 300.00	 21.00	 46	 0.63	 
BMI_bf_131	 1	 4	 122.tif	 7.208843e+02	 11	 9.511332e+02	 110	 4.080941e+02	 98	 7.219006e+02	 383.33	 300.00	 20.00	 52	 0.63	 
BMI_bf_131	 1	 4	 125.tif	 7.268842e+02	 22	 9.189416e+02	 220	 3.427932e+02	 98	 7.279005e+02	 383.33	 316.67	 50.00	 55	 0.26	 
BMI_bf_131	 1	 4	 119.tif	 7.288841e+02	 12	 999000	 120	 999000	 999	 7.299005e+02	 383.33	 316.67	 14.00	 49	 0.73	 
BMI_bf_131	 1	 4	 020.tif	 7.318841e+02	 24	 999000	 240	 999000	 999	 7.329004e+02	 383.33	 316.67	 59.00	 20	 0.12	 
BMI_bf_131	 1	 4	 008.tif	 7.348840e+02	 22	 9.346602e+02	 220	 3.585179e+02	 98	 7.359004e+02	 383.33	 333.33	 47.00	 8	 0.27	 
BMI_bf_131	 1	 4	 126.tif	 7.368840e+02	 11	 9.905938e+02	 110	 4.256060e+02	 98	 7.379003e+02	 400.00	 333.33	 10.00	 56	 0.77	 
BMI_bf_131	 1	 4	 007.tif	 7.388840e+02	 22	 9.505548e+02	 220	 3.747624e+02	 98	 7.399004e+02	 400.00	 350.00	 52.00	 7	 0.25	 
BMI_bf_131	 1	 4	 021.tif	 7.408838e+02	 24	 3.426544e+02	 24	 999000	 98	 7.419003e+02	 400.00	 350.00	 35.00	 21	 0.41	 
BMI_bf_131	 1	 4	 014.tif	 7.468838e+02	 11	 1.110239e+03	 1100	 4.431596e+02	 98	 7.479002e+02	 350.00	 350.00	 25.00	 14	 0.57	 
BMI_bf_131	 1	 4	 102.tif	 7.488836e+02	 12	 999000	 120	 999000	 999	 7.499001e+02	 350.00	 350.00	 8.00	 32	 0.80	 
BMI_bf_131	 1	 4	 012.tif	 7.508837e+02	 24	 999000	 240	 999000	 999	 7.519001e+02	 350.00	 350.00	 60.00	 12	 0.07	 
BMI_bf_131	 1	 4	 002.tif	 7.528837e+02	 24	 999000	 240	 999000	 999	 7.539000e+02	 350.00	 350.00	 49.00	 2	 0.27	 
BMI_bf_131	 1	 4	 019.tif	 7.558836e+02	 24	 999000	 240	 999000	 999	 7.569000e+02	 350.00	 350.00	 46.00	 19	 0.29	 
BMI_bf_131	 1	 4	 115.tif	 7.588836e+02	 12	 999000	 120	 999000	 999	 7.598999e+02	 350.00	 350.00	 19.00	 45	 0.66	 
