subjectID	 order	 runNum	 itemName	 onsetTime	 shuff_trialType	 RT	 respInTime	 AudioTime	 response	 fixationTime	 ladder1	 ladder2	 bidIndex	 itemNameIndex	 bidValue	 
BMI_bf_124	 2	 5	 102.tif	 7.800876e+02	 11	 5.049855e+02	 11	 7.163062e+02	 98	 7.811377e+02	 700.00	 616.67	 16.00	 32	 0.70	 
BMI_bf_124	 2	 5	 105.tif	 7.830879e+02	 22	 -2.023357e+03	 22	 6.483394e+02	 98	 7.841375e+02	 700.00	 633.33	 49.00	 35	 0.25	 
BMI_bf_124	 2	 5	 027.tif	 7.870878e+02	 12	 -3.111393e+03	 12	 999000	 98	 7.881209e+02	 700.00	 633.33	 24.00	 27	 0.59	 
BMI_bf_124	 2	 5	 020.tif	 7.890878e+02	 22	 -1.199561e+03	 22	 6.654345e+02	 98	 7.901374e+02	 700.00	 650.00	 48.00	 20	 0.26	 
BMI_bf_124	 2	 5	 113.tif	 7.910876e+02	 12	 -1.319532e+03	 12	 999000	 98	 7.921208e+02	 700.00	 650.00	 5.00	 43	 0.81	 
BMI_bf_124	 2	 5	 011.tif	 7.950876e+02	 12	 999000	 120	 999000	 999	 7.961207e+02	 700.00	 650.00	 27.00	 11	 0.54	 
BMI_bf_124	 2	 5	 028.tif	 7.970876e+02	 12	 999000	 120	 999000	 999	 7.981207e+02	 700.00	 650.00	 25.00	 28	 0.56	 
BMI_bf_124	 2	 5	 024.tif	 8.020875e+02	 24	 999000	 240	 999000	 999	 8.031205e+02	 700.00	 650.00	 34.00	 24	 0.46	 
BMI_bf_124	 2	 5	 023.tif	 8.040875e+02	 12	 999000	 120	 999000	 999	 8.051205e+02	 700.00	 650.00	 2.00	 23	 0.86	 
BMI_bf_124	 2	 5	 121.tif	 8.070874e+02	 12	 999000	 120	 999000	 999	 8.081204e+02	 700.00	 650.00	 3.00	 51	 0.85	 
BMI_bf_124	 2	 5	 002.tif	 8.100874e+02	 24	 999000	 240	 999000	 999	 8.111204e+02	 700.00	 650.00	 59.00	 2	 0.10	 
BMI_bf_124	 2	 5	 030.tif	 8.140873e+02	 24	 999000	 240	 999000	 999	 8.151203e+02	 700.00	 650.00	 44.00	 30	 0.35	 
BMI_bf_124	 2	 5	 019.tif	 8.170873e+02	 24	 999000	 240	 999000	 999	 8.181203e+02	 700.00	 650.00	 55.00	 19	 0.19	 
BMI_bf_124	 2	 5	 127.tif	 8.190872e+02	 12	 1.047272e+03	 12	 999000	 98	 8.201202e+02	 700.00	 650.00	 13.00	 57	 0.75	 
BMI_bf_124	 2	 5	 014.tif	 8.220871e+02	 24	 999000	 240	 999000	 999	 8.231202e+02	 700.00	 650.00	 50.00	 14	 0.23	 
BMI_bf_124	 2	 5	 009.tif	 8.260871e+02	 24	 999000	 240	 999000	 999	 8.271201e+02	 700.00	 650.00	 39.00	 9	 0.40	 
BMI_bf_124	 2	 5	 115.tif	 8.290870e+02	 11	 9.509279e+02	 110	 7.319452e+02	 98	 8.301367e+02	 716.67	 650.00	 17.00	 45	 0.69	 
BMI_bf_124	 2	 5	 118.tif	 8.310870e+02	 11	 9.828080e+02	 110	 7.485950e+02	 98	 8.321367e+02	 733.33	 650.00	 9.00	 48	 0.79	 
BMI_bf_124	 2	 5	 021.tif	 8.330869e+02	 24	 999000	 240	 999000	 999	 8.341200e+02	 733.33	 650.00	 57.00	 21	 0.17	 
BMI_bf_124	 2	 5	 128.tif	 8.380869e+02	 11	 7.425935e+02	 110	 7.648280e+02	 98	 8.391365e+02	 750.00	 650.00	 23.00	 58	 0.60	 
BMI_bf_124	 2	 5	 106.tif	 8.420868e+02	 12	 8.064695e+02	 12	 999000	 98	 8.431199e+02	 750.00	 650.00	 30.00	 36	 0.51	 
BMI_bf_124	 2	 5	 117.tif	 8.460867e+02	 12	 999000	 120	 999000	 999	 8.471197e+02	 750.00	 650.00	 29.00	 47	 0.52	 
BMI_bf_124	 2	 5	 129.tif	 8.520866e+02	 11	 9.821005e+02	 110	 7.818929e+02	 98	 8.531363e+02	 766.67	 650.00	 26.00	 59	 0.55	 
BMI_bf_124	 2	 5	 110.tif	 8.540866e+02	 12	 999000	 120	 999000	 999	 8.551196e+02	 766.67	 650.00	 7.00	 40	 0.80	 
BMI_bf_124	 2	 5	 005.tif	 8.560865e+02	 24	 999000	 240	 999000	 999	 8.571196e+02	 766.67	 650.00	 53.00	 5	 0.21	 
BMI_bf_124	 2	 5	 108.tif	 8.580865e+02	 12	 999000	 120	 999000	 999	 8.591195e+02	 766.67	 650.00	 28.00	 38	 0.54	 
BMI_bf_124	 2	 5	 004.tif	 8.600864e+02	 24	 999000	 240	 999000	 999	 8.611195e+02	 766.67	 650.00	 37.00	 4	 0.41	 
BMI_bf_124	 2	 5	 126.tif	 8.640864e+02	 11	 7.976157e+02	 110	 7.974029e+02	 98	 8.651361e+02	 783.33	 650.00	 22.00	 56	 0.61	 
BMI_bf_124	 2	 5	 006.tif	 8.660863e+02	 22	 7.896380e+02	 220	 6.814731e+02	 98	 8.671361e+02	 783.33	 666.67	 51.00	 6	 0.21	 
BMI_bf_124	 2	 5	 125.tif	 8.700863e+02	 24	 999000	 240	 999000	 999	 8.711193e+02	 783.33	 666.67	 33.00	 55	 0.46	 
BMI_bf_124	 2	 5	 001.tif	 8.720862e+02	 12	 999000	 120	 999000	 999	 8.731193e+02	 783.33	 666.67	 6.00	 1	 0.81	 
BMI_bf_124	 2	 5	 103.tif	 8.740862e+02	 22	 8.133006e+02	 220	 6.987964e+02	 98	 8.751359e+02	 783.33	 683.33	 46.00	 33	 0.31	 
BMI_bf_124	 2	 5	 007.tif	 8.760862e+02	 24	 999000	 240	 999000	 999	 8.771192e+02	 783.33	 683.33	 45.00	 7	 0.34	 
BMI_bf_124	 2	 5	 008.tif	 8.810861e+02	 24	 999000	 240	 999000	 999	 8.821191e+02	 783.33	 683.33	 47.00	 8	 0.26	 
BMI_bf_124	 2	 5	 119.tif	 8.830860e+02	 11	 8.049584e+02	 110	 8.161018e+02	 98	 8.841357e+02	 800.00	 683.33	 14.00	 49	 0.72	 
BMI_bf_124	 2	 5	 111.tif	 8.850860e+02	 12	 999000	 120	 999000	 999	 8.861190e+02	 800.00	 683.33	 21.00	 41	 0.62	 
BMI_bf_124	 2	 5	 003.tif	 8.880859e+02	 24	 999000	 240	 999000	 999	 8.891190e+02	 800.00	 683.33	 52.00	 3	 0.21	 
BMI_bf_124	 2	 5	 016.tif	 8.950858e+02	 11	 1.188579e+03	 1100	 8.327674e+02	 98	 8.961522e+02	 750.00	 683.33	 8.00	 16	 0.80	 
BMI_bf_124	 2	 5	 123.tif	 8.990858e+02	 12	 999000	 120	 999000	 999	 9.001188e+02	 750.00	 683.33	 20.00	 53	 0.66	 
BMI_bf_124	 2	 5	 109.tif	 9.060856e+02	 22	 4.522042e+02	 22	 7.160022e+02	 98	 9.071353e+02	 750.00	 700.00	 38.00	 39	 0.40	 
BMI_bf_124	 2	 5	 114.tif	 9.080856e+02	 12	 999000	 120	 999000	 999	 9.091186e+02	 750.00	 700.00	 15.00	 44	 0.70	 
BMI_bf_124	 2	 5	 013.tif	 9.120855e+02	 22	 9.640005e+02	 220	 7.312346e+02	 98	 9.131352e+02	 750.00	 716.67	 35.00	 13	 0.45	 
BMI_bf_124	 2	 5	 029.tif	 9.160854e+02	 22	 9.398416e+02	 220	 7.501299e+02	 98	 9.171685e+02	 750.00	 733.33	 41.00	 29	 0.39	 
BMI_bf_124	 2	 5	 124.tif	 9.180854e+02	 24	 8.918055e+02	 24	 999000	 98	 9.191184e+02	 750.00	 733.33	 42.00	 54	 0.37	 
BMI_bf_124	 2	 5	 130.tif	 9.220853e+02	 12	 999000	 120	 999000	 999	 9.231183e+02	 750.00	 733.33	 4.00	 60	 0.81	 
BMI_bf_124	 2	 5	 015.tif	 9.240853e+02	 24	 999000	 240	 999000	 999	 9.251183e+02	 750.00	 733.33	 58.00	 15	 0.16	 
BMI_bf_124	 2	 5	 122.tif	 9.260852e+02	 11	 1.075507e+03	 1100	 7.832700e+02	 98	 9.271350e+02	 700.00	 733.33	 19.00	 52	 0.66	 
BMI_bf_124	 2	 5	 104.tif	 9.320851e+02	 12	 999000	 120	 999000	 999	 9.331182e+02	 700.00	 733.33	 10.00	 34	 0.76	 
BMI_bf_124	 2	 5	 022.tif	 9.340852e+02	 12	 999000	 120	 999000	 999	 9.351181e+02	 700.00	 733.33	 18.00	 22	 0.67	 
BMI_bf_124	 2	 5	 112.tif	 9.370851e+02	 11	 7.631131e+02	 110	 7.325851e+02	 98	 9.381347e+02	 716.67	 733.33	 11.00	 42	 0.76	 
BMI_bf_124	 2	 5	 012.tif	 9.400850e+02	 12	 999000	 120	 999000	 999	 9.411180e+02	 716.67	 733.33	 12.00	 12	 0.76	 
BMI_bf_124	 2	 5	 120.tif	 9.420850e+02	 22	 9.709061e+02	 220	 7.663478e+02	 98	 9.431346e+02	 716.67	 750.00	 43.00	 50	 0.35	 
BMI_bf_124	 2	 5	 017.tif	 9.440850e+02	 24	 999000	 240	 999000	 999	 9.451180e+02	 716.67	 750.00	 32.00	 17	 0.48	 
BMI_bf_124	 2	 5	 018.tif	 9.460849e+02	 22	 1.042747e+03	 2200	 7.824559e+02	 98	 9.471346e+02	 716.67	 700.00	 54.00	 18	 0.20	 
BMI_bf_124	 2	 5	 116.tif	 9.520848e+02	 12	 999000	 120	 999000	 999	 9.531178e+02	 716.67	 700.00	 1.00	 46	 0.88	 
BMI_bf_124	 2	 5	 026.tif	 9.540847e+02	 24	 999000	 240	 999000	 999	 9.551177e+02	 716.67	 700.00	 60.00	 26	 0.01	 
BMI_bf_124	 2	 5	 010.tif	 9.560847e+02	 24	 999000	 240	 999000	 999	 9.571177e+02	 716.67	 700.00	 31.00	 10	 0.50	 
BMI_bf_124	 2	 5	 101.tif	 9.580847e+02	 22	 1.018283e+03	 2200	 7.324577e+02	 98	 9.591343e+02	 716.67	 650.00	 40.00	 31	 0.40	 
BMI_bf_124	 2	 5	 025.tif	 9.610846e+02	 24	 999000	 240	 999000	 999	 9.621176e+02	 716.67	 650.00	 56.00	 25	 0.19	 
BMI_bf_124	 2	 5	 107.tif	 9.640845e+02	 24	 999000	 240	 999000	 999	 9.651176e+02	 716.67	 650.00	 36.00	 37	 0.42	 
