subjectID	 order	 runNum	 itemName	 onsetTime	 shuff_trialType	 RT	 respInTime	 AudioTime	 response	 fixationTime	 ladder1	 ladder2	 bidIndex	 itemNameIndex	 bidValue	 
BMI_bf_112	 2	 8	 029.tif	 1.412521e+03	 12	 999000	 120	 999000	 999	 1.413537e+03	 383.33	 383.33	 29.00	 29	 0.51	 
BMI_bf_112	 2	 8	 128.tif	 1.415521e+03	 11	 9.369404e+02	 110	 4.252929e+02	 98	 1.416537e+03	 400.00	 383.33	 26.00	 58	 0.57	 
BMI_bf_112	 2	 8	 111.tif	 1.417521e+03	 24	 999000	 240	 999000	 999	 1.418537e+03	 400.00	 383.33	 31.00	 41	 0.49	 
BMI_bf_112	 2	 8	 005.tif	 1.419521e+03	 24	 999000	 240	 999000	 999	 1.420537e+03	 400.00	 383.33	 57.00	 5	 0.19	 
BMI_bf_112	 2	 8	 127.tif	 1.421521e+03	 24	 999000	 240	 999000	 999	 1.422537e+03	 400.00	 383.33	 33.00	 57	 0.46	 
BMI_bf_112	 2	 8	 015.tif	 1.424521e+03	 12	 999000	 120	 999000	 999	 1.425537e+03	 400.00	 383.33	 18.00	 15	 0.67	 
BMI_bf_112	 2	 8	 001.tif	 1.426521e+03	 24	 999000	 240	 999000	 999	 1.427537e+03	 400.00	 383.33	 32.00	 1	 0.47	 
BMI_bf_112	 2	 8	 027.tif	 1.430520e+03	 12	 999000	 120	 999000	 999	 1.431537e+03	 400.00	 383.33	 24.00	 27	 0.59	 
BMI_bf_112	 2	 8	 123.tif	 1.432520e+03	 11	 9.606689e+02	 110	 4.421524e+02	 98	 1.433537e+03	 416.67	 383.33	 8.00	 53	 0.79	 
BMI_bf_112	 2	 8	 113.tif	 1.437520e+03	 12	 999000	 120	 999000	 999	 1.438537e+03	 416.67	 383.33	 3.00	 43	 0.84	 
BMI_bf_112	 2	 8	 003.tif	 1.439520e+03	 24	 999000	 240	 999000	 999	 1.440537e+03	 416.67	 383.33	 53.00	 3	 0.21	 
BMI_bf_112	 2	 8	 021.tif	 1.443520e+03	 22	 1.000094e+03	 2200	 4.268867e+02	 98	 1.444536e+03	 416.67	 333.33	 41.00	 21	 0.35	 
BMI_bf_112	 2	 8	 106.tif	 1.445520e+03	 11	 1.016028e+03	 1100	 4.602685e+02	 98	 1.446536e+03	 366.67	 333.33	 22.00	 36	 0.61	 
BMI_bf_112	 2	 8	 008.tif	 1.448520e+03	 24	 999000	 240	 999000	 999	 1.449536e+03	 366.67	 333.33	 60.00	 8	 0.10	 
BMI_bf_112	 2	 8	 011.tif	 1.453520e+03	 12	 999000	 120	 999000	 999	 1.454536e+03	 366.67	 333.33	 2.00	 11	 0.85	 
BMI_bf_112	 2	 8	 019.tif	 1.455520e+03	 24	 999000	 240	 999000	 999	 1.456536e+03	 366.67	 333.33	 50.00	 19	 0.25	 
BMI_bf_112	 2	 8	 004.tif	 1.457520e+03	 11	 9.115928e+02	 110	 4.091413e+02	 98	 1.458536e+03	 383.33	 333.33	 11.00	 4	 0.76	 
BMI_bf_112	 2	 8	 022.tif	 1.461520e+03	 11	 9.434125e+02	 110	 4.242352e+02	 98	 1.462536e+03	 400.00	 333.33	 17.00	 22	 0.67	 
BMI_bf_112	 2	 8	 105.tif	 1.465520e+03	 22	 8.873025e+02	 220	 3.751639e+02	 98	 1.466536e+03	 400.00	 350.00	 43.00	 35	 0.34	 
BMI_bf_112	 2	 8	 115.tif	 1.469519e+03	 12	 999000	 120	 999000	 999	 1.470536e+03	 400.00	 350.00	 6.00	 45	 0.82	 
BMI_bf_112	 2	 8	 007.tif	 1.471519e+03	 24	 999000	 240	 999000	 999	 1.472536e+03	 400.00	 350.00	 52.00	 7	 0.21	 
BMI_bf_112	 2	 8	 114.tif	 1.473519e+03	 12	 999000	 120	 999000	 999	 1.474536e+03	 400.00	 350.00	 21.00	 44	 0.63	 
BMI_bf_112	 2	 8	 012.tif	 1.475519e+03	 12	 999000	 120	 999000	 999	 1.476536e+03	 400.00	 350.00	 27.00	 12	 0.52	 
BMI_bf_112	 2	 8	 122.tif	 1.477519e+03	 12	 999000	 120	 999000	 999	 1.478536e+03	 400.00	 350.00	 7.00	 52	 0.80	 
BMI_bf_112	 2	 8	 013.tif	 1.483519e+03	 22	 8.946542e+02	 220	 3.924448e+02	 98	 1.484535e+03	 400.00	 366.67	 48.00	 13	 0.26	 
BMI_bf_112	 2	 8	 116.tif	 1.486519e+03	 11	 9.345512e+02	 110	 4.424141e+02	 98	 1.487535e+03	 416.67	 366.67	 9.00	 46	 0.78	 
BMI_bf_112	 2	 8	 025.tif	 1.488519e+03	 24	 999000	 240	 999000	 999	 1.489535e+03	 416.67	 366.67	 42.00	 25	 0.34	 
BMI_bf_112	 2	 8	 103.tif	 1.490519e+03	 11	 9.663773e+02	 110	 4.584981e+02	 98	 1.491535e+03	 433.33	 366.67	 19.00	 33	 0.66	 
BMI_bf_112	 2	 8	 104.tif	 1.493519e+03	 11	 9.822636e+02	 110	 4.755415e+02	 98	 1.494535e+03	 450.00	 366.67	 16.00	 34	 0.70	 
BMI_bf_112	 2	 8	 009.tif	 1.495519e+03	 22	 9.904197e+02	 220	 4.076821e+02	 98	 1.496535e+03	 450.00	 383.33	 38.00	 9	 0.40	 
BMI_bf_112	 2	 8	 030.tif	 1.497519e+03	 24	 999000	 240	 999000	 999	 1.498535e+03	 450.00	 383.33	 39.00	 30	 0.38	 
BMI_bf_112	 2	 8	 126.tif	 1.499519e+03	 11	 9.820650e+02	 110	 4.917508e+02	 98	 1.500535e+03	 466.67	 383.33	 14.00	 56	 0.73	 
BMI_bf_112	 2	 8	 110.tif	 1.502519e+03	 12	 999000	 120	 999000	 999	 1.503535e+03	 466.67	 383.33	 4.00	 40	 0.83	 
BMI_bf_112	 2	 8	 117.tif	 1.504518e+03	 24	 999000	 240	 999000	 999	 1.505535e+03	 466.67	 383.33	 56.00	 47	 0.19	 
BMI_bf_112	 2	 8	 109.tif	 1.506518e+03	 24	 999000	 240	 999000	 999	 1.507535e+03	 466.67	 383.33	 55.00	 39	 0.20	 
BMI_bf_112	 2	 8	 026.tif	 1.508518e+03	 12	 999000	 120	 999000	 999	 1.509535e+03	 466.67	 383.33	 12.00	 26	 0.75	 
BMI_bf_112	 2	 8	 120.tif	 1.510518e+03	 24	 999000	 240	 999000	 999	 1.511535e+03	 466.67	 383.33	 36.00	 50	 0.42	 
BMI_bf_112	 2	 8	 018.tif	 1.516518e+03	 12	 999000	 120	 999000	 999	 1.517535e+03	 466.67	 383.33	 30.00	 18	 0.51	 
BMI_bf_112	 2	 8	 107.tif	 1.519518e+03	 24	 999000	 240	 999000	 999	 1.520534e+03	 466.67	 383.33	 59.00	 37	 0.11	 
BMI_bf_112	 2	 8	 102.tif	 1.523518e+03	 12	 999000	 120	 999000	 999	 1.524534e+03	 466.67	 383.33	 1.00	 32	 0.91	 
BMI_bf_112	 2	 8	 118.tif	 1.529518e+03	 12	 999000	 120	 999000	 999	 1.530534e+03	 466.67	 383.33	 10.00	 48	 0.77	 
BMI_bf_112	 2	 8	 017.tif	 1.531518e+03	 12	 999000	 120	 999000	 999	 1.532534e+03	 466.67	 383.33	 25.00	 17	 0.59	 
BMI_bf_112	 2	 8	 006.tif	 1.536518e+03	 22	 9.407610e+02	 220	 4.254613e+02	 98	 1.537534e+03	 466.67	 400.00	 54.00	 6	 0.20	 
BMI_bf_112	 2	 8	 002.tif	 1.539518e+03	 22	 9.486629e+02	 220	 4.424666e+02	 98	 1.540534e+03	 466.67	 416.67	 49.00	 2	 0.26	 
BMI_bf_112	 2	 8	 016.tif	 1.541517e+03	 22	 9.808482e+02	 220	 4.596376e+02	 98	 1.542534e+03	 466.67	 433.33	 40.00	 16	 0.36	 
BMI_bf_112	 2	 8	 121.tif	 1.544517e+03	 12	 999000	 120	 999000	 999	 1.545534e+03	 466.67	 433.33	 5.00	 51	 0.83	 
BMI_bf_112	 2	 8	 108.tif	 1.546517e+03	 12	 999000	 120	 999000	 999	 1.547534e+03	 466.67	 433.33	 20.00	 38	 0.66	 
BMI_bf_112	 2	 8	 028.tif	 1.550517e+03	 12	 999000	 120	 999000	 999	 1.551534e+03	 466.67	 433.33	 13.00	 28	 0.75	 
BMI_bf_112	 2	 8	 020.tif	 1.554517e+03	 22	 1.035987e+03	 2200	 4.751243e+02	 98	 1.555533e+03	 466.67	 383.33	 51.00	 20	 0.22	 
BMI_bf_112	 2	 8	 010.tif	 1.556517e+03	 22	 9.640446e+02	 220	 4.248842e+02	 98	 1.557533e+03	 466.67	 400.00	 46.00	 10	 0.28	 
BMI_bf_112	 2	 8	 130.tif	 1.563517e+03	 12	 999000	 120	 999000	 999	 1.564533e+03	 466.67	 400.00	 15.00	 60	 0.72	 
BMI_bf_112	 2	 8	 014.tif	 1.565517e+03	 24	 999000	 240	 999000	 999	 1.566533e+03	 466.67	 400.00	 47.00	 14	 0.27	 
BMI_bf_112	 2	 8	 119.tif	 1.568517e+03	 22	 1.075598e+03	 2200	 4.427060e+02	 98	 1.569533e+03	 466.67	 350.00	 35.00	 49	 0.45	 
BMI_bf_112	 2	 8	 129.tif	 1.572517e+03	 12	 3.875680e+02	 12	 999000	 98	 1.573533e+03	 466.67	 350.00	 28.00	 59	 0.52	 
BMI_bf_112	 2	 8	 023.tif	 1.576517e+03	 11	 9.873372e+02	 110	 5.090338e+02	 98	 1.577533e+03	 483.33	 350.00	 23.00	 23	 0.59	 
BMI_bf_112	 2	 8	 101.tif	 1.580516e+03	 24	 999000	 240	 999000	 999	 1.581533e+03	 483.33	 350.00	 44.00	 31	 0.32	 
BMI_bf_112	 2	 8	 124.tif	 1.583516e+03	 24	 999000	 240	 999000	 999	 1.584533e+03	 483.33	 350.00	 45.00	 54	 0.32	 
BMI_bf_112	 2	 8	 125.tif	 1.585516e+03	 24	 999000	 240	 999000	 999	 1.586533e+03	 483.33	 350.00	 37.00	 55	 0.40	 
BMI_bf_112	 2	 8	 112.tif	 1.589516e+03	 24	 999000	 240	 999000	 999	 1.590532e+03	 483.33	 350.00	 34.00	 42	 0.45	 
BMI_bf_112	 2	 8	 024.tif	 1.596516e+03	 24	 999000	 240	 999000	 999	 1.597532e+03	 483.33	 350.00	 58.00	 24	 0.17	 
