subjectID	 order	 runNum	 itemName	 onsetTime	 shuff_trialType	 RT	 respInTime	 AudioTime	 response	 fixationTime	 ladder1	 ladder2	 bidIndex	 itemNameIndex	 bidValue	 
BMI_bf_106	 2	 5	 108.tif	 7.732473e+02	 22	 9.462673e+02	 220	 3.927078e+02	 98	 7.742640e+02	 350.00	 366.67	 43.00	 38	 0.33	 
BMI_bf_106	 2	 5	 107.tif	 7.762475e+02	 22	 9.298136e+02	 220	 4.094144e+02	 98	 7.772639e+02	 350.00	 383.33	 54.00	 37	 0.19	 
BMI_bf_106	 2	 5	 030.tif	 7.782475e+02	 12	 999000	 120	 999000	 999	 7.792638e+02	 350.00	 383.33	 3.00	 30	 0.91	 
BMI_bf_106	 2	 5	 026.tif	 7.802475e+02	 24	 999000	 240	 999000	 999	 7.812638e+02	 350.00	 383.33	 52.00	 26	 0.22	 
BMI_bf_106	 2	 5	 106.tif	 7.822474e+02	 12	 999000	 120	 999000	 999	 7.832638e+02	 350.00	 383.33	 28.00	 36	 0.52	 
BMI_bf_106	 2	 5	 011.tif	 7.852474e+02	 12	 999000	 120	 999000	 999	 7.862638e+02	 350.00	 383.33	 30.00	 11	 0.49	 
BMI_bf_106	 2	 5	 121.tif	 7.872473e+02	 22	 9.454190e+02	 220	 4.255372e+02	 98	 7.882637e+02	 350.00	 400.00	 38.00	 51	 0.41	 
BMI_bf_106	 2	 5	 014.tif	 7.912473e+02	 12	 999000	 120	 999000	 999	 7.922636e+02	 350.00	 400.00	 15.00	 14	 0.71	 
BMI_bf_106	 2	 5	 110.tif	 7.932472e+02	 12	 999000	 120	 999000	 999	 7.942636e+02	 350.00	 400.00	 10.00	 40	 0.76	 
BMI_bf_106	 2	 5	 124.tif	 7.982469e+02	 12	 999000	 120	 999000	 999	 7.992635e+02	 350.00	 400.00	 5.00	 54	 0.85	 
BMI_bf_106	 2	 5	 104.tif	 8.002471e+02	 11	 9.449626e+02	 110	 3.938642e+02	 98	 8.012635e+02	 366.67	 400.00	 9.00	 34	 0.79	 
BMI_bf_106	 2	 5	 103.tif	 8.042470e+02	 11	 9.528010e+02	 110	 4.090223e+02	 98	 8.052635e+02	 383.33	 400.00	 22.00	 33	 0.61	 
BMI_bf_106	 2	 5	 128.tif	 8.062470e+02	 22	 1.048762e+03	 2200	 4.431681e+02	 98	 8.072634e+02	 383.33	 350.00	 48.00	 58	 0.28	 
BMI_bf_106	 2	 5	 101.tif	 8.092470e+02	 12	 999000	 120	 999000	 999	 8.102633e+02	 383.33	 350.00	 7.00	 31	 0.83	 
BMI_bf_106	 2	 5	 007.tif	 8.142469e+02	 12	 999000	 120	 999000	 999	 8.152632e+02	 383.33	 350.00	 18.00	 7	 0.67	 
BMI_bf_106	 2	 5	 028.tif	 8.162468e+02	 22	 9.443954e+02	 220	 3.924198e+02	 98	 8.172632e+02	 383.33	 366.67	 46.00	 28	 0.30	 
BMI_bf_106	 2	 5	 122.tif	 8.182468e+02	 24	 999000	 240	 999000	 999	 8.192631e+02	 383.33	 366.67	 57.00	 52	 0.12	 
BMI_bf_106	 2	 5	 004.tif	 8.222467e+02	 24	 999000	 240	 999000	 999	 8.232631e+02	 383.33	 366.67	 44.00	 4	 0.31	 
BMI_bf_106	 2	 5	 116.tif	 8.262467e+02	 11	 9.600594e+02	 110	 4.260138e+02	 98	 8.272630e+02	 400.00	 366.67	 23.00	 46	 0.60	 
BMI_bf_106	 2	 5	 013.tif	 8.302466e+02	 12	 999000	 120	 999000	 999	 8.312629e+02	 400.00	 366.67	 13.00	 13	 0.73	 
BMI_bf_106	 2	 5	 125.tif	 8.322465e+02	 22	 9.438654e+02	 220	 4.092816e+02	 98	 8.332629e+02	 400.00	 383.33	 49.00	 55	 0.27	 
BMI_bf_106	 2	 5	 006.tif	 8.342465e+02	 24	 999000	 240	 999000	 999	 8.352629e+02	 400.00	 383.33	 59.00	 6	 0.10	 
BMI_bf_106	 2	 5	 019.tif	 8.362465e+02	 24	 999000	 240	 999000	 999	 8.372628e+02	 400.00	 383.33	 36.00	 19	 0.46	 
BMI_bf_106	 2	 5	 111.tif	 8.382464e+02	 12	 999000	 120	 999000	 999	 8.392628e+02	 400.00	 383.33	 1.00	 41	 0.93	 
BMI_bf_106	 2	 5	 022.tif	 8.442460e+02	 24	 999000	 240	 999000	 999	 8.452627e+02	 400.00	 383.33	 45.00	 22	 0.30	 
BMI_bf_106	 2	 5	 127.tif	 8.472463e+02	 12	 999000	 120	 999000	 999	 8.482626e+02	 400.00	 383.33	 4.00	 57	 0.85	 
BMI_bf_106	 2	 5	 115.tif	 8.492462e+02	 24	 999000	 240	 999000	 999	 8.502625e+02	 400.00	 383.33	 32.00	 45	 0.47	 
BMI_bf_106	 2	 5	 003.tif	 8.512462e+02	 11	 9.511848e+02	 110	 4.422640e+02	 98	 8.522625e+02	 416.67	 383.33	 16.00	 3	 0.69	 
BMI_bf_106	 2	 5	 024.tif	 8.542462e+02	 24	 999000	 240	 999000	 999	 8.552625e+02	 416.67	 383.33	 31.00	 24	 0.48	 
BMI_bf_106	 2	 5	 001.tif	 8.562461e+02	 22	 9.349781e+02	 220	 4.258312e+02	 98	 8.572625e+02	 416.67	 400.00	 35.00	 1	 0.47	 
BMI_bf_106	 2	 5	 123.tif	 8.582459e+02	 12	 999000	 120	 999000	 999	 8.592624e+02	 416.67	 400.00	 21.00	 53	 0.66	 
BMI_bf_106	 2	 5	 119.tif	 8.602461e+02	 12	 999000	 120	 999000	 999	 8.612624e+02	 416.67	 400.00	 12.00	 49	 0.73	 
BMI_bf_106	 2	 5	 015.tif	 8.632460e+02	 11	 9.507580e+02	 110	 4.596172e+02	 98	 8.642623e+02	 433.33	 400.00	 17.00	 15	 0.67	 
BMI_bf_106	 2	 5	 016.tif	 8.652458e+02	 24	 999000	 240	 999000	 999	 8.662623e+02	 433.33	 400.00	 33.00	 16	 0.47	 
BMI_bf_106	 2	 5	 102.tif	 8.672459e+02	 12	 999000	 120	 999000	 999	 8.682622e+02	 433.33	 400.00	 6.00	 32	 0.83	 
BMI_bf_106	 2	 5	 120.tif	 8.692459e+02	 24	 999000	 240	 999000	 999	 8.702622e+02	 433.33	 400.00	 58.00	 50	 0.11	 
BMI_bf_106	 2	 5	 114.tif	 8.712458e+02	 11	 1.046440e+03	 1100	 4.747526e+02	 98	 8.722955e+02	 383.33	 400.00	 14.00	 44	 0.73	 
BMI_bf_106	 2	 5	 012.tif	 8.772457e+02	 24	 999000	 240	 999000	 999	 8.782621e+02	 383.33	 400.00	 60.00	 12	 0.01	 
BMI_bf_106	 2	 5	 129.tif	 8.802457e+02	 24	 999000	 240	 999000	 999	 8.812620e+02	 383.33	 400.00	 42.00	 59	 0.34	 
BMI_bf_106	 2	 5	 126.tif	 8.842456e+02	 11	 9.419836e+02	 110	 4.247883e+02	 98	 8.852620e+02	 400.00	 400.00	 8.00	 56	 0.82	 
BMI_bf_106	 2	 5	 010.tif	 8.902455e+02	 24	 999000	 240	 999000	 999	 8.912619e+02	 400.00	 400.00	 37.00	 10	 0.44	 
BMI_bf_106	 2	 5	 002.tif	 8.922455e+02	 11	 9.656915e+02	 110	 4.416111e+02	 98	 8.932618e+02	 416.67	 400.00	 26.00	 2	 0.54	 
BMI_bf_106	 2	 5	 029.tif	 8.972454e+02	 22	 9.575142e+02	 220	 4.417047e+02	 98	 8.982617e+02	 416.67	 416.67	 51.00	 29	 0.23	 
BMI_bf_106	 2	 5	 109.tif	 9.002453e+02	 12	 999000	 120	 999000	 999	 9.012617e+02	 416.67	 416.67	 27.00	 39	 0.53	 
BMI_bf_106	 2	 5	 118.tif	 9.022453e+02	 12	 999000	 120	 999000	 999	 9.032616e+02	 416.67	 416.67	 25.00	 48	 0.55	 
BMI_bf_106	 2	 5	 017.tif	 9.052452e+02	 24	 999000	 240	 999000	 999	 9.062616e+02	 416.67	 416.67	 56.00	 17	 0.17	 
BMI_bf_106	 2	 5	 021.tif	 9.072449e+02	 24	 999000	 240	 999000	 999	 9.082615e+02	 416.67	 416.67	 39.00	 21	 0.39	 
BMI_bf_106	 2	 5	 005.tif	 9.112451e+02	 24	 999000	 240	 999000	 999	 9.122615e+02	 416.67	 416.67	 50.00	 5	 0.24	 
BMI_bf_106	 2	 5	 130.tif	 9.152450e+02	 11	 9.888690e+02	 110	 4.606613e+02	 98	 9.162614e+02	 433.33	 416.67	 19.00	 60	 0.67	 
BMI_bf_106	 2	 5	 117.tif	 9.172448e+02	 12	 999000	 120	 999000	 999	 9.182614e+02	 433.33	 416.67	 24.00	 47	 0.55	 
BMI_bf_106	 2	 5	 025.tif	 9.242449e+02	 12	 999000	 120	 999000	 999	 9.252612e+02	 433.33	 416.67	 20.00	 25	 0.67	 
BMI_bf_106	 2	 5	 027.tif	 9.262448e+02	 12	 999000	 120	 999000	 999	 9.272612e+02	 433.33	 416.67	 29.00	 27	 0.50	 
BMI_bf_106	 2	 5	 020.tif	 9.292448e+02	 11	 1.012335e+03	 1100	 4.752003e+02	 98	 9.302611e+02	 383.33	 416.67	 11.00	 20	 0.74	 
BMI_bf_106	 2	 5	 009.tif	 9.332447e+02	 24	 999000	 240	 999000	 999	 9.342611e+02	 383.33	 416.67	 34.00	 9	 0.47	 
BMI_bf_106	 2	 5	 105.tif	 9.372446e+02	 24	 999000	 240	 999000	 999	 9.382610e+02	 383.33	 416.67	 47.00	 35	 0.29	 
BMI_bf_106	 2	 5	 023.tif	 9.412446e+02	 24	 999000	 240	 999000	 999	 9.422609e+02	 383.33	 416.67	 55.00	 23	 0.19	 
BMI_bf_106	 2	 5	 018.tif	 9.442445e+02	 22	 9.959014e+02	 220	 4.593739e+02	 98	 9.452608e+02	 383.33	 433.33	 41.00	 18	 0.36	 
BMI_bf_106	 2	 5	 008.tif	 9.462443e+02	 22	 1.019942e+03	 2200	 4.759851e+02	 98	 9.472608e+02	 383.33	 383.33	 40.00	 8	 0.36	 
BMI_bf_106	 2	 5	 113.tif	 9.502444e+02	 12	 999000	 120	 999000	 999	 9.512607e+02	 383.33	 383.33	 2.00	 43	 0.91	 
BMI_bf_106	 2	 5	 112.tif	 9.572443e+02	 24	 999000	 240	 999000	 999	 9.582606e+02	 383.33	 383.33	 53.00	 42	 0.20	 
