subjectID	 order	 runNum	 itemName	 onsetTime	 shuff_trialType	 RT	 respInTime	 AudioTime	 response	 fixationTime	 ladder1	 ladder2	 bidIndex	 itemNameIndex	 bidValue	 
BMI_bf_108	 2	 2	 003.tif	 1.887228e+02	 12	 999000	 120	 999000	 999	 1.897394e+02	 383.33	 383.33	 21.00	 3	 0.60	 
BMI_bf_108	 2	 2	 011.tif	 1.917230e+02	 12	 999000	 120	 999000	 999	 1.927394e+02	 383.33	 383.33	 7.00	 11	 0.73	 
BMI_bf_108	 2	 2	 019.tif	 1.957230e+02	 24	 999000	 240	 999000	 999	 1.967393e+02	 383.33	 383.33	 50.00	 19	 0.28	 
BMI_bf_108	 2	 2	 110.tif	 1.977230e+02	 22	 1.014361e+03	 2200	 4.261522e+02	 98	 1.987393e+02	 383.33	 333.33	 46.00	 40	 0.35	 
BMI_bf_108	 2	 2	 121.tif	 1.997228e+02	 12	 999000	 120	 999000	 999	 2.007393e+02	 383.33	 333.33	 30.00	 51	 0.51	 
BMI_bf_108	 2	 2	 023.tif	 2.037229e+02	 11	 9.982214e+02	 110	 4.259669e+02	 98	 2.047392e+02	 400.00	 333.33	 16.00	 23	 0.64	 
BMI_bf_108	 2	 2	 108.tif	 2.057227e+02	 24	 999000	 240	 999000	 999	 2.067392e+02	 400.00	 333.33	 37.00	 38	 0.45	 
BMI_bf_108	 2	 2	 004.tif	 2.107228e+02	 11	 9.899439e+02	 110	 4.420599e+02	 98	 2.117391e+02	 416.67	 333.33	 17.00	 4	 0.63	 
BMI_bf_108	 2	 2	 013.tif	 2.127225e+02	 24	 999000	 240	 999000	 999	 2.137391e+02	 416.67	 333.33	 44.00	 13	 0.37	 
BMI_bf_108	 2	 2	 118.tif	 2.157227e+02	 12	 999000	 120	 999000	 999	 2.167391e+02	 416.67	 333.33	 20.00	 48	 0.61	 
BMI_bf_108	 2	 2	 117.tif	 2.187227e+02	 22	 9.096656e+02	 220	 3.762561e+02	 98	 2.197391e+02	 416.67	 350.00	 49.00	 47	 0.34	 
BMI_bf_108	 2	 2	 107.tif	 2.227226e+02	 24	 999000	 240	 999000	 999	 2.237390e+02	 416.67	 350.00	 57.00	 37	 0.19	 
BMI_bf_108	 2	 2	 125.tif	 2.257226e+02	 24	 999000	 240	 999000	 999	 2.267390e+02	 416.67	 350.00	 59.00	 55	 0.11	 
BMI_bf_108	 2	 2	 015.tif	 2.277226e+02	 22	 9.492904e+02	 220	 3.917282e+02	 98	 2.287389e+02	 416.67	 366.67	 43.00	 15	 0.37	 
BMI_bf_108	 2	 2	 012.tif	 2.307225e+02	 12	 999000	 120	 999000	 999	 2.317389e+02	 416.67	 366.67	 15.00	 12	 0.65	 
BMI_bf_108	 2	 2	 111.tif	 2.347225e+02	 22	 9.891222e+02	 220	 4.089221e+02	 98	 2.357388e+02	 416.67	 383.33	 41.00	 41	 0.42	 
BMI_bf_108	 2	 2	 014.tif	 2.377224e+02	 12	 999000	 120	 999000	 999	 2.387388e+02	 416.67	 383.33	 3.00	 14	 0.81	 
BMI_bf_108	 2	 2	 022.tif	 2.397224e+02	 22	 9.728991e+02	 220	 4.251434e+02	 98	 2.407388e+02	 416.67	 400.00	 51.00	 22	 0.25	 
BMI_bf_108	 2	 2	 024.tif	 2.417222e+02	 12	 999000	 120	 999000	 999	 2.427388e+02	 416.67	 400.00	 6.00	 24	 0.76	 
BMI_bf_108	 2	 2	 124.tif	 2.467223e+02	 12	 999000	 120	 999000	 999	 2.477387e+02	 416.67	 400.00	 12.00	 54	 0.70	 
BMI_bf_108	 2	 2	 120.tif	 2.507223e+02	 12	 999000	 120	 999000	 999	 2.517386e+02	 416.67	 400.00	 29.00	 50	 0.52	 
BMI_bf_108	 2	 2	 114.tif	 2.547222e+02	 24	 999000	 240	 999000	 999	 2.557386e+02	 416.67	 400.00	 31.00	 44	 0.51	 
BMI_bf_108	 2	 2	 116.tif	 2.607222e+02	 24	 999000	 240	 999000	 999	 2.617385e+02	 416.67	 400.00	 45.00	 46	 0.36	 
BMI_bf_108	 2	 2	 122.tif	 2.627221e+02	 24	 999000	 240	 999000	 999	 2.637385e+02	 416.67	 400.00	 32.00	 52	 0.49	 
BMI_bf_108	 2	 2	 112.tif	 2.647221e+02	 12	 999000	 120	 999000	 999	 2.657385e+02	 416.67	 400.00	 18.00	 42	 0.62	 
BMI_bf_108	 2	 2	 127.tif	 2.667221e+02	 12	 999000	 120	 999000	 999	 2.677384e+02	 416.67	 400.00	 27.00	 57	 0.55	 
BMI_bf_108	 2	 2	 009.tif	 2.687220e+02	 12	 999000	 120	 999000	 999	 2.697384e+02	 416.67	 400.00	 28.00	 9	 0.53	 
BMI_bf_108	 2	 2	 016.tif	 2.727220e+02	 22	 1.027787e+03	 2200	 4.419153e+02	 98	 2.737383e+02	 416.67	 350.00	 48.00	 16	 0.34	 
BMI_bf_108	 2	 2	 008.tif	 2.747218e+02	 12	 999000	 120	 999000	 999	 2.757383e+02	 416.67	 350.00	 1.00	 8	 0.93	 
BMI_bf_108	 2	 2	 128.tif	 2.787219e+02	 22	 9.475746e+02	 220	 3.927524e+02	 98	 2.797383e+02	 416.67	 366.67	 38.00	 58	 0.44	 
BMI_bf_108	 2	 2	 028.tif	 2.807219e+02	 12	 999000	 120	 999000	 999	 2.817383e+02	 416.67	 366.67	 24.00	 28	 0.58	 
BMI_bf_108	 2	 2	 018.tif	 2.827219e+02	 24	 999000	 240	 999000	 999	 2.837382e+02	 416.67	 366.67	 58.00	 18	 0.18	 
BMI_bf_108	 2	 2	 005.tif	 2.847219e+02	 24	 999000	 240	 999000	 999	 2.857382e+02	 416.67	 366.67	 53.00	 5	 0.22	 
BMI_bf_108	 2	 2	 007.tif	 2.897218e+02	 11	 1.019168e+03	 1100	 4.579133e+02	 98	 2.907381e+02	 366.67	 366.67	 19.00	 7	 0.62	 
BMI_bf_108	 2	 2	 010.tif	 2.917216e+02	 24	 999000	 240	 999000	 999	 2.927381e+02	 366.67	 366.67	 47.00	 10	 0.35	 
BMI_bf_108	 2	 2	 101.tif	 2.937217e+02	 24	 999000	 240	 999000	 999	 2.947381e+02	 366.67	 366.67	 33.00	 31	 0.49	 
BMI_bf_108	 2	 2	 020.tif	 2.967217e+02	 11	 9.869594e+02	 110	 4.090525e+02	 98	 2.977381e+02	 383.33	 366.67	 9.00	 20	 0.71	 
BMI_bf_108	 2	 2	 102.tif	 3.037216e+02	 12	 999000	 120	 999000	 999	 3.047380e+02	 383.33	 366.67	 13.00	 32	 0.68	 
BMI_bf_108	 2	 2	 130.tif	 3.077216e+02	 12	 999000	 120	 999000	 999	 3.087380e+02	 383.33	 366.67	 4.00	 60	 0.77	 
BMI_bf_108	 2	 2	 129.tif	 3.147215e+02	 12	 999000	 120	 999000	 999	 3.157378e+02	 383.33	 366.67	 10.00	 59	 0.70	 
BMI_bf_108	 2	 2	 001.tif	 3.167215e+02	 24	 999000	 240	 999000	 999	 3.177378e+02	 383.33	 366.67	 52.00	 1	 0.24	 
BMI_bf_108	 2	 2	 104.tif	 3.207215e+02	 11	 9.780011e+02	 110	 4.247190e+02	 98	 3.217377e+02	 400.00	 366.67	 23.00	 34	 0.58	 
BMI_bf_108	 2	 2	 103.tif	 3.247214e+02	 24	 999000	 240	 999000	 999	 3.257377e+02	 400.00	 366.67	 42.00	 33	 0.41	 
BMI_bf_108	 2	 2	 021.tif	 3.267214e+02	 22	 9.858694e+02	 220	 4.097900e+02	 98	 3.277377e+02	 400.00	 383.33	 54.00	 21	 0.22	 
BMI_bf_108	 2	 2	 126.tif	 3.307213e+02	 11	 9.297115e+02	 110	 4.420442e+02	 98	 3.317377e+02	 416.67	 383.33	 14.00	 56	 0.68	 
BMI_bf_108	 2	 2	 123.tif	 3.327211e+02	 22	 9.298259e+02	 220	 4.250864e+02	 98	 3.337376e+02	 416.67	 400.00	 35.00	 53	 0.46	 
BMI_bf_108	 2	 2	 006.tif	 3.347210e+02	 24	 999000	 240	 999000	 999	 3.357376e+02	 416.67	 400.00	 60.00	 6	 0.10	 
BMI_bf_108	 2	 2	 105.tif	 3.407212e+02	 24	 999000	 240	 999000	 999	 3.417375e+02	 416.67	 400.00	 56.00	 35	 0.20	 
BMI_bf_108	 2	 2	 106.tif	 3.427211e+02	 11	 9.933174e+02	 110	 4.587669e+02	 98	 3.437375e+02	 433.33	 400.00	 8.00	 36	 0.72	 
BMI_bf_108	 2	 2	 030.tif	 3.457211e+02	 24	 999000	 240	 999000	 999	 3.467374e+02	 433.33	 400.00	 36.00	 30	 0.46	 
BMI_bf_108	 2	 2	 025.tif	 3.487211e+02	 24	 999000	 240	 999000	 999	 3.497374e+02	 433.33	 400.00	 39.00	 25	 0.44	 
BMI_bf_108	 2	 2	 115.tif	 3.507210e+02	 11	 9.690295e+02	 110	 4.757121e+02	 98	 3.517374e+02	 450.00	 400.00	 26.00	 45	 0.56	 
BMI_bf_108	 2	 2	 109.tif	 3.527208e+02	 24	 999000	 240	 999000	 999	 3.537374e+02	 450.00	 400.00	 34.00	 39	 0.48	 
BMI_bf_108	 2	 2	 026.tif	 3.547210e+02	 22	 9.849052e+02	 220	 4.414007e+02	 98	 3.557373e+02	 450.00	 416.67	 40.00	 26	 0.42	 
BMI_bf_108	 2	 2	 027.tif	 3.607209e+02	 24	 999000	 240	 999000	 999	 3.617373e+02	 450.00	 416.67	 55.00	 27	 0.21	 
BMI_bf_108	 2	 2	 113.tif	 3.627208e+02	 12	 999000	 120	 999000	 999	 3.637372e+02	 450.00	 416.67	 25.00	 43	 0.57	 
BMI_bf_108	 2	 2	 119.tif	 3.647209e+02	 11	 9.845158e+02	 110	 4.906807e+02	 98	 3.657372e+02	 466.67	 416.67	 22.00	 49	 0.59	 
BMI_bf_108	 2	 2	 017.tif	 3.667208e+02	 11	 9.844932e+02	 110	 5.080427e+02	 98	 3.677371e+02	 483.33	 416.67	 11.00	 17	 0.70	 
BMI_bf_108	 2	 2	 029.tif	 3.697208e+02	 12	 999000	 120	 999000	 999	 3.707371e+02	 483.33	 416.67	 5.00	 29	 0.76	 
BMI_bf_108	 2	 2	 002.tif	 3.727207e+02	 12	 999000	 120	 999000	 999	 3.737371e+02	 483.33	 416.67	 2.00	 2	 0.82	 
