subjectID	 order	 runNum	 itemName	 onsetTime	 shuff_trialType	 RT	 respInTime	 AudioTime	 response	 fixationTime	 ladder1	 ladder2	 bidIndex	 itemNameIndex	 bidValue	 
BMI_bf_110	 2	 5	 128.tif	 7.716898e+02	 12	 999000	 120	 999000	 999	 7.727065e+02	 350.00	 350.00	 28.00	 58	 0.54	 
BMI_bf_110	 2	 5	 111.tif	 7.766900e+02	 11	 9.152910e+02	 110	 3.922390e+02	 98	 7.777064e+02	 366.67	 350.00	 8.00	 41	 0.77	 
BMI_bf_110	 2	 5	 029.tif	 7.786900e+02	 12	 999000	 120	 999000	 999	 7.797064e+02	 366.67	 350.00	 27.00	 29	 0.54	 
BMI_bf_110	 2	 5	 126.tif	 7.806899e+02	 12	 999000	 120	 999000	 999	 7.817063e+02	 366.67	 350.00	 15.00	 56	 0.71	 
BMI_bf_110	 2	 5	 017.tif	 7.866899e+02	 22	 8.989091e+02	 220	 3.914508e+02	 98	 7.877063e+02	 366.67	 366.67	 49.00	 17	 0.24	 
BMI_bf_110	 2	 5	 117.tif	 7.886899e+02	 24	 999000	 240	 999000	 999	 7.897063e+02	 366.67	 366.67	 58.00	 47	 0.11	 
BMI_bf_110	 2	 5	 026.tif	 7.916899e+02	 24	 999000	 240	 999000	 999	 7.927062e+02	 366.67	 366.67	 60.00	 26	 0.08	 
BMI_bf_110	 2	 5	 129.tif	 7.936898e+02	 22	 9.467188e+02	 220	 4.085228e+02	 98	 7.947062e+02	 366.67	 383.33	 54.00	 59	 0.19	 
BMI_bf_110	 2	 5	 030.tif	 7.976898e+02	 24	 999000	 240	 999000	 999	 7.987061e+02	 366.67	 383.33	 47.00	 30	 0.28	 
BMI_bf_110	 2	 5	 101.tif	 7.996898e+02	 11	 9.384898e+02	 110	 4.087054e+02	 98	 8.007061e+02	 383.33	 383.33	 17.00	 31	 0.69	 
BMI_bf_110	 2	 5	 014.tif	 8.046897e+02	 11	 9.543193e+02	 110	 4.243836e+02	 98	 8.057061e+02	 400.00	 383.33	 14.00	 14	 0.72	 
BMI_bf_110	 2	 5	 025.tif	 8.116896e+02	 24	 999000	 240	 999000	 999	 8.127059e+02	 400.00	 383.33	 42.00	 25	 0.33	 
BMI_bf_110	 2	 5	 130.tif	 8.136896e+02	 11	 1.074020e+03	 1100	 4.424261e+02	 98	 8.147059e+02	 350.00	 383.33	 19.00	 60	 0.68	 
BMI_bf_110	 2	 5	 115.tif	 8.166896e+02	 11	 1.097926e+03	 1100	 3.920418e+02	 98	 8.177059e+02	 300.00	 383.33	 22.00	 45	 0.64	 
BMI_bf_110	 2	 5	 109.tif	 8.196895e+02	 11	 9.937494e+02	 110	 3.416495e+02	 98	 8.207059e+02	 316.67	 383.33	 11.00	 39	 0.74	 
BMI_bf_110	 2	 5	 018.tif	 8.236895e+02	 22	 3.217008e+02	 22	 4.237971e+02	 98	 8.247058e+02	 316.67	 400.00	 41.00	 18	 0.33	 
BMI_bf_110	 2	 5	 108.tif	 8.276894e+02	 12	 999000	 120	 999000	 999	 8.287058e+02	 316.67	 400.00	 25.00	 38	 0.59	 
BMI_bf_110	 2	 5	 021.tif	 8.316894e+02	 24	 999000	 240	 999000	 999	 8.327057e+02	 316.67	 400.00	 45.00	 21	 0.31	 
BMI_bf_110	 2	 5	 127.tif	 8.346893e+02	 12	 999000	 120	 999000	 999	 8.357057e+02	 316.67	 400.00	 1.00	 57	 0.98	 
BMI_bf_110	 2	 5	 003.tif	 8.406892e+02	 24	 999000	 240	 999000	 999	 8.417056e+02	 316.67	 400.00	 55.00	 3	 0.16	 
BMI_bf_110	 2	 5	 007.tif	 8.426892e+02	 22	 1.000941e+03	 2200	 4.416029e+02	 98	 8.437056e+02	 316.67	 350.00	 40.00	 7	 0.33	 
BMI_bf_110	 2	 5	 004.tif	 8.456892e+02	 24	 999000	 240	 999000	 999	 8.467055e+02	 316.67	 350.00	 34.00	 4	 0.46	 
BMI_bf_110	 2	 5	 005.tif	 8.476892e+02	 24	 999000	 240	 999000	 999	 8.487055e+02	 316.67	 350.00	 44.00	 5	 0.32	 
BMI_bf_110	 2	 5	 013.tif	 8.496892e+02	 12	 999000	 120	 999000	 999	 8.507055e+02	 316.67	 350.00	 18.00	 13	 0.68	 
BMI_bf_110	 2	 5	 121.tif	 8.516891e+02	 11	 8.966434e+02	 110	 3.584736e+02	 98	 8.527055e+02	 333.33	 350.00	 16.00	 51	 0.69	 
BMI_bf_110	 2	 5	 120.tif	 8.546891e+02	 24	 999000	 240	 999000	 999	 8.557054e+02	 333.33	 350.00	 53.00	 50	 0.21	 
BMI_bf_110	 2	 5	 008.tif	 8.586890e+02	 24	 999000	 240	 999000	 999	 8.597054e+02	 333.33	 350.00	 37.00	 8	 0.42	 
BMI_bf_110	 2	 5	 107.tif	 8.606890e+02	 12	 999000	 120	 999000	 999	 8.617053e+02	 333.33	 350.00	 30.00	 37	 0.53	 
BMI_bf_110	 2	 5	 022.tif	 8.626890e+02	 22	 9.922733e+02	 220	 3.921475e+02	 98	 8.637054e+02	 333.33	 366.67	 43.00	 22	 0.33	 
BMI_bf_110	 2	 5	 110.tif	 8.646890e+02	 12	 999000	 120	 999000	 999	 8.657053e+02	 333.33	 366.67	 6.00	 40	 0.78	 
BMI_bf_110	 2	 5	 001.tif	 8.666889e+02	 22	 9.921127e+02	 220	 4.092560e+02	 98	 8.677053e+02	 333.33	 383.33	 51.00	 1	 0.23	 
BMI_bf_110	 2	 5	 114.tif	 8.686889e+02	 12	 999000	 120	 999000	 999	 8.697052e+02	 333.33	 383.33	 20.00	 44	 0.67	 
BMI_bf_110	 2	 5	 112.tif	 8.726889e+02	 24	 999000	 240	 999000	 999	 8.737052e+02	 333.33	 383.33	 50.00	 42	 0.24	 
BMI_bf_110	 2	 5	 012.tif	 8.766885e+02	 24	 999000	 240	 999000	 999	 8.777052e+02	 333.33	 383.33	 59.00	 12	 0.08	 
BMI_bf_110	 2	 5	 010.tif	 8.786888e+02	 11	 8.876779e+02	 110	 3.766192e+02	 98	 8.797052e+02	 350.00	 383.33	 9.00	 10	 0.75	 
BMI_bf_110	 2	 5	 027.tif	 8.806888e+02	 24	 999000	 240	 999000	 999	 8.817051e+02	 350.00	 383.33	 36.00	 27	 0.43	 
BMI_bf_110	 2	 5	 024.tif	 8.826887e+02	 12	 999000	 120	 999000	 999	 8.837052e+02	 350.00	 383.33	 3.00	 24	 0.89	 
BMI_bf_110	 2	 5	 002.tif	 8.846887e+02	 12	 999000	 120	 999000	 999	 8.857051e+02	 350.00	 383.33	 5.00	 2	 0.81	 
BMI_bf_110	 2	 5	 023.tif	 8.906886e+02	 22	 9.992973e+02	 220	 4.257269e+02	 98	 8.917050e+02	 350.00	 400.00	 46.00	 23	 0.29	 
BMI_bf_110	 2	 5	 118.tif	 8.926884e+02	 11	 9.194096e+02	 110	 3.924001e+02	 98	 8.937049e+02	 366.67	 400.00	 26.00	 48	 0.56	 
BMI_bf_110	 2	 5	 011.tif	 8.946886e+02	 12	 999000	 120	 999000	 999	 8.957049e+02	 366.67	 400.00	 13.00	 11	 0.72	 
BMI_bf_110	 2	 5	 122.tif	 8.966886e+02	 12	 999000	 120	 999000	 999	 8.977049e+02	 366.67	 400.00	 21.00	 52	 0.66	 
BMI_bf_110	 2	 5	 009.tif	 8.996885e+02	 12	 999000	 120	 999000	 999	 9.007049e+02	 366.67	 400.00	 24.00	 9	 0.60	 
BMI_bf_110	 2	 5	 119.tif	 9.016885e+02	 24	 999000	 240	 999000	 999	 9.027048e+02	 366.67	 400.00	 31.00	 49	 0.52	 
BMI_bf_110	 2	 5	 104.tif	 9.086884e+02	 11	 9.186522e+02	 110	 4.093978e+02	 98	 9.097048e+02	 383.33	 400.00	 23.00	 34	 0.64	 
BMI_bf_110	 2	 5	 016.tif	 9.106884e+02	 24	 999000	 240	 999000	 999	 9.117047e+02	 383.33	 400.00	 33.00	 16	 0.46	 
BMI_bf_110	 2	 5	 106.tif	 9.146883e+02	 24	 999000	 240	 999000	 999	 9.157047e+02	 383.33	 400.00	 32.00	 36	 0.47	 
BMI_bf_110	 2	 5	 020.tif	 9.186883e+02	 12	 999000	 120	 999000	 999	 9.197046e+02	 383.33	 400.00	 10.00	 20	 0.75	 
BMI_bf_110	 2	 5	 113.tif	 9.216883e+02	 12	 999000	 120	 999000	 999	 9.227046e+02	 383.33	 400.00	 29.00	 43	 0.53	 
BMI_bf_110	 2	 5	 105.tif	 9.236882e+02	 22	 1.006083e+03	 2200	 4.422133e+02	 98	 9.247046e+02	 383.33	 350.00	 48.00	 35	 0.27	 
BMI_bf_110	 2	 5	 123.tif	 9.276882e+02	 12	 999000	 120	 999000	 999	 9.287046e+02	 383.33	 350.00	 4.00	 53	 0.89	 
BMI_bf_110	 2	 5	 102.tif	 9.296882e+02	 12	 999000	 120	 999000	 999	 9.307045e+02	 383.33	 350.00	 2.00	 32	 0.95	 
BMI_bf_110	 2	 5	 124.tif	 9.326881e+02	 12	 999000	 120	 999000	 999	 9.337045e+02	 383.33	 350.00	 7.00	 54	 0.78	 
BMI_bf_110	 2	 5	 116.tif	 9.366881e+02	 12	 999000	 120	 999000	 999	 9.377044e+02	 383.33	 350.00	 12.00	 46	 0.73	 
BMI_bf_110	 2	 5	 125.tif	 9.386878e+02	 24	 999000	 240	 999000	 999	 9.397044e+02	 383.33	 350.00	 52.00	 55	 0.22	 
BMI_bf_110	 2	 5	 103.tif	 9.436880e+02	 22	 9.734183e+02	 220	 3.919145e+02	 98	 9.447043e+02	 383.33	 366.67	 35.00	 33	 0.46	 
BMI_bf_110	 2	 5	 015.tif	 9.456880e+02	 24	 999000	 240	 999000	 999	 9.467043e+02	 383.33	 366.67	 39.00	 15	 0.35	 
BMI_bf_110	 2	 5	 019.tif	 9.496879e+02	 22	 9.971891e+02	 220	 4.095014e+02	 98	 9.507043e+02	 383.33	 383.33	 38.00	 19	 0.40	 
BMI_bf_110	 2	 5	 028.tif	 9.526879e+02	 24	 999000	 240	 999000	 999	 9.537042e+02	 383.33	 383.33	 57.00	 28	 0.14	 
BMI_bf_110	 2	 5	 006.tif	 9.556879e+02	 24	 999000	 240	 999000	 999	 9.567042e+02	 383.33	 383.33	 56.00	 6	 0.14	 
