subjectID	 order	 runNum	 itemName	 onsetTime	 shuff_trialType	 RT	 respInTime	 AudioTime	 response	 fixationTime	 ladder1	 ladder2	 bidIndex	 itemNameIndex	 bidValue	 
BMI_bf_122	 2	 2	 024.tif	 1.887293e+02	 11	 9.754535e+02	 110	 6.164334e+02	 98	 1.897793e+02	 600.00	 583.33	 19.00	 24	 0.64	 
BMI_bf_122	 2	 2	 107.tif	 1.907296e+02	 24	 999000	 240	 999000	 999	 1.917626e+02	 600.00	 583.33	 47.00	 37	 0.29	 
BMI_bf_122	 2	 2	 129.tif	 1.947295e+02	 24	 999000	 240	 999000	 999	 1.957626e+02	 600.00	 583.33	 59.00	 59	 0.10	 
BMI_bf_122	 2	 2	 006.tif	 1.977295e+02	 24	 999000	 240	 999000	 999	 1.987625e+02	 600.00	 583.33	 55.00	 6	 0.17	 
BMI_bf_122	 2	 2	 014.tif	 1.997294e+02	 12	 999000	 120	 999000	 999	 2.007625e+02	 600.00	 583.33	 3.00	 14	 0.93	 
BMI_bf_122	 2	 2	 102.tif	 2.027294e+02	 12	 999000	 120	 999000	 999	 2.037791e+02	 600.00	 583.33	 1.00	 32	 1.01	 
BMI_bf_122	 2	 2	 116.tif	 2.067294e+02	 24	 999000	 240	 999000	 999	 2.077624e+02	 600.00	 583.33	 50.00	 46	 0.26	 
BMI_bf_122	 2	 2	 023.tif	 2.107293e+02	 24	 999000	 240	 999000	 999	 2.117624e+02	 600.00	 583.33	 31.00	 23	 0.47	 
BMI_bf_122	 2	 2	 110.tif	 2.127292e+02	 24	 999000	 240	 999000	 999	 2.137623e+02	 600.00	 583.33	 44.00	 40	 0.36	 
BMI_bf_122	 2	 2	 130.tif	 2.177292e+02	 11	 9.900559e+02	 110	 6.320476e+02	 98	 2.187789e+02	 616.67	 583.33	 9.00	 60	 0.75	 
BMI_bf_122	 2	 2	 018.tif	 2.197291e+02	 12	 999000	 120	 999000	 999	 2.207622e+02	 616.67	 583.33	 27.00	 18	 0.53	 
BMI_bf_122	 2	 2	 008.tif	 2.217291e+02	 22	 9.499724e+02	 220	 6.158961e+02	 98	 2.227788e+02	 616.67	 600.00	 40.00	 8	 0.41	 
BMI_bf_122	 2	 2	 109.tif	 2.277290e+02	 11	 9.497243e+02	 110	 6.492225e+02	 98	 2.287788e+02	 633.33	 600.00	 8.00	 39	 0.76	 
BMI_bf_122	 2	 2	 020.tif	 2.297290e+02	 12	 999000	 120	 999000	 999	 2.307620e+02	 633.33	 600.00	 7.00	 20	 0.77	 
BMI_bf_122	 2	 2	 115.tif	 2.317289e+02	 12	 999000	 120	 999000	 999	 2.327620e+02	 633.33	 600.00	 24.00	 45	 0.56	 
BMI_bf_122	 2	 2	 120.tif	 2.337289e+02	 24	 999000	 240	 999000	 999	 2.347620e+02	 633.33	 600.00	 58.00	 50	 0.13	 
BMI_bf_122	 2	 2	 027.tif	 2.377289e+02	 24	 999000	 240	 999000	 999	 2.387619e+02	 633.33	 600.00	 39.00	 27	 0.43	 
BMI_bf_122	 2	 2	 125.tif	 2.417288e+02	 24	 999000	 240	 999000	 999	 2.427619e+02	 633.33	 600.00	 37.00	 55	 0.45	 
BMI_bf_122	 2	 2	 111.tif	 2.447288e+02	 24	 999000	 240	 999000	 999	 2.457618e+02	 633.33	 600.00	 34.00	 41	 0.46	 
BMI_bf_122	 2	 2	 105.tif	 2.487287e+02	 24	 999000	 240	 999000	 999	 2.497618e+02	 633.33	 600.00	 57.00	 35	 0.13	 
BMI_bf_122	 2	 2	 119.tif	 2.517286e+02	 12	 999000	 120	 999000	 999	 2.527617e+02	 633.33	 600.00	 21.00	 49	 0.60	 
BMI_bf_122	 2	 2	 025.tif	 2.537286e+02	 22	 1.012774e+03	 2200	 6.325182e+02	 98	 2.547783e+02	 633.33	 550.00	 46.00	 25	 0.33	 
BMI_bf_122	 2	 2	 009.tif	 2.577286e+02	 12	 999000	 120	 999000	 999	 2.587616e+02	 633.33	 550.00	 29.00	 9	 0.52	 
BMI_bf_122	 2	 2	 007.tif	 2.597285e+02	 12	 999000	 120	 999000	 999	 2.607616e+02	 633.33	 550.00	 30.00	 7	 0.49	 
BMI_bf_122	 2	 2	 029.tif	 2.617285e+02	 22	 9.405559e+02	 220	 5.822878e+02	 98	 2.627782e+02	 633.33	 566.67	 35.00	 29	 0.46	 
BMI_bf_122	 2	 2	 028.tif	 2.657284e+02	 12	 999000	 120	 999000	 999	 2.667615e+02	 633.33	 566.67	 13.00	 28	 0.68	 
BMI_bf_122	 2	 2	 123.tif	 2.677284e+02	 11	 1.012285e+03	 1100	 6.654395e+02	 98	 2.687781e+02	 583.33	 566.67	 26.00	 53	 0.55	 
BMI_bf_122	 2	 2	 015.tif	 2.717283e+02	 12	 999000	 120	 999000	 999	 2.727614e+02	 583.33	 566.67	 6.00	 15	 0.84	 
BMI_bf_122	 2	 2	 112.tif	 2.757283e+02	 24	 999000	 240	 999000	 999	 2.767613e+02	 583.33	 566.67	 53.00	 42	 0.18	 
BMI_bf_122	 2	 2	 010.tif	 2.787282e+02	 12	 999000	 120	 999000	 999	 2.797613e+02	 583.33	 566.67	 18.00	 10	 0.64	 
BMI_bf_122	 2	 2	 121.tif	 2.847281e+02	 12	 999000	 120	 999000	 999	 2.857612e+02	 583.33	 566.67	 20.00	 51	 0.62	 
BMI_bf_122	 2	 2	 002.tif	 2.867281e+02	 11	 9.716425e+02	 110	 6.154285e+02	 98	 2.877778e+02	 600.00	 566.67	 22.00	 2	 0.58	 
BMI_bf_122	 2	 2	 118.tif	 2.907281e+02	 11	 1.003503e+03	 1100	 6.333130e+02	 98	 2.917777e+02	 550.00	 566.67	 14.00	 48	 0.68	 
BMI_bf_122	 2	 2	 016.tif	 2.927280e+02	 22	 9.154679e+02	 220	 5.984052e+02	 98	 2.937777e+02	 550.00	 583.33	 54.00	 16	 0.18	 
BMI_bf_122	 2	 2	 017.tif	 2.947280e+02	 24	 999000	 240	 999000	 999	 2.957611e+02	 550.00	 583.33	 52.00	 17	 0.20	 
BMI_bf_122	 2	 2	 126.tif	 2.967280e+02	 12	 999000	 120	 999000	 999	 2.977610e+02	 550.00	 583.33	 5.00	 56	 0.89	 
BMI_bf_122	 2	 2	 103.tif	 3.017279e+02	 12	 999000	 120	 999000	 999	 3.027609e+02	 550.00	 583.33	 28.00	 33	 0.52	 
BMI_bf_122	 2	 2	 124.tif	 3.037279e+02	 12	 999000	 120	 999000	 999	 3.047609e+02	 550.00	 583.33	 25.00	 54	 0.56	 
BMI_bf_122	 2	 2	 003.tif	 3.057278e+02	 12	 999000	 120	 999000	 999	 3.067609e+02	 550.00	 583.33	 15.00	 3	 0.66	 
BMI_bf_122	 2	 2	 026.tif	 3.087275e+02	 22	 1.203146e+03	 2200	 6.164355e+02	 98	 3.097775e+02	 550.00	 533.33	 49.00	 26	 0.27	 
BMI_bf_122	 2	 2	 012.tif	 3.117277e+02	 22	 8.827655e+02	 220	 5.655008e+02	 98	 3.127774e+02	 550.00	 550.00	 41.00	 12	 0.41	 
BMI_bf_122	 2	 2	 106.tif	 3.157277e+02	 24	 999000	 240	 999000	 999	 3.167608e+02	 550.00	 550.00	 36.00	 36	 0.45	 
BMI_bf_122	 2	 2	 011.tif	 3.177276e+02	 12	 999000	 120	 999000	 999	 3.187607e+02	 550.00	 550.00	 2.00	 11	 0.94	 
BMI_bf_122	 2	 2	 004.tif	 3.197276e+02	 12	 999000	 120	 999000	 999	 3.207607e+02	 550.00	 550.00	 10.00	 4	 0.74	 
BMI_bf_122	 2	 2	 021.tif	 3.227276e+02	 22	 9.863958e+02	 220	 5.823566e+02	 98	 3.237773e+02	 550.00	 566.67	 38.00	 21	 0.45	 
BMI_bf_122	 2	 2	 128.tif	 3.257275e+02	 24	 999000	 240	 999000	 999	 3.267606e+02	 550.00	 566.67	 56.00	 58	 0.15	 
BMI_bf_122	 2	 2	 022.tif	 3.277275e+02	 24	 999000	 240	 999000	 999	 3.287605e+02	 550.00	 566.67	 33.00	 22	 0.47	 
BMI_bf_122	 2	 2	 114.tif	 3.297274e+02	 24	 999000	 240	 999000	 999	 3.307605e+02	 550.00	 566.67	 42.00	 44	 0.40	 
BMI_bf_122	 2	 2	 001.tif	 3.317275e+02	 22	 9.219684e+02	 220	 5.989546e+02	 98	 3.327771e+02	 550.00	 583.33	 51.00	 1	 0.23	 
BMI_bf_122	 2	 2	 101.tif	 3.367274e+02	 11	 9.218622e+02	 110	 5.820499e+02	 98	 3.377771e+02	 566.67	 583.33	 11.00	 31	 0.73	 
BMI_bf_122	 2	 2	 005.tif	 3.387273e+02	 24	 999000	 240	 999000	 999	 3.397603e+02	 566.67	 583.33	 32.00	 5	 0.47	 
BMI_bf_122	 2	 2	 030.tif	 3.407273e+02	 22	 9.617087e+02	 220	 6.157443e+02	 98	 3.417770e+02	 566.67	 600.00	 48.00	 30	 0.28	 
BMI_bf_122	 2	 2	 013.tif	 3.427273e+02	 11	 9.776924e+02	 110	 5.976234e+02	 98	 3.437769e+02	 583.33	 600.00	 17.00	 13	 0.65	 
BMI_bf_122	 2	 2	 127.tif	 3.497271e+02	 11	 9.455188e+02	 110	 6.157114e+02	 98	 3.507769e+02	 600.00	 600.00	 23.00	 57	 0.57	 
BMI_bf_122	 2	 2	 108.tif	 3.517271e+02	 22	 1.121372e+03	 2200	 6.321379e+02	 98	 3.527768e+02	 600.00	 550.00	 43.00	 38	 0.39	 
BMI_bf_122	 2	 2	 113.tif	 3.587270e+02	 12	 999000	 120	 999000	 999	 3.597601e+02	 600.00	 550.00	 4.00	 43	 0.89	 
BMI_bf_122	 2	 2	 117.tif	 3.617270e+02	 24	 999000	 240	 999000	 999	 3.627600e+02	 600.00	 550.00	 60.00	 47	 0.01	 
BMI_bf_122	 2	 2	 019.tif	 3.647269e+02	 24	 999000	 240	 999000	 999	 3.657600e+02	 600.00	 550.00	 45.00	 19	 0.34	 
BMI_bf_122	 2	 2	 122.tif	 3.707267e+02	 12	 999000	 120	 999000	 999	 3.717599e+02	 600.00	 550.00	 12.00	 52	 0.72	 
BMI_bf_122	 2	 2	 104.tif	 3.727268e+02	 11	 9.526330e+02	 110	 6.321023e+02	 98	 3.737766e+02	 616.67	 550.00	 16.00	 34	 0.65	 
