subjectID	 order	 runNum	 itemName	 onsetTime	 shuff_trialType	 RT	 respInTime	 AudioTime	 response	 fixationTime	 ladder1	 ladder2	 bidIndex	 itemNameIndex	 bidValue	 
BMI_bf_123	 1	 3	 014.tif	 4.060997e+02	 12	 999000	 120	 999000	 999	 4.071331e+02	 616.67	 550.00	 27.00	 14	 0.57	 
BMI_bf_123	 1	 3	 122.tif	 4.110999e+02	 11	 1.037050e+03	 1100	 6.493332e+02	 98	 4.121496e+02	 566.67	 550.00	 18.00	 52	 0.63	 
BMI_bf_123	 1	 3	 002.tif	 4.130998e+02	 11	 9.330251e+02	 110	 5.991489e+02	 98	 4.141495e+02	 583.33	 550.00	 7.00	 2	 0.77	 
BMI_bf_123	 1	 3	 129.tif	 4.150998e+02	 24	 999000	 240	 999000	 999	 4.161328e+02	 583.33	 550.00	 49.00	 59	 0.25	 
BMI_bf_123	 1	 3	 024.tif	 4.210996e+02	 22	 8.607375e+02	 220	 5.819263e+02	 98	 4.221493e+02	 583.33	 566.67	 37.00	 24	 0.46	 
BMI_bf_123	 1	 3	 123.tif	 4.230996e+02	 24	 999000	 240	 999000	 999	 4.241326e+02	 583.33	 566.67	 40.00	 53	 0.40	 
BMI_bf_123	 1	 3	 126.tif	 4.260995e+02	 12	 999000	 120	 999000	 999	 4.271325e+02	 583.33	 566.67	 19.00	 56	 0.61	 
BMI_bf_123	 1	 3	 117.tif	 4.280994e+02	 22	 9.005077e+02	 220	 5.993197e+02	 98	 4.291491e+02	 583.33	 583.33	 39.00	 47	 0.41	 
BMI_bf_123	 1	 3	 104.tif	 4.320993e+02	 24	 999000	 240	 999000	 999	 4.331323e+02	 583.33	 583.33	 31.00	 34	 0.52	 
BMI_bf_123	 1	 3	 103.tif	 4.340993e+02	 22	 9.243250e+02	 220	 6.170444e+02	 98	 4.351490e+02	 583.33	 600.00	 50.00	 33	 0.25	 
BMI_bf_123	 1	 3	 101.tif	 4.390991e+02	 24	 999000	 240	 999000	 999	 4.401321e+02	 583.33	 600.00	 48.00	 31	 0.29	 
BMI_bf_123	 1	 3	 118.tif	 4.460989e+02	 22	 1.011822e+03	 2200	 6.323414e+02	 98	 4.471486e+02	 583.33	 550.00	 44.00	 48	 0.35	 
BMI_bf_123	 1	 3	 124.tif	 4.480989e+02	 24	 999000	 240	 999000	 999	 4.491319e+02	 583.33	 550.00	 57.00	 54	 0.14	 
BMI_bf_123	 1	 3	 112.tif	 4.510988e+02	 24	 999000	 240	 999000	 999	 4.521318e+02	 583.33	 550.00	 35.00	 42	 0.49	 
BMI_bf_123	 1	 3	 109.tif	 4.540987e+02	 24	 999000	 240	 999000	 999	 4.551318e+02	 583.33	 550.00	 60.00	 39	 0.05	 
BMI_bf_123	 1	 3	 125.tif	 4.580986e+02	 12	 999000	 120	 999000	 999	 4.591316e+02	 583.33	 550.00	 26.00	 55	 0.57	 
BMI_bf_123	 1	 3	 027.tif	 4.620985e+02	 12	 999000	 120	 999000	 999	 4.631315e+02	 583.33	 550.00	 11.00	 27	 0.72	 
BMI_bf_123	 1	 3	 107.tif	 4.660984e+02	 24	 999000	 240	 999000	 999	 4.671314e+02	 583.33	 550.00	 41.00	 37	 0.40	 
BMI_bf_123	 1	 3	 102.tif	 4.690983e+02	 24	 999000	 240	 999000	 999	 4.701313e+02	 583.33	 550.00	 56.00	 32	 0.14	 
BMI_bf_123	 1	 3	 015.tif	 4.750982e+02	 12	 999000	 120	 999000	 999	 4.761312e+02	 583.33	 550.00	 3.00	 15	 0.88	 
BMI_bf_123	 1	 3	 029.tif	 4.770981e+02	 24	 999000	 240	 999000	 999	 4.781311e+02	 583.33	 550.00	 51.00	 29	 0.22	 
BMI_bf_123	 1	 3	 005.tif	 4.800980e+02	 24	 999000	 240	 999000	 999	 4.811311e+02	 583.33	 550.00	 55.00	 5	 0.16	 
BMI_bf_123	 1	 3	 028.tif	 4.820980e+02	 24	 999000	 240	 999000	 999	 4.831310e+02	 583.33	 550.00	 43.00	 28	 0.36	 
BMI_bf_123	 1	 3	 119.tif	 4.840979e+02	 22	 9.866079e+02	 220	 5.822163e+02	 98	 4.851476e+02	 583.33	 566.67	 52.00	 49	 0.20	 
BMI_bf_123	 1	 3	 113.tif	 4.860979e+02	 24	 999000	 240	 999000	 999	 4.871308e+02	 583.33	 566.67	 34.00	 43	 0.49	 
BMI_bf_123	 1	 3	 127.tif	 4.890978e+02	 12	 999000	 120	 999000	 999	 4.901308e+02	 583.33	 566.67	 5.00	 57	 0.80	 
BMI_bf_123	 1	 3	 017.tif	 4.930977e+02	 12	 999000	 120	 999000	 999	 4.941307e+02	 583.33	 566.67	 16.00	 17	 0.67	 
BMI_bf_123	 1	 3	 007.tif	 4.950976e+02	 24	 999000	 240	 999000	 999	 4.961306e+02	 583.33	 566.67	 54.00	 7	 0.18	 
BMI_bf_123	 1	 3	 114.tif	 4.970976e+02	 12	 999000	 120	 999000	 999	 4.981306e+02	 583.33	 566.67	 14.00	 44	 0.70	 
BMI_bf_123	 1	 3	 013.tif	 4.990975e+02	 12	 999000	 120	 999000	 999	 5.001305e+02	 583.33	 566.67	 23.00	 13	 0.58	 
BMI_bf_123	 1	 3	 022.tif	 5.010975e+02	 11	 1.001939e+03	 1100	 6.158418e+02	 98	 5.021471e+02	 533.33	 566.67	 13.00	 22	 0.71	 
BMI_bf_123	 1	 3	 108.tif	 5.030974e+02	 12	 999000	 120	 999000	 999	 5.041304e+02	 533.33	 566.67	 9.00	 38	 0.75	 
BMI_bf_123	 1	 3	 115.tif	 5.070973e+02	 11	 8.897678e+02	 110	 5.667007e+02	 98	 5.081469e+02	 550.00	 566.67	 12.00	 45	 0.72	 
BMI_bf_123	 1	 3	 026.tif	 5.110972e+02	 12	 999000	 120	 999000	 999	 5.121302e+02	 550.00	 566.67	 29.00	 26	 0.52	 
BMI_bf_123	 1	 3	 009.tif	 5.130971e+02	 12	 999000	 120	 999000	 999	 5.141301e+02	 550.00	 566.67	 22.00	 9	 0.58	 
BMI_bf_123	 1	 3	 105.tif	 5.150971e+02	 12	 999000	 120	 999000	 999	 5.161301e+02	 550.00	 566.67	 4.00	 35	 0.83	 
BMI_bf_123	 1	 3	 011.tif	 5.170970e+02	 11	 9.213985e+02	 110	 5.821650e+02	 98	 5.181467e+02	 566.67	 566.67	 21.00	 11	 0.59	 
BMI_bf_123	 1	 3	 116.tif	 5.190970e+02	 24	 999000	 240	 999000	 999	 5.201300e+02	 566.67	 566.67	 46.00	 46	 0.34	 
BMI_bf_123	 1	 3	 012.tif	 5.250968e+02	 11	 8.811314e+02	 110	 5.990970e+02	 98	 5.261464e+02	 583.33	 566.67	 20.00	 12	 0.61	 
BMI_bf_123	 1	 3	 019.tif	 5.270968e+02	 12	 999000	 120	 999000	 999	 5.281297e+02	 583.33	 566.67	 6.00	 19	 0.80	 
BMI_bf_123	 1	 3	 001.tif	 5.290967e+02	 12	 999000	 120	 999000	 999	 5.301297e+02	 583.33	 566.67	 28.00	 1	 0.55	 
BMI_bf_123	 1	 3	 018.tif	 5.310966e+02	 11	 1.008900e+03	 1100	 6.163709e+02	 98	 5.321463e+02	 533.33	 566.67	 10.00	 18	 0.73	 
BMI_bf_123	 1	 3	 130.tif	 5.341132e+02	 24	 999000	 240	 999000	 999	 5.351462e+02	 533.33	 566.67	 38.00	 60	 0.45	 
BMI_bf_123	 1	 3	 121.tif	 5.361131e+02	 12	 999000	 120	 999000	 999	 5.371462e+02	 533.33	 566.67	 1.00	 51	 0.92	 
BMI_bf_123	 1	 3	 006.tif	 5.431130e+02	 24	 999000	 240	 999000	 999	 5.441460e+02	 533.33	 566.67	 59.00	 6	 0.12	 
BMI_bf_123	 1	 3	 110.tif	 5.451129e+02	 24	 999000	 240	 999000	 999	 5.461459e+02	 533.33	 566.67	 33.00	 40	 0.50	 
BMI_bf_123	 1	 3	 023.tif	 5.491128e+02	 24	 999000	 240	 999000	 999	 5.501458e+02	 533.33	 566.67	 58.00	 23	 0.13	 
BMI_bf_123	 1	 3	 120.tif	 5.531127e+02	 11	 8.394208e+02	 110	 5.666799e+02	 98	 5.541624e+02	 550.00	 566.67	 25.00	 50	 0.57	 
BMI_bf_123	 1	 3	 016.tif	 5.561125e+02	 22	 9.274260e+02	 220	 5.990786e+02	 98	 5.571623e+02	 550.00	 583.33	 53.00	 16	 0.20	 
BMI_bf_123	 1	 3	 003.tif	 5.581126e+02	 12	 999000	 120	 999000	 999	 5.591456e+02	 550.00	 583.33	 30.00	 3	 0.52	 
BMI_bf_123	 1	 3	 106.tif	 5.621125e+02	 24	 999000	 240	 999000	 999	 5.631455e+02	 550.00	 583.33	 32.00	 36	 0.51	 
BMI_bf_123	 1	 3	 010.tif	 5.641124e+02	 11	 8.630793e+02	 110	 5.828662e+02	 98	 5.651622e+02	 566.67	 583.33	 15.00	 10	 0.69	 
BMI_bf_123	 1	 3	 008.tif	 5.671124e+02	 22	 9.029413e+02	 220	 6.163854e+02	 98	 5.681620e+02	 566.67	 600.00	 45.00	 8	 0.35	 
BMI_bf_123	 1	 3	 020.tif	 5.711122e+02	 12	 999000	 120	 999000	 999	 5.721452e+02	 566.67	 600.00	 2.00	 20	 0.91	 
BMI_bf_123	 1	 3	 021.tif	 5.731122e+02	 22	 9.587594e+02	 220	 6.333988e+02	 98	 5.741619e+02	 566.67	 616.67	 42.00	 21	 0.37	 
BMI_bf_123	 1	 3	 025.tif	 5.781120e+02	 22	 9.665669e+02	 220	 6.492188e+02	 98	 5.791617e+02	 566.67	 633.33	 47.00	 25	 0.29	 
BMI_bf_123	 1	 3	 111.tif	 5.801118e+02	 12	 999000	 120	 999000	 999	 5.811450e+02	 566.67	 633.33	 8.00	 41	 0.76	 
BMI_bf_123	 1	 3	 004.tif	 5.841119e+02	 22	 9.823502e+02	 220	 6.651340e+02	 98	 5.851616e+02	 566.67	 650.00	 36.00	 4	 0.49	 
BMI_bf_123	 1	 3	 128.tif	 5.871118e+02	 11	 9.582333e+02	 110	 5.981567e+02	 98	 5.881614e+02	 583.33	 650.00	 24.00	 58	 0.58	 
BMI_bf_123	 1	 3	 030.tif	 5.901117e+02	 12	 999000	 120	 999000	 999	 5.911447e+02	 583.33	 650.00	 17.00	 30	 0.63	 
