1	 34	 122.tif	 1	 1	 22	 1	 
2	 22	 108.tif	 1	 1	 8	 1	 
3	 27	 115.tif	 1	 1	 48	 1	 
4	 56	 416.tif	 0	 0	 0	 0	 
5	 33	 121.tif	 1	 1	 19	 1	 
6	 43	 403.tif	 0	 0	 0	 0	 
7	 2	 002.tif	 1	 1	 40	 1	 
8	 39	 128.tif	 1	 1	 10	 0	 
9	 13	 022.tif	 1	 1	 24	 0	 
10	 3	 003.tif	 1	 1	 50	 0	 
11	 31	 119.tif	 1	 1	 47	 0	 
12	 41	 401.tif	 0	 1	 0	 0	 
13	 32	 120.tif	 1	 1	 46	 1	 
14	 42	 402.tif	 0	 0	 0	 0	 
15	 44	 404.tif	 0	 0	 0	 0	 
16	 45	 405.tif	 0	 0	 0	 0	 
17	 54	 414.tif	 0	 0	 0	 0	 
18	 15	 025.tif	 1	 1	 15	 0	 
19	 46	 406.tif	 0	 0	 0	 0	 
20	 55	 415.tif	 0	 0	 0	 0	 
21	 49	 409.tif	 0	 0	 0	 0	 
22	 50	 410.tif	 0	 0	 0	 0	 
23	 16	 026.tif	 1	 1	 53	 0	 
24	 21	 107.tif	 1	 1	 45	 0	 
25	 5	 005.tif	 1	 1	 42	 0	 
26	 60	 420.tif	 0	 0	 0	 0	 
27	 28	 116.tif	 1	 1	 14	 1	 
28	 48	 408.tif	 0	 0	 0	 0	 
29	 47	 407.tif	 0	 0	 0	 0	 
30	 20	 106.tif	 1	 1	 17	 1	 
31	 1	 001.tif	 1	 1	 54	 1	 
32	 35	 123.tif	 1	 1	 11	 1	 
33	 24	 110.tif	 1	 1	 12	 0	 
34	 8	 011.tif	 1	 1	 23	 1	 
35	 11	 016.tif	 1	 1	 52	 0	 
36	 25	 111.tif	 1	 1	 21	 0	 
37	 18	 028.tif	 1	 1	 38	 1	 
38	 38	 127.tif	 1	 1	 13	 0	 
39	 53	 413.tif	 0	 0	 0	 0	 
40	 59	 419.tif	 0	 0	 0	 0	 
41	 6	 007.tif	 1	 1	 26	 1	 
42	 26	 112.tif	 1	 1	 43	 1	 
43	 40	 130.tif	 1	 1	 7	 0	 
44	 12	 017.tif	 1	 1	 39	 0	 
45	 36	 124.tif	 1	 1	 35	 1	 
46	 23	 109.tif	 1	 1	 9	 1	 
47	 9	 014.tif	 1	 1	 41	 1	 
48	 30	 118.tif	 1	 1	 16	 1	 
49	 52	 412.tif	 0	 0	 0	 0	 
50	 58	 418.tif	 0	 0	 0	 0	 
51	 37	 125.tif	 1	 1	 36	 0	 
52	 10	 015.tif	 1	 1	 37	 0	 
53	 19	 101.tif	 1	 1	 18	 0	 
54	 29	 117.tif	 1	 1	 44	 0	 
55	 4	 004.tif	 1	 1	 49	 1	 
56	 17	 027.tif	 1	 1	 51	 1	 
57	 51	 411.tif	 0	 0	 0	 0	 
58	 57	 417.tif	 0	 0	 0	 0	 
59	 14	 024.tif	 1	 0	 20	 0	 
60	 7	 009.tif	 1	 1	 25	 0	 
