subjectID	 order	 runNum	 itemName	 onsetTime	 shuff_trialType	 RT	 respInTime	 AudioTime	 response	 fixationTime	 ladder1	 ladder2	 bidIndex	 itemNameIndex	 bidValue	 
BMI_bf_131	 1	 8	 123.tif	 1.343173e+03	 12	 999000	 120	 999000	 999	 1.344189e+03	 316.67	 316.67	 2.00	 53	 0.91	 
BMI_bf_131	 1	 8	 004.tif	 1.346173e+03	 24	 999000	 240	 999000	 999	 1.347189e+03	 316.67	 316.67	 32.00	 4	 0.44	 
BMI_bf_131	 1	 8	 108.tif	 1.348173e+03	 11	 9.488533e+02	 110	 3.593021e+02	 98	 1.349189e+03	 333.33	 316.67	 12.00	 38	 0.74	 
BMI_bf_131	 1	 8	 130.tif	 1.350173e+03	 12	 999000	 120	 999000	 999	 1.351189e+03	 333.33	 316.67	 16.00	 60	 0.68	 
BMI_bf_131	 1	 8	 110.tif	 1.352173e+03	 12	 999000	 120	 999000	 999	 1.353189e+03	 333.33	 316.67	 3.00	 40	 0.87	 
BMI_bf_131	 1	 8	 126.tif	 1.355173e+03	 11	 1.028588e+03	 1100	 3.759514e+02	 98	 1.356189e+03	 283.33	 316.67	 10.00	 56	 0.77	 
BMI_bf_131	 1	 8	 114.tif	 1.357173e+03	 12	 999000	 120	 999000	 999	 1.358189e+03	 283.33	 316.67	 9.00	 44	 0.78	 
BMI_bf_131	 1	 8	 027.tif	 1.361173e+03	 22	 9.884280e+02	 220	 3.583280e+02	 98	 1.362189e+03	 283.33	 333.33	 44.00	 27	 0.30	 
BMI_bf_131	 1	 8	 026.tif	 1.363172e+03	 24	 999000	 240	 999000	 999	 1.364189e+03	 283.33	 333.33	 55.00	 26	 0.22	 
BMI_bf_131	 1	 8	 017.tif	 1.368173e+03	 22	 1.036152e+03	 2200	 3.760881e+02	 98	 1.369189e+03	 283.33	 283.33	 42.00	 17	 0.32	 
BMI_bf_131	 1	 8	 121.tif	 1.370173e+03	 12	 999000	 120	 999000	 999	 1.371189e+03	 283.33	 283.33	 6.00	 51	 0.83	 
BMI_bf_131	 1	 8	 011.tif	 1.374172e+03	 24	 999000	 240	 999000	 999	 1.375189e+03	 283.33	 283.33	 41.00	 11	 0.33	 
BMI_bf_131	 1	 8	 030.tif	 1.376172e+03	 22	 9.638601e+02	 220	 3.254238e+02	 98	 1.377189e+03	 283.33	 300.00	 36.00	 30	 0.39	 
BMI_bf_131	 1	 8	 022.tif	 1.379172e+03	 24	 999000	 240	 999000	 999	 1.380189e+03	 283.33	 300.00	 56.00	 22	 0.18	 
BMI_bf_131	 1	 8	 107.tif	 1.384172e+03	 11	 4.036139e+02	 110	 3.268778e+02	 98	 1.385189e+03	 300.00	 300.00	 24.00	 37	 0.60	 
BMI_bf_131	 1	 8	 103.tif	 1.386172e+03	 11	 1.131514e+03	 1100	 3.411143e+02	 98	 1.387189e+03	 250.00	 300.00	 7.00	 33	 0.82	 
BMI_bf_131	 1	 8	 025.tif	 1.388172e+03	 24	 999000	 240	 999000	 999	 1.389189e+03	 250.00	 300.00	 43.00	 25	 0.31	 
BMI_bf_131	 1	 8	 001.tif	 1.392172e+03	 24	 999000	 240	 999000	 999	 1.393188e+03	 250.00	 300.00	 38.00	 1	 0.37	 
BMI_bf_131	 1	 8	 002.tif	 1.396172e+03	 24	 999000	 240	 999000	 999	 1.397188e+03	 250.00	 300.00	 49.00	 2	 0.27	 
BMI_bf_131	 1	 8	 023.tif	 1.400172e+03	 24	 999000	 240	 999000	 999	 1.401188e+03	 250.00	 300.00	 58.00	 23	 0.17	 
BMI_bf_131	 1	 8	 102.tif	 1.402172e+03	 12	 999000	 120	 999000	 999	 1.403188e+03	 250.00	 300.00	 8.00	 32	 0.80	 
BMI_bf_131	 1	 8	 117.tif	 1.404172e+03	 12	 999000	 120	 999000	 999	 1.405188e+03	 250.00	 300.00	 28.00	 47	 0.54	 
BMI_bf_131	 1	 8	 111.tif	 1.406172e+03	 24	 999000	 240	 999000	 999	 1.407188e+03	 250.00	 300.00	 31.00	 41	 0.48	 
BMI_bf_131	 1	 8	 125.tif	 1.408172e+03	 22	 9.947048e+02	 220	 3.429034e+02	 98	 1.409188e+03	 250.00	 316.67	 50.00	 55	 0.26	 
BMI_bf_131	 1	 8	 012.tif	 1.414172e+03	 24	 999000	 240	 999000	 999	 1.415188e+03	 250.00	 316.67	 60.00	 12	 0.07	 
BMI_bf_131	 1	 8	 120.tif	 1.417172e+03	 11	 1.010349e+03	 1100	 2.930541e+02	 98	 1.418188e+03	 200.00	 316.67	 13.00	 50	 0.74	 
BMI_bf_131	 1	 8	 116.tif	 1.419172e+03	 11	 8.343590e+02	 110	 2.425923e+02	 98	 1.420188e+03	 216.67	 316.67	 21.00	 46	 0.63	 
BMI_bf_131	 1	 8	 127.tif	 1.421172e+03	 12	 999000	 120	 999000	 999	 1.422188e+03	 216.67	 316.67	 4.00	 57	 0.86	 
BMI_bf_131	 1	 8	 029.tif	 1.424172e+03	 24	 999000	 240	 999000	 999	 1.425188e+03	 216.67	 316.67	 51.00	 29	 0.25	 
BMI_bf_131	 1	 8	 010.tif	 1.426172e+03	 24	 999000	 240	 999000	 999	 1.427188e+03	 216.67	 316.67	 33.00	 10	 0.44	 
BMI_bf_131	 1	 8	 028.tif	 1.428171e+03	 22	 9.940422e+02	 220	 3.590489e+02	 98	 1.429188e+03	 216.67	 333.33	 37.00	 28	 0.39	 
BMI_bf_131	 1	 8	 014.tif	 1.430171e+03	 11	 9.139589e+02	 110	 2.597667e+02	 98	 1.431188e+03	 233.33	 333.33	 25.00	 14	 0.57	 
BMI_bf_131	 1	 8	 113.tif	 1.433171e+03	 12	 999000	 120	 999000	 999	 1.434188e+03	 233.33	 333.33	 11.00	 43	 0.76	 
BMI_bf_131	 1	 8	 009.tif	 1.435171e+03	 24	 999000	 240	 999000	 999	 1.436188e+03	 233.33	 333.33	 34.00	 9	 0.41	 
BMI_bf_131	 1	 8	 015.tif	 1.437171e+03	 24	 999000	 240	 999000	 999	 1.438188e+03	 233.33	 333.33	 40.00	 15	 0.34	 
BMI_bf_131	 1	 8	 016.tif	 1.439171e+03	 24	 999000	 240	 999000	 999	 1.440188e+03	 233.33	 333.33	 57.00	 16	 0.18	 
BMI_bf_131	 1	 8	 008.tif	 1.441171e+03	 22	 9.935578e+02	 220	 3.738390e+02	 98	 1.442188e+03	 233.33	 350.00	 47.00	 8	 0.27	 
BMI_bf_131	 1	 8	 013.tif	 1.447171e+03	 22	 9.853575e+02	 220	 3.902836e+02	 98	 1.448188e+03	 233.33	 366.67	 39.00	 13	 0.35	 
BMI_bf_131	 1	 8	 105.tif	 1.450171e+03	 24	 999000	 240	 999000	 999	 1.451187e+03	 233.33	 366.67	 48.00	 35	 0.27	 
BMI_bf_131	 1	 8	 129.tif	 1.454171e+03	 12	 999000	 120	 999000	 999	 1.455187e+03	 233.33	 366.67	 23.00	 59	 0.60	 
BMI_bf_131	 1	 8	 020.tif	 1.460171e+03	 24	 999000	 240	 999000	 999	 1.461187e+03	 233.33	 366.67	 59.00	 20	 0.12	 
BMI_bf_131	 1	 8	 109.tif	 1.462171e+03	 12	 999000	 120	 999000	 999	 1.463187e+03	 233.33	 366.67	 5.00	 39	 0.85	 
BMI_bf_131	 1	 8	 118.tif	 1.467171e+03	 11	 9.606351e+02	 110	 2.755904e+02	 98	 1.468187e+03	 250.00	 366.67	 15.00	 48	 0.72	 
BMI_bf_131	 1	 8	 005.tif	 1.470171e+03	 24	 999000	 240	 999000	 999	 1.471187e+03	 250.00	 366.67	 54.00	 5	 0.22	 
BMI_bf_131	 1	 8	 018.tif	 1.472171e+03	 22	 1.008365e+03	 2200	 4.083491e+02	 98	 1.473187e+03	 250.00	 316.67	 45.00	 18	 0.29	 
BMI_bf_131	 1	 8	 128.tif	 1.475171e+03	 11	 9.123581e+02	 110	 2.907198e+02	 98	 1.476187e+03	 266.67	 316.67	 18.00	 58	 0.66	 
BMI_bf_131	 1	 8	 024.tif	 1.477171e+03	 12	 999000	 120	 999000	 999	 1.478187e+03	 266.67	 316.67	 26.00	 24	 0.56	 
BMI_bf_131	 1	 8	 122.tif	 1.481171e+03	 11	 8.881274e+02	 110	 3.080739e+02	 98	 1.482187e+03	 283.33	 316.67	 20.00	 52	 0.63	 
BMI_bf_131	 1	 8	 101.tif	 1.485170e+03	 12	 999000	 120	 999000	 999	 1.486187e+03	 283.33	 316.67	 27.00	 31	 0.55	 
BMI_bf_131	 1	 8	 119.tif	 1.487170e+03	 12	 999000	 120	 999000	 999	 1.488187e+03	 283.33	 316.67	 14.00	 49	 0.73	 
BMI_bf_131	 1	 8	 115.tif	 1.494170e+03	 12	 999000	 120	 999000	 999	 1.495187e+03	 283.33	 316.67	 19.00	 45	 0.66	 
BMI_bf_131	 1	 8	 006.tif	 1.496170e+03	 22	 1.007537e+03	 2200	 3.587531e+02	 98	 1.497187e+03	 283.33	 266.67	 53.00	 6	 0.22	 
BMI_bf_131	 1	 8	 021.tif	 1.499170e+03	 24	 999000	 240	 999000	 999	 1.500187e+03	 283.33	 266.67	 35.00	 21	 0.41	 
BMI_bf_131	 1	 8	 104.tif	 1.503170e+03	 12	 999000	 120	 999000	 999	 1.504187e+03	 283.33	 266.67	 17.00	 34	 0.67	 
BMI_bf_131	 1	 8	 007.tif	 1.507170e+03	 22	 9.112243e+02	 220	 3.079806e+02	 98	 1.508186e+03	 283.33	 283.33	 52.00	 7	 0.25	 
BMI_bf_131	 1	 8	 106.tif	 1.511170e+03	 12	 999000	 120	 999000	 999	 1.512186e+03	 283.33	 283.33	 29.00	 36	 0.51	 
BMI_bf_131	 1	 8	 124.tif	 1.514170e+03	 12	 999000	 120	 999000	 999	 1.515186e+03	 283.33	 283.33	 1.00	 54	 0.98	 
BMI_bf_131	 1	 8	 019.tif	 1.516170e+03	 24	 999000	 240	 999000	 999	 1.517186e+03	 283.33	 283.33	 46.00	 19	 0.29	 
BMI_bf_131	 1	 8	 112.tif	 1.520170e+03	 12	 999000	 120	 999000	 999	 1.521186e+03	 283.33	 283.33	 22.00	 42	 0.61	 
BMI_bf_131	 1	 8	 003.tif	 1.527170e+03	 12	 999000	 120	 999000	 999	 1.528186e+03	 283.33	 283.33	 30.00	 3	 0.50	 
