subjectID	 order	 runNum	 itemName	 onsetTime	 shuff_trialType	 RT	 respInTime	 AudioTime	 response	 fixationTime	 ladder1	 ladder2	 bidIndex	 itemNameIndex	 bidValue	 
BMI_bf_105	 1	 11	 112.tif	 2.152497e+03	 12	 999000	 120	 999000	 999	 2.153513e+03	 283.33	 216.67	 8.00	 42	 0.76	 
BMI_bf_105	 1	 11	 107.tif	 2.155497e+03	 24	 999000	 240	 999000	 999	 2.156513e+03	 283.33	 216.67	 57.00	 37	 0.22	 
BMI_bf_105	 1	 11	 117.tif	 2.159497e+03	 24	 999000	 240	 999000	 999	 2.160513e+03	 283.33	 216.67	 38.00	 47	 0.40	 
BMI_bf_105	 1	 11	 101.tif	 2.161497e+03	 11	 1.028646e+03	 1100	 3.270756e+02	 98	 2.162513e+03	 233.33	 216.67	 21.00	 31	 0.61	 
BMI_bf_105	 1	 11	 121.tif	 2.163497e+03	 11	 999000	 1	 2.761429e+02	 999	 2.164513e+03	 183.33	 216.67	 24.00	 51	 0.58	 
BMI_bf_105	 1	 11	 015.tif	 2.167497e+03	 24	 -2.299134e+03	 24	 999000	 98	 2.168513e+03	 183.33	 216.67	 48.00	 15	 0.28	 
BMI_bf_105	 1	 11	 110.tif	 2.169497e+03	 12	 7.324732e+02	 120	 999000	 115	 2.170513e+03	 183.33	 216.67	 11.00	 40	 0.70	 
BMI_bf_105	 1	 11	 115.tif	 2.174496e+03	 12	 999000	 120	 999000	 999	 2.175513e+03	 183.33	 216.67	 28.00	 45	 0.54	 
BMI_bf_105	 1	 11	 126.tif	 2.176496e+03	 11	 8.841944e+02	 110	 2.257472e+02	 98	 2.177513e+03	 200.00	 216.67	 12.00	 56	 0.69	 
BMI_bf_105	 1	 11	 118.tif	 2.179496e+03	 22	 1.020119e+03	 2200	 2.594965e+02	 98	 2.180513e+03	 200.00	 166.67	 36.00	 48	 0.40	 
BMI_bf_105	 1	 11	 006.tif	 2.182496e+03	 24	 999000	 240	 999000	 999	 2.183513e+03	 200.00	 166.67	 59.00	 6	 0.17	 
BMI_bf_105	 1	 11	 007.tif	 2.186496e+03	 24	 -1.435766e+03	 24	 999000	 98	 2.187512e+03	 200.00	 166.67	 40.00	 7	 0.37	 
BMI_bf_105	 1	 11	 108.tif	 2.189496e+03	 12	 999000	 120	 999000	 999	 2.190512e+03	 200.00	 166.67	 26.00	 38	 0.57	 
BMI_bf_105	 1	 11	 010.tif	 2.191496e+03	 24	 999000	 240	 999000	 999	 2.192512e+03	 200.00	 166.67	 33.00	 10	 0.46	 
BMI_bf_105	 1	 11	 120.tif	 2.194496e+03	 22	 999000	 2	 2.081536e+02	 999	 2.195512e+03	 200.00	 116.67	 42.00	 50	 0.37	 
BMI_bf_105	 1	 11	 111.tif	 2.198496e+03	 12	 -1.980126e+03	 12	 999000	 98	 2.199512e+03	 200.00	 116.67	 14.00	 41	 0.67	 
BMI_bf_105	 1	 11	 009.tif	 2.201496e+03	 22	 1.515287e+03	 2200	 1.598171e+02	 98	 2.202512e+03	 200.00	 66.67	 53.00	 9	 0.26	 
BMI_bf_105	 1	 11	 125.tif	 2.203496e+03	 24	 999000	 240	 999000	 999	 2.204512e+03	 200.00	 66.67	 31.00	 55	 0.49	 
BMI_bf_105	 1	 11	 130.tif	 2.205496e+03	 12	 999000	 120	 999000	 999	 2.206512e+03	 200.00	 66.67	 22.00	 60	 0.60	 
BMI_bf_105	 1	 11	 017.tif	 2.210495e+03	 24	 999000	 240	 999000	 999	 2.211512e+03	 200.00	 66.67	 51.00	 17	 0.27	 
BMI_bf_105	 1	 11	 129.tif	 2.214495e+03	 12	 999000	 120	 999000	 999	 2.215512e+03	 200.00	 66.67	 4.00	 59	 0.84	 
BMI_bf_105	 1	 11	 013.tif	 2.218495e+03	 22	 7.467711e+02	 220	 1.097930e+02	 98	 2.219511e+03	 200.00	 83.33	 50.00	 13	 0.28	 
BMI_bf_105	 1	 11	 103.tif	 2.224495e+03	 12	 999000	 120	 999000	 999	 2.225511e+03	 200.00	 83.33	 5.00	 33	 0.83	 
BMI_bf_105	 1	 11	 109.tif	 2.226495e+03	 11	 1.490350e+03	 1100	 2.428080e+02	 98	 2.227511e+03	 150.00	 83.33	 10.00	 39	 0.70	 
BMI_bf_105	 1	 11	 027.tif	 2.228495e+03	 22	 7.384569e+02	 220	 1.277286e+02	 98	 2.229511e+03	 150.00	 100.00	 37.00	 27	 0.40	 
BMI_bf_105	 1	 11	 105.tif	 2.230495e+03	 24	 7.143532e+02	 240	 999000	 115	 2.231511e+03	 150.00	 100.00	 58.00	 35	 0.21	 
BMI_bf_105	 1	 11	 005.tif	 2.232495e+03	 24	 999000	 240	 999000	 999	 2.233511e+03	 150.00	 100.00	 54.00	 5	 0.24	 
BMI_bf_105	 1	 11	 018.tif	 2.236495e+03	 11	 8.181683e+02	 110	 1.933561e+02	 98	 2.237511e+03	 166.67	 100.00	 18.00	 18	 0.64	 
BMI_bf_105	 1	 11	 028.tif	 2.238511e+03	 12	 999000	 120	 999000	 999	 2.239527e+03	 166.67	 100.00	 16.00	 28	 0.66	 
BMI_bf_105	 1	 11	 127.tif	 2.242511e+03	 11	 8.172302e+02	 110	 2.090565e+02	 98	 2.243527e+03	 183.33	 100.00	 7.00	 57	 0.76	 
BMI_bf_105	 1	 11	 104.tif	 2.244511e+03	 24	 999000	 240	 999000	 999	 2.245527e+03	 183.33	 100.00	 41.00	 34	 0.37	 
BMI_bf_105	 1	 11	 004.tif	 2.246511e+03	 24	 999000	 240	 999000	 999	 2.247527e+03	 183.33	 100.00	 56.00	 4	 0.23	 
BMI_bf_105	 1	 11	 016.tif	 2.248511e+03	 24	 999000	 240	 999000	 999	 2.249527e+03	 183.33	 100.00	 55.00	 16	 0.24	 
BMI_bf_105	 1	 11	 030.tif	 2.253511e+03	 22	 8.168677e+02	 220	 1.425991e+02	 98	 2.254527e+03	 183.33	 116.67	 47.00	 30	 0.31	 
BMI_bf_105	 1	 11	 102.tif	 2.255510e+03	 12	 999000	 120	 999000	 999	 2.256527e+03	 183.33	 116.67	 23.00	 32	 0.59	 
BMI_bf_105	 1	 11	 119.tif	 2.257511e+03	 22	 8.007064e+02	 220	 1.604999e+02	 98	 2.258527e+03	 183.33	 133.33	 52.00	 49	 0.27	 
BMI_bf_105	 1	 11	 020.tif	 2.260510e+03	 12	 999000	 120	 999000	 999	 2.261527e+03	 183.33	 133.33	 19.00	 20	 0.64	 
BMI_bf_105	 1	 11	 022.tif	 2.267510e+03	 24	 999000	 240	 999000	 999	 2.268527e+03	 183.33	 133.33	 35.00	 22	 0.42	 
BMI_bf_105	 1	 11	 008.tif	 2.271510e+03	 24	 999000	 240	 999000	 999	 2.272526e+03	 183.33	 133.33	 32.00	 8	 0.48	 
BMI_bf_105	 1	 11	 019.tif	 2.278512e+03	 24	 999000	 240	 999000	 999	 2.279526e+03	 183.33	 133.33	 60.00	 19	 0.10	 
BMI_bf_105	 1	 11	 023.tif	 2.280510e+03	 12	 999000	 120	 999000	 999	 2.281526e+03	 183.33	 133.33	 27.00	 23	 0.57	 
BMI_bf_105	 1	 11	 025.tif	 2.284510e+03	 22	 8.557860e+02	 220	 1.759760e+02	 98	 2.285526e+03	 183.33	 150.00	 45.00	 25	 0.33	 
BMI_bf_105	 1	 11	 001.tif	 2.288510e+03	 24	 999000	 240	 999000	 999	 2.289526e+03	 183.33	 150.00	 43.00	 1	 0.37	 
BMI_bf_105	 1	 11	 003.tif	 2.290510e+03	 12	 999000	 120	 999000	 999	 2.291526e+03	 183.33	 150.00	 29.00	 3	 0.51	 
BMI_bf_105	 1	 11	 113.tif	 2.294509e+03	 12	 999000	 120	 999000	 999	 2.295526e+03	 183.33	 150.00	 17.00	 43	 0.64	 
BMI_bf_105	 1	 11	 012.tif	 2.296509e+03	 12	 999000	 120	 999000	 999	 2.297526e+03	 183.33	 150.00	 30.00	 12	 0.49	 
BMI_bf_105	 1	 11	 011.tif	 2.298509e+03	 11	 8.553296e+02	 110	 2.254571e+02	 98	 2.299526e+03	 200.00	 150.00	 15.00	 11	 0.66	 
BMI_bf_105	 1	 11	 024.tif	 2.304509e+03	 24	 999000	 240	 999000	 999	 2.305525e+03	 200.00	 150.00	 34.00	 24	 0.44	 
BMI_bf_105	 1	 11	 114.tif	 2.306509e+03	 11	 9.509493e+02	 110	 2.481725e+02	 98	 2.307525e+03	 216.67	 150.00	 25.00	 44	 0.58	 
BMI_bf_105	 1	 11	 106.tif	 2.309509e+03	 24	 999000	 240	 999000	 999	 2.310525e+03	 216.67	 150.00	 46.00	 36	 0.31	 
BMI_bf_105	 1	 11	 021.tif	 2.312509e+03	 22	 8.228006e+02	 220	 1.921053e+02	 98	 2.313525e+03	 216.67	 166.67	 44.00	 21	 0.34	 
BMI_bf_105	 1	 11	 014.tif	 2.314509e+03	 22	 8.227444e+02	 220	 2.102609e+02	 98	 2.315525e+03	 216.67	 183.33	 39.00	 14	 0.39	 
BMI_bf_105	 1	 11	 123.tif	 2.316509e+03	 12	 999000	 120	 999000	 999	 2.317525e+03	 216.67	 183.33	 3.00	 53	 0.85	 
BMI_bf_105	 1	 11	 029.tif	 2.318509e+03	 24	 999000	 240	 999000	 999	 2.319525e+03	 216.67	 183.33	 49.00	 29	 0.28	 
BMI_bf_105	 1	 11	 128.tif	 2.324509e+03	 12	 -1.769257e+03	 120	 999000	 115	 2.325525e+03	 216.67	 183.33	 2.00	 58	 0.86	 
BMI_bf_105	 1	 11	 026.tif	 2.326508e+03	 11	 5.342947e+02	 1	 2.603010e+02	 115	 2.327525e+03	 166.67	 183.33	 20.00	 26	 0.64	 
BMI_bf_105	 1	 11	 122.tif	 2.328508e+03	 11	 8.302491e+02	 110	 2.088760e+02	 98	 2.329525e+03	 183.33	 183.33	 13.00	 52	 0.68	 
BMI_bf_105	 1	 11	 116.tif	 2.330508e+03	 12	 999000	 120	 999000	 999	 2.331525e+03	 183.33	 183.33	 9.00	 46	 0.74	 
BMI_bf_105	 1	 11	 002.tif	 2.333508e+03	 12	 999000	 120	 999000	 999	 2.334525e+03	 183.33	 183.33	 6.00	 2	 0.81	 
BMI_bf_105	 1	 11	 124.tif	 2.336508e+03	 12	 999000	 120	 999000	 999	 2.337524e+03	 183.33	 183.33	 1.00	 54	 0.90	 
