subjectID	 order	 runNum	 itemName	 onsetTime	 shuff_trialType	 RT	 respInTime	 AudioTime	 response	 fixationTime	 ladder1	 ladder2	 bidIndex	 itemNameIndex	 bidValue	 
BMI_bf_132	 2	 10	 007.tif	 1.711969e+03	 24	 999000	 240	 999000	 999	 1.712986e+03	 316.67	 383.33	 42.00	 7	 0.36	 
BMI_bf_132	 2	 10	 107.tif	 1.713970e+03	 24	 999000	 240	 999000	 999	 1.714986e+03	 316.67	 383.33	 50.00	 37	 0.30	 
BMI_bf_132	 2	 10	 002.tif	 1.717970e+03	 12	 999000	 120	 999000	 999	 1.718986e+03	 316.67	 383.33	 12.00	 2	 0.71	 
BMI_bf_132	 2	 10	 125.tif	 1.720970e+03	 24	 999000	 240	 999000	 999	 1.721986e+03	 316.67	 383.33	 60.00	 55	 0.13	 
BMI_bf_132	 2	 10	 009.tif	 1.722970e+03	 11	 9.988973e+02	 110	 3.589997e+02	 98	 1.723986e+03	 333.33	 383.33	 11.00	 9	 0.74	 
BMI_bf_132	 2	 10	 122.tif	 1.725970e+03	 11	 1.006710e+03	 1100	 3.748796e+02	 98	 1.726986e+03	 283.33	 383.33	 9.00	 52	 0.76	 
BMI_bf_132	 2	 10	 004.tif	 1.729970e+03	 11	 8.946306e+02	 110	 3.251716e+02	 98	 1.730986e+03	 300.00	 383.33	 23.00	 4	 0.54	 
BMI_bf_132	 2	 10	 026.tif	 1.733969e+03	 12	 999000	 120	 999000	 999	 1.734986e+03	 300.00	 383.33	 10.00	 26	 0.75	 
BMI_bf_132	 2	 10	 018.tif	 1.735969e+03	 24	 999000	 240	 999000	 999	 1.736986e+03	 300.00	 383.33	 36.00	 18	 0.43	 
BMI_bf_132	 2	 10	 013.tif	 1.740969e+03	 22	 1.030264e+03	 2200	 4.263373e+02	 98	 1.741986e+03	 300.00	 333.33	 40.00	 13	 0.36	 
BMI_bf_132	 2	 10	 015.tif	 1.742969e+03	 24	 999000	 240	 999000	 999	 1.743986e+03	 300.00	 333.33	 47.00	 15	 0.32	 
BMI_bf_132	 2	 10	 130.tif	 1.744969e+03	 22	 9.501009e+02	 220	 3.750982e+02	 98	 1.745986e+03	 300.00	 350.00	 43.00	 60	 0.35	 
BMI_bf_132	 2	 10	 023.tif	 1.750969e+03	 12	 999000	 120	 999000	 999	 1.751986e+03	 300.00	 350.00	 5.00	 23	 0.83	 
BMI_bf_132	 2	 10	 121.tif	 1.752969e+03	 11	 9.177835e+02	 110	 3.420633e+02	 98	 1.753986e+03	 316.67	 350.00	 26.00	 51	 0.51	 
BMI_bf_132	 2	 10	 020.tif	 1.754969e+03	 12	 999000	 120	 999000	 999	 1.755986e+03	 316.67	 350.00	 15.00	 20	 0.69	 
BMI_bf_132	 2	 10	 104.tif	 1.756969e+03	 24	 999000	 240	 999000	 999	 1.757986e+03	 316.67	 350.00	 58.00	 34	 0.19	 
BMI_bf_132	 2	 10	 030.tif	 1.760969e+03	 22	 9.895294e+02	 220	 3.922903e+02	 98	 1.761985e+03	 316.67	 366.67	 38.00	 30	 0.38	 
BMI_bf_132	 2	 10	 017.tif	 1.764969e+03	 12	 999000	 120	 999000	 999	 1.765985e+03	 316.67	 366.67	 2.00	 17	 0.86	 
BMI_bf_132	 2	 10	 019.tif	 1.767969e+03	 12	 999000	 120	 999000	 999	 1.768985e+03	 316.67	 366.67	 24.00	 19	 0.53	 
BMI_bf_132	 2	 10	 114.tif	 1.771969e+03	 12	 999000	 120	 999000	 999	 1.772985e+03	 316.67	 366.67	 30.00	 44	 0.48	 
BMI_bf_132	 2	 10	 117.tif	 1.774969e+03	 24	 999000	 240	 999000	 999	 1.775985e+03	 316.67	 366.67	 55.00	 47	 0.22	 
BMI_bf_132	 2	 10	 106.tif	 1.776969e+03	 22	 1.044918e+03	 2	 4.097154e+02	 115	 1.777985e+03	 316.67	 316.67	 54.00	 36	 0.24	 
BMI_bf_132	 2	 10	 029.tif	 1.780969e+03	 12	 999000	 120	 999000	 999	 1.781985e+03	 316.67	 316.67	 4.00	 29	 0.84	 
BMI_bf_132	 2	 10	 028.tif	 1.782969e+03	 11	 9.646634e+02	 110	 3.586746e+02	 98	 1.783985e+03	 333.33	 316.67	 8.00	 28	 0.78	 
BMI_bf_132	 2	 10	 102.tif	 1.784969e+03	 24	 999000	 240	 999000	 999	 1.785985e+03	 333.33	 316.67	 37.00	 32	 0.41	 
BMI_bf_132	 2	 10	 103.tif	 1.788969e+03	 12	 999000	 120	 999000	 999	 1.789985e+03	 333.33	 316.67	 21.00	 33	 0.60	 
BMI_bf_132	 2	 10	 110.tif	 1.790969e+03	 24	 999000	 240	 999000	 999	 1.791985e+03	 333.33	 316.67	 44.00	 40	 0.35	 
BMI_bf_132	 2	 10	 001.tif	 1.794969e+03	 24	 999000	 240	 999000	 999	 1.795985e+03	 333.33	 316.67	 32.00	 1	 0.44	 
BMI_bf_132	 2	 10	 123.tif	 1.798969e+03	 22	 1.004101e+03	 2200	 3.583857e+02	 98	 1.799985e+03	 333.33	 266.67	 51.00	 53	 0.29	 
BMI_bf_132	 2	 10	 022.tif	 1.801969e+03	 11	 9.800791e+02	 110	 3.761296e+02	 98	 1.802985e+03	 350.00	 266.67	 16.00	 22	 0.68	 
BMI_bf_132	 2	 10	 027.tif	 1.807969e+03	 24	 999000	 240	 999000	 999	 1.808985e+03	 350.00	 266.67	 39.00	 27	 0.38	 
BMI_bf_132	 2	 10	 012.tif	 1.809969e+03	 24	 999000	 240	 999000	 999	 1.810985e+03	 350.00	 266.67	 59.00	 12	 0.17	 
BMI_bf_132	 2	 10	 120.tif	 1.813969e+03	 24	 999000	 240	 999000	 999	 1.814985e+03	 350.00	 266.67	 53.00	 50	 0.26	 
BMI_bf_132	 2	 10	 112.tif	 1.815968e+03	 22	 9.315661e+02	 220	 3.080673e+02	 98	 1.816985e+03	 350.00	 283.33	 46.00	 42	 0.32	 
BMI_bf_132	 2	 10	 127.tif	 1.817968e+03	 12	 999000	 120	 999000	 999	 1.818985e+03	 350.00	 283.33	 18.00	 57	 0.65	 
BMI_bf_132	 2	 10	 108.tif	 1.819968e+03	 11	 1.027423e+03	 1100	 3.918976e+02	 98	 1.820985e+03	 300.00	 283.33	 19.00	 38	 0.63	 
BMI_bf_132	 2	 10	 016.tif	 1.824968e+03	 24	 999000	 240	 999000	 999	 1.825985e+03	 300.00	 283.33	 52.00	 16	 0.28	 
BMI_bf_132	 2	 10	 115.tif	 1.826968e+03	 11	 9.312226e+02	 110	 3.428557e+02	 98	 1.827985e+03	 316.67	 283.33	 17.00	 45	 0.67	 
BMI_bf_132	 2	 10	 011.tif	 1.828968e+03	 12	 999000	 120	 999000	 999	 1.829985e+03	 316.67	 283.33	 3.00	 11	 0.85	 
BMI_bf_132	 2	 10	 126.tif	 1.831968e+03	 24	 999000	 240	 999000	 999	 1.832985e+03	 316.67	 283.33	 33.00	 56	 0.44	 
BMI_bf_132	 2	 10	 119.tif	 1.834968e+03	 22	 9.387298e+02	 220	 3.277799e+02	 98	 1.835985e+03	 316.67	 300.00	 48.00	 49	 0.31	 
BMI_bf_132	 2	 10	 116.tif	 1.838968e+03	 12	 999000	 120	 999000	 999	 1.839985e+03	 316.67	 300.00	 25.00	 46	 0.52	 
BMI_bf_132	 2	 10	 118.tif	 1.840968e+03	 12	 999000	 120	 999000	 999	 1.841985e+03	 316.67	 300.00	 6.00	 48	 0.83	 
BMI_bf_132	 2	 10	 024.tif	 1.842968e+03	 12	 999000	 120	 999000	 999	 1.843985e+03	 316.67	 300.00	 28.00	 24	 0.50	 
BMI_bf_132	 2	 10	 128.tif	 1.845968e+03	 11	 9.305192e+02	 110	 3.602778e+02	 98	 1.846984e+03	 333.33	 300.00	 22.00	 58	 0.56	 
BMI_bf_132	 2	 10	 010.tif	 1.848968e+03	 24	 999000	 240	 999000	 999	 1.849984e+03	 333.33	 300.00	 31.00	 10	 0.48	 
BMI_bf_132	 2	 10	 008.tif	 1.850968e+03	 12	 999000	 120	 999000	 999	 1.851984e+03	 333.33	 300.00	 1.00	 8	 0.98	 
BMI_bf_132	 2	 10	 105.tif	 1.852968e+03	 24	 999000	 240	 999000	 999	 1.853984e+03	 333.33	 300.00	 57.00	 35	 0.19	 
BMI_bf_132	 2	 10	 014.tif	 1.854968e+03	 11	 9.061858e+02	 110	 3.771629e+02	 98	 1.855984e+03	 350.00	 300.00	 14.00	 14	 0.69	 
BMI_bf_132	 2	 10	 113.tif	 1.859968e+03	 24	 999000	 240	 999000	 999	 1.860984e+03	 350.00	 300.00	 45.00	 43	 0.34	 
BMI_bf_132	 2	 10	 025.tif	 1.861968e+03	 12	 999000	 120	 999000	 999	 1.862984e+03	 350.00	 300.00	 13.00	 25	 0.69	 
BMI_bf_132	 2	 10	 124.tif	 1.863968e+03	 12	 999000	 120	 999000	 999	 1.864984e+03	 350.00	 300.00	 29.00	 54	 0.49	 
BMI_bf_132	 2	 10	 109.tif	 1.865968e+03	 24	 999000	 240	 999000	 999	 1.866984e+03	 350.00	 300.00	 56.00	 39	 0.21	 
BMI_bf_132	 2	 10	 101.tif	 1.872968e+03	 24	 999000	 240	 999000	 999	 1.873984e+03	 350.00	 300.00	 34.00	 31	 0.44	 
BMI_bf_132	 2	 10	 111.tif	 1.874968e+03	 22	 9.934409e+02	 220	 3.434162e+02	 98	 1.875984e+03	 350.00	 316.67	 49.00	 41	 0.31	 
BMI_bf_132	 2	 10	 003.tif	 1.881968e+03	 12	 999000	 120	 999000	 999	 1.882984e+03	 350.00	 316.67	 27.00	 3	 0.51	 
BMI_bf_132	 2	 10	 005.tif	 1.884968e+03	 12	 999000	 120	 999000	 999	 1.885984e+03	 350.00	 316.67	 20.00	 5	 0.62	 
BMI_bf_132	 2	 10	 129.tif	 1.887968e+03	 22	 1.025043e+03	 2200	 3.593626e+02	 98	 1.888984e+03	 350.00	 266.67	 35.00	 59	 0.43	 
BMI_bf_132	 2	 10	 021.tif	 1.893968e+03	 22	 8.728261e+02	 220	 3.099129e+02	 98	 1.894984e+03	 350.00	 283.33	 41.00	 21	 0.36	 
BMI_bf_132	 2	 10	 006.tif	 1.895967e+03	 12	 999000	 120	 999000	 999	 1.896984e+03	 350.00	 283.33	 7.00	 6	 0.80	 
