subjectID	 order	 runNum	 itemName	 onsetTime	 shuff_trialType	 RT	 respInTime	 AudioTime	 response	 fixationTime	 ladder1	 ladder2	 bidIndex	 itemNameIndex	 bidValue	 
BMI_bf_127	 1	 8	 023.tif	 1.367353e+03	 24	 999000	 240	 999000	 999	 1.368369e+03	 183.33	 183.33	 46.00	 23	 0.31	 
BMI_bf_127	 1	 8	 129.tif	 1.370353e+03	 12	 999000	 120	 999000	 999	 1.371369e+03	 183.33	 183.33	 17.00	 59	 0.67	 
BMI_bf_127	 1	 8	 030.tif	 1.372353e+03	 12	 999000	 120	 999000	 999	 1.373369e+03	 183.33	 183.33	 27.00	 30	 0.57	 
BMI_bf_127	 1	 8	 024.tif	 1.374353e+03	 12	 999000	 120	 999000	 999	 1.375369e+03	 183.33	 183.33	 26.00	 24	 0.60	 
BMI_bf_127	 1	 8	 105.tif	 1.376353e+03	 24	 999000	 240	 999000	 999	 1.377369e+03	 183.33	 183.33	 35.00	 35	 0.42	 
BMI_bf_127	 1	 8	 015.tif	 1.379353e+03	 12	 999000	 120	 999000	 999	 1.380369e+03	 183.33	 183.33	 9.00	 15	 0.76	 
BMI_bf_127	 1	 8	 112.tif	 1.381353e+03	 24	 999000	 240	 999000	 999	 1.382369e+03	 183.33	 183.33	 55.00	 42	 0.16	 
BMI_bf_127	 1	 8	 119.tif	 1.385353e+03	 12	 999000	 120	 999000	 999	 1.386369e+03	 183.33	 183.33	 28.00	 49	 0.56	 
BMI_bf_127	 1	 8	 108.tif	 1.387353e+03	 12	 999000	 120	 999000	 999	 1.388369e+03	 183.33	 183.33	 16.00	 38	 0.68	 
BMI_bf_127	 1	 8	 020.tif	 1.392353e+03	 11	 9.549041e+02	 110	 2.257193e+02	 98	 1.393369e+03	 200.00	 183.33	 15.00	 20	 0.69	 
BMI_bf_127	 1	 8	 109.tif	 1.394353e+03	 12	 999000	 120	 999000	 999	 1.395369e+03	 200.00	 183.33	 4.00	 39	 0.81	 
BMI_bf_127	 1	 8	 121.tif	 1.398352e+03	 12	 999000	 120	 999000	 999	 1.399369e+03	 200.00	 183.33	 6.00	 51	 0.79	 
BMI_bf_127	 1	 8	 008.tif	 1.400352e+03	 22	 8.666467e+02	 220	 2.251986e+02	 98	 1.401369e+03	 200.00	 200.00	 52.00	 8	 0.22	 
BMI_bf_127	 1	 8	 103.tif	 1.403352e+03	 22	 9.225210e+02	 220	 2.431485e+02	 98	 1.404369e+03	 200.00	 216.67	 39.00	 33	 0.39	 
BMI_bf_127	 1	 8	 010.tif	 1.408352e+03	 12	 999000	 120	 999000	 999	 1.409369e+03	 200.00	 216.67	 11.00	 10	 0.75	 
BMI_bf_127	 1	 8	 025.tif	 1.410352e+03	 22	 9.542654e+02	 220	 2.619215e+02	 98	 1.411369e+03	 200.00	 233.33	 47.00	 25	 0.31	 
BMI_bf_127	 1	 8	 120.tif	 1.412352e+03	 24	 999000	 240	 999000	 999	 1.413369e+03	 200.00	 233.33	 49.00	 50	 0.27	 
BMI_bf_127	 1	 8	 026.tif	 1.416352e+03	 22	 9.780200e+02	 220	 2.758770e+02	 98	 1.417368e+03	 200.00	 250.00	 36.00	 26	 0.41	 
BMI_bf_127	 1	 8	 118.tif	 1.420352e+03	 22	 9.938962e+02	 220	 2.934912e+02	 98	 1.421368e+03	 200.00	 266.67	 53.00	 48	 0.20	 
BMI_bf_127	 1	 8	 101.tif	 1.424352e+03	 24	 999000	 240	 999000	 999	 1.425368e+03	 200.00	 266.67	 31.00	 31	 0.50	 
BMI_bf_127	 1	 8	 003.tif	 1.426352e+03	 24	 999000	 240	 999000	 999	 1.427368e+03	 200.00	 266.67	 43.00	 3	 0.34	 
BMI_bf_127	 1	 8	 114.tif	 1.428352e+03	 11	 9.696257e+02	 110	 2.422151e+02	 98	 1.429368e+03	 216.67	 266.67	 25.00	 44	 0.60	 
BMI_bf_127	 1	 8	 102.tif	 1.430352e+03	 11	 9.695617e+02	 110	 2.587837e+02	 98	 1.431368e+03	 233.33	 266.67	 10.00	 32	 0.76	 
BMI_bf_127	 1	 8	 022.tif	 1.432352e+03	 24	 999000	 240	 999000	 999	 1.433368e+03	 233.33	 266.67	 33.00	 22	 0.47	 
BMI_bf_127	 1	 8	 029.tif	 1.438352e+03	 24	 999000	 240	 999000	 999	 1.439368e+03	 233.33	 266.67	 41.00	 29	 0.38	 
BMI_bf_127	 1	 8	 018.tif	 1.441352e+03	 24	 999000	 240	 999000	 999	 1.442368e+03	 233.33	 266.67	 60.00	 18	 0.03	 
BMI_bf_127	 1	 8	 111.tif	 1.443352e+03	 12	 999000	 120	 999000	 999	 1.444368e+03	 233.33	 266.67	 22.00	 41	 0.64	 
BMI_bf_127	 1	 8	 014.tif	 1.445351e+03	 12	 999000	 120	 999000	 999	 1.446368e+03	 233.33	 266.67	 29.00	 14	 0.56	 
BMI_bf_127	 1	 8	 127.tif	 1.448351e+03	 12	 999000	 120	 999000	 999	 1.449368e+03	 233.33	 266.67	 2.00	 57	 0.86	 
BMI_bf_127	 1	 8	 128.tif	 1.450351e+03	 11	 9.528093e+02	 110	 2.762099e+02	 98	 1.451368e+03	 250.00	 266.67	 24.00	 58	 0.62	 
BMI_bf_127	 1	 8	 117.tif	 1.452351e+03	 24	 999000	 240	 999000	 999	 1.453368e+03	 250.00	 266.67	 56.00	 47	 0.15	 
BMI_bf_127	 1	 8	 002.tif	 1.454351e+03	 11	 9.847511e+02	 110	 2.921902e+02	 98	 1.455368e+03	 266.67	 266.67	 21.00	 2	 0.64	 
BMI_bf_127	 1	 8	 130.tif	 1.457351e+03	 24	 999000	 240	 999000	 999	 1.458368e+03	 266.67	 266.67	 40.00	 60	 0.39	 
BMI_bf_127	 1	 8	 021.tif	 1.459351e+03	 22	 1.000547e+03	 2200	 3.088985e+02	 98	 1.460368e+03	 266.67	 216.67	 42.00	 21	 0.37	 
BMI_bf_127	 1	 8	 115.tif	 1.461351e+03	 12	 999000	 120	 999000	 999	 1.462367e+03	 266.67	 216.67	 19.00	 45	 0.66	 
BMI_bf_127	 1	 8	 005.tif	 1.463351e+03	 11	 1.016354e+03	 1100	 3.095213e+02	 98	 1.464368e+03	 216.67	 216.67	 20.00	 5	 0.65	 
BMI_bf_127	 1	 8	 004.tif	 1.465351e+03	 24	 999000	 240	 999000	 999	 1.466367e+03	 216.67	 216.67	 48.00	 4	 0.27	 
BMI_bf_127	 1	 8	 113.tif	 1.471351e+03	 12	 999000	 120	 999000	 999	 1.472367e+03	 216.67	 216.67	 8.00	 43	 0.76	 
BMI_bf_127	 1	 8	 013.tif	 1.474351e+03	 12	 999000	 120	 999000	 999	 1.475367e+03	 216.67	 216.67	 1.00	 13	 0.90	 
BMI_bf_127	 1	 8	 104.tif	 1.478351e+03	 11	 9.038895e+02	 110	 2.595746e+02	 98	 1.479367e+03	 233.33	 216.67	 12.00	 34	 0.74	 
BMI_bf_127	 1	 8	 011.tif	 1.484351e+03	 11	 1.255658e+03	 1100	 2.756355e+02	 98	 1.485367e+03	 183.33	 216.67	 18.00	 11	 0.66	 
BMI_bf_127	 1	 8	 027.tif	 1.486351e+03	 24	 999000	 240	 999000	 999	 1.487367e+03	 183.33	 216.67	 51.00	 27	 0.22	 
BMI_bf_127	 1	 8	 012.tif	 1.491351e+03	 22	 8.874078e+02	 220	 2.584710e+02	 98	 1.492367e+03	 183.33	 233.33	 37.00	 12	 0.40	 
BMI_bf_127	 1	 8	 017.tif	 1.494350e+03	 24	 999000	 240	 999000	 999	 1.495367e+03	 183.33	 233.33	 57.00	 17	 0.14	 
BMI_bf_127	 1	 8	 028.tif	 1.496350e+03	 24	 999000	 240	 999000	 999	 1.497367e+03	 183.33	 233.33	 58.00	 28	 0.14	 
BMI_bf_127	 1	 8	 009.tif	 1.499350e+03	 12	 999000	 120	 999000	 999	 1.500367e+03	 183.33	 233.33	 5.00	 9	 0.80	 
BMI_bf_127	 1	 8	 107.tif	 1.501350e+03	 22	 9.270446e+02	 220	 2.757408e+02	 98	 1.502367e+03	 183.33	 250.00	 50.00	 37	 0.26	 
BMI_bf_127	 1	 8	 126.tif	 1.505350e+03	 12	 999000	 120	 999000	 999	 1.506367e+03	 183.33	 250.00	 3.00	 56	 0.84	 
BMI_bf_127	 1	 8	 124.tif	 1.509350e+03	 11	 9.587839e+02	 110	 2.254892e+02	 98	 1.510366e+03	 200.00	 250.00	 13.00	 54	 0.74	 
BMI_bf_127	 1	 8	 116.tif	 1.511350e+03	 12	 999000	 120	 999000	 999	 1.512366e+03	 200.00	 250.00	 23.00	 46	 0.63	 
BMI_bf_127	 1	 8	 125.tif	 1.518350e+03	 24	 999000	 240	 999000	 999	 1.519366e+03	 200.00	 250.00	 34.00	 55	 0.46	 
BMI_bf_127	 1	 8	 001.tif	 1.520350e+03	 22	 9.423855e+02	 220	 2.926255e+02	 98	 1.521366e+03	 200.00	 266.67	 45.00	 1	 0.33	 
BMI_bf_127	 1	 8	 122.tif	 1.523350e+03	 12	 999000	 120	 999000	 999	 1.524366e+03	 200.00	 266.67	 30.00	 52	 0.56	 
BMI_bf_127	 1	 8	 123.tif	 1.527350e+03	 24	 999000	 240	 999000	 999	 1.528366e+03	 200.00	 266.67	 32.00	 53	 0.48	 
BMI_bf_127	 1	 8	 019.tif	 1.531350e+03	 24	 999000	 240	 999000	 999	 1.532366e+03	 200.00	 266.67	 59.00	 19	 0.12	 
BMI_bf_127	 1	 8	 110.tif	 1.535366e+03	 12	 999000	 120	 999000	 999	 1.536383e+03	 200.00	 266.67	 14.00	 40	 0.70	 
BMI_bf_127	 1	 8	 106.tif	 1.538366e+03	 24	 999000	 240	 999000	 999	 1.539382e+03	 200.00	 266.67	 38.00	 36	 0.40	 
BMI_bf_127	 1	 8	 016.tif	 1.540366e+03	 22	 9.490170e+02	 220	 3.090549e+02	 98	 1.541382e+03	 200.00	 283.33	 44.00	 16	 0.33	 
BMI_bf_127	 1	 8	 007.tif	 1.544366e+03	 11	 9.328354e+02	 110	 2.415088e+02	 98	 1.545382e+03	 216.67	 283.33	 7.00	 7	 0.76	 
BMI_bf_127	 1	 8	 006.tif	 1.551366e+03	 24	 999000	 240	 999000	 999	 1.552382e+03	 216.67	 283.33	 54.00	 6	 0.19	 
