subjectID	 order	 runNum	 itemName	 onsetTime	 shuff_trialType	 RT	 respInTime	 AudioTime	 response	 fixationTime	 ladder1	 ladder2	 bidIndex	 itemNameIndex	 bidValue	 
BMI_bf_115	 1	 3	 007.tif	 3.870818e+02	 24	 4.460213e+02	 24	 999000	 98	 3.880985e+02	 283.33	 283.33	 34.00	 7	 0.46	 
BMI_bf_115	 1	 3	 125.tif	 3.900821e+02	 24	 999000	 240	 999000	 999	 3.910984e+02	 283.33	 283.33	 40.00	 55	 0.39	 
BMI_bf_115	 1	 3	 123.tif	 3.940820e+02	 11	 9.893389e+02	 110	 3.257148e+02	 98	 3.950983e+02	 300.00	 283.33	 12.00	 53	 0.76	 
BMI_bf_115	 1	 3	 112.tif	 3.960819e+02	 24	 999000	 240	 999000	 999	 3.970982e+02	 300.00	 283.33	 43.00	 42	 0.33	 
BMI_bf_115	 1	 3	 030.tif	 3.980818e+02	 22	 1.205243e+03	 2200	 3.252608e+02	 98	 3.990982e+02	 300.00	 233.33	 42.00	 30	 0.33	 
BMI_bf_115	 1	 3	 105.tif	 4.020817e+02	 11	 9.250689e+02	 110	 3.424459e+02	 98	 4.030980e+02	 316.67	 233.33	 15.00	 35	 0.71	 
BMI_bf_115	 1	 3	 130.tif	 4.040815e+02	 12	 999000	 120	 999000	 999	 4.050980e+02	 316.67	 233.33	 2.00	 60	 0.92	 
BMI_bf_115	 1	 3	 005.tif	 4.090814e+02	 12	 999000	 120	 999000	 999	 4.100977e+02	 316.67	 233.33	 4.00	 5	 0.86	 
BMI_bf_115	 1	 3	 129.tif	 4.110814e+02	 24	 999000	 240	 999000	 999	 4.120977e+02	 316.67	 233.33	 41.00	 59	 0.34	 
BMI_bf_115	 1	 3	 119.tif	 4.140813e+02	 11	 1.012598e+03	 1100	 3.587493e+02	 98	 4.150976e+02	 266.67	 233.33	 24.00	 49	 0.60	 
BMI_bf_115	 1	 3	 104.tif	 4.170812e+02	 12	 999000	 120	 999000	 999	 4.180975e+02	 266.67	 233.33	 19.00	 34	 0.66	 
BMI_bf_115	 1	 3	 128.tif	 4.210811e+02	 12	 999000	 120	 999000	 999	 4.220974e+02	 266.67	 233.33	 30.00	 58	 0.50	 
BMI_bf_115	 1	 3	 126.tif	 4.240810e+02	 12	 999000	 120	 999000	 999	 4.250974e+02	 266.67	 233.33	 8.00	 56	 0.83	 
BMI_bf_115	 1	 3	 017.tif	 4.260809e+02	 24	 999000	 240	 999000	 999	 4.270972e+02	 266.67	 233.33	 51.00	 17	 0.22	 
BMI_bf_115	 1	 3	 103.tif	 4.290808e+02	 11	 9.561483e+02	 110	 3.100881e+02	 98	 4.300972e+02	 283.33	 233.33	 13.00	 33	 0.75	 
BMI_bf_115	 1	 3	 004.tif	 4.330807e+02	 12	 999000	 120	 999000	 999	 4.340970e+02	 283.33	 233.33	 27.00	 4	 0.52	 
BMI_bf_115	 1	 3	 114.tif	 4.360806e+02	 11	 8.758823e+02	 110	 3.257534e+02	 98	 4.370970e+02	 300.00	 233.33	 10.00	 44	 0.78	 
BMI_bf_115	 1	 3	 019.tif	 4.380805e+02	 22	 9.878036e+02	 220	 2.753171e+02	 98	 4.390968e+02	 300.00	 250.00	 50.00	 19	 0.26	 
BMI_bf_115	 1	 3	 014.tif	 4.400805e+02	 12	 999000	 120	 999000	 999	 4.410968e+02	 300.00	 250.00	 26.00	 14	 0.53	 
BMI_bf_115	 1	 3	 012.tif	 4.450800e+02	 24	 999000	 240	 999000	 999	 4.460966e+02	 300.00	 250.00	 35.00	 12	 0.43	 
BMI_bf_115	 1	 3	 008.tif	 4.490799e+02	 12	 999000	 120	 999000	 999	 4.500965e+02	 300.00	 250.00	 28.00	 8	 0.52	 
BMI_bf_115	 1	 3	 028.tif	 4.530797e+02	 22	 9.315748e+02	 220	 2.909298e+02	 98	 4.540963e+02	 300.00	 266.67	 37.00	 28	 0.42	 
BMI_bf_115	 1	 3	 111.tif	 4.590796e+02	 12	 999000	 120	 999000	 999	 4.600963e+02	 300.00	 266.67	 6.00	 41	 0.85	 
BMI_bf_115	 1	 3	 027.tif	 4.610798e+02	 22	 9.549542e+02	 220	 3.458103e+02	 98	 4.620961e+02	 300.00	 283.33	 36.00	 27	 0.42	 
BMI_bf_115	 1	 3	 023.tif	 4.630797e+02	 22	 9.709023e+02	 220	 3.262146e+02	 98	 4.640961e+02	 300.00	 300.00	 44.00	 23	 0.31	 
BMI_bf_115	 1	 3	 020.tif	 4.650794e+02	 22	 1.123021e+03	 2200	 4.426882e+02	 98	 4.660960e+02	 300.00	 250.00	 52.00	 20	 0.21	 
BMI_bf_115	 1	 3	 108.tif	 4.670795e+02	 22	 1.002819e+03	 2200	 3.878023e+02	 98	 4.680960e+02	 300.00	 200.00	 39.00	 38	 0.40	 
BMI_bf_115	 1	 3	 117.tif	 4.710795e+02	 24	 999000	 240	 999000	 999	 4.720958e+02	 300.00	 200.00	 48.00	 47	 0.27	 
BMI_bf_115	 1	 3	 102.tif	 4.730794e+02	 12	 999000	 120	 999000	 999	 4.740957e+02	 300.00	 200.00	 11.00	 32	 0.76	 
BMI_bf_115	 1	 3	 116.tif	 4.770793e+02	 12	 999000	 120	 999000	 999	 4.780956e+02	 300.00	 200.00	 14.00	 46	 0.73	 
BMI_bf_115	 1	 3	 001.tif	 4.790792e+02	 24	 999000	 240	 999000	 999	 4.800956e+02	 300.00	 200.00	 59.00	 1	 0.07	 
BMI_bf_115	 1	 3	 106.tif	 4.810791e+02	 12	 999000	 120	 999000	 999	 4.820955e+02	 300.00	 200.00	 23.00	 36	 0.63	 
BMI_bf_115	 1	 3	 002.tif	 4.830791e+02	 11	 9.941585e+02	 110	 3.440077e+02	 98	 4.840955e+02	 316.67	 200.00	 25.00	 2	 0.53	 
BMI_bf_115	 1	 3	 113.tif	 4.880789e+02	 11	 1.050003e+03	 1100	 3.614566e+02	 98	 4.890952e+02	 266.67	 200.00	 7.00	 43	 0.83	 
BMI_bf_115	 1	 3	 003.tif	 4.900788e+02	 22	 9.538877e+02	 220	 2.429156e+02	 98	 4.910952e+02	 266.67	 216.67	 45.00	 3	 0.29	 
BMI_bf_115	 1	 3	 018.tif	 4.920788e+02	 24	 999000	 240	 999000	 999	 4.930951e+02	 266.67	 216.67	 56.00	 18	 0.15	 
BMI_bf_115	 1	 3	 029.tif	 4.950787e+02	 24	 999000	 240	 999000	 999	 4.960950e+02	 266.67	 216.67	 57.00	 29	 0.15	 
BMI_bf_115	 1	 3	 120.tif	 5.020785e+02	 12	 999000	 120	 999000	 999	 5.030948e+02	 266.67	 216.67	 16.00	 50	 0.69	 
BMI_bf_115	 1	 3	 026.tif	 5.060783e+02	 24	 999000	 240	 999000	 999	 5.070947e+02	 266.67	 216.67	 54.00	 26	 0.19	 
BMI_bf_115	 1	 3	 015.tif	 5.130781e+02	 22	 7.851172e+02	 220	 2.597496e+02	 98	 5.140944e+02	 266.67	 233.33	 47.00	 15	 0.29	 
BMI_bf_115	 1	 3	 024.tif	 5.150781e+02	 24	 999000	 240	 999000	 999	 5.160944e+02	 266.67	 233.33	 32.00	 24	 0.49	 
BMI_bf_115	 1	 3	 115.tif	 5.190779e+02	 12	 999000	 120	 999000	 999	 5.200942e+02	 266.67	 233.33	 9.00	 45	 0.78	 
BMI_bf_115	 1	 3	 025.tif	 5.230778e+02	 24	 999000	 240	 999000	 999	 5.240942e+02	 266.67	 233.33	 33.00	 25	 0.47	 
BMI_bf_115	 1	 3	 107.tif	 5.250777e+02	 24	 999000	 240	 999000	 999	 5.260940e+02	 266.67	 233.33	 58.00	 37	 0.11	 
BMI_bf_115	 1	 3	 124.tif	 5.290776e+02	 24	 999000	 240	 999000	 999	 5.300940e+02	 266.67	 233.33	 49.00	 54	 0.26	 
BMI_bf_115	 1	 3	 016.tif	 5.310775e+02	 11	 9.764694e+02	 110	 3.089019e+02	 98	 5.320939e+02	 283.33	 233.33	 20.00	 16	 0.65	 
BMI_bf_115	 1	 3	 010.tif	 5.330775e+02	 11	 9.683785e+02	 110	 3.267598e+02	 98	 5.340938e+02	 300.00	 233.33	 18.00	 10	 0.67	 
BMI_bf_115	 1	 3	 011.tif	 5.390773e+02	 12	 999000	 120	 999000	 999	 5.400936e+02	 300.00	 233.33	 29.00	 11	 0.51	 
BMI_bf_115	 1	 3	 109.tif	 5.410772e+02	 12	 999000	 120	 999000	 999	 5.420935e+02	 300.00	 233.33	 1.00	 39	 0.92	 
BMI_bf_115	 1	 3	 110.tif	 5.440771e+02	 12	 999000	 120	 999000	 999	 5.450934e+02	 300.00	 233.33	 17.00	 40	 0.68	 
BMI_bf_115	 1	 3	 013.tif	 5.470770e+02	 24	 999000	 240	 999000	 999	 5.480934e+02	 300.00	 233.33	 38.00	 13	 0.40	 
BMI_bf_115	 1	 3	 006.tif	 5.490770e+02	 24	 999000	 240	 999000	 999	 5.500933e+02	 300.00	 233.33	 60.00	 6	 0.06	 
BMI_bf_115	 1	 3	 009.tif	 5.510769e+02	 24	 999000	 240	 999000	 999	 5.520932e+02	 300.00	 233.33	 31.00	 9	 0.49	 
BMI_bf_115	 1	 3	 122.tif	 5.530768e+02	 11	 9.356591e+02	 110	 3.439672e+02	 98	 5.540932e+02	 316.67	 233.33	 21.00	 52	 0.64	 
BMI_bf_115	 1	 3	 022.tif	 5.590767e+02	 24	 999000	 240	 999000	 999	 5.600930e+02	 316.67	 233.33	 55.00	 22	 0.17	 
BMI_bf_115	 1	 3	 127.tif	 5.610766e+02	 12	 999000	 120	 999000	 999	 5.620930e+02	 316.67	 233.33	 3.00	 57	 0.86	 
BMI_bf_115	 1	 3	 021.tif	 5.630765e+02	 22	 9.752879e+02	 220	 2.756908e+02	 98	 5.640928e+02	 316.67	 250.00	 53.00	 21	 0.19	 
BMI_bf_115	 1	 3	 121.tif	 5.650764e+02	 12	 999000	 120	 999000	 999	 5.660928e+02	 316.67	 250.00	 5.00	 51	 0.86	 
BMI_bf_115	 1	 3	 118.tif	 5.680763e+02	 12	 999000	 120	 999000	 999	 5.690927e+02	 316.67	 250.00	 22.00	 48	 0.63	 
BMI_bf_115	 1	 3	 101.tif	 5.710762e+02	 24	 999000	 240	 999000	 999	 5.720925e+02	 316.67	 250.00	 46.00	 31	 0.29	 
