subjectID	 order	 runNum	 itemName	 onsetTime	 shuff_trialType	 RT	 respInTime	 AudioTime	 response	 fixationTime	 ladder1	 ladder2	 bidIndex	 itemNameIndex	 bidValue	 
BMI_bf_126	 2	 8	 025.tif	 1.340534e+03	 22	 9.042439e+02	 220	 5.590549e+02	 98	 1.341551e+03	 516.67	 533.33	 54.00	 25	 0.23	 
BMI_bf_126	 2	 8	 123.tif	 1.343534e+03	 22	 8.158500e+02	 220	 5.758789e+02	 98	 1.344551e+03	 516.67	 550.00	 35.00	 53	 0.44	 
BMI_bf_126	 2	 8	 027.tif	 1.347534e+03	 22	 8.716907e+02	 220	 5.930503e+02	 98	 1.348550e+03	 516.67	 566.67	 48.00	 27	 0.27	 
BMI_bf_126	 2	 8	 119.tif	 1.349534e+03	 12	 999000	 120	 999000	 999	 1.350550e+03	 516.67	 566.67	 28.00	 49	 0.56	 
BMI_bf_126	 2	 8	 017.tif	 1.351534e+03	 24	 999000	 240	 999000	 999	 1.352550e+03	 516.67	 566.67	 33.00	 17	 0.48	 
BMI_bf_126	 2	 8	 128.tif	 1.355534e+03	 22	 8.474266e+02	 220	 6.093955e+02	 98	 1.356550e+03	 516.67	 583.33	 51.00	 58	 0.24	 
BMI_bf_126	 2	 8	 104.tif	 1.357534e+03	 12	 999000	 120	 999000	 999	 1.358550e+03	 516.67	 583.33	 2.00	 34	 0.87	 
BMI_bf_126	 2	 8	 016.tif	 1.362534e+03	 11	 7.832824e+02	 110	 5.594751e+02	 98	 1.363550e+03	 533.33	 583.33	 19.00	 16	 0.66	 
BMI_bf_126	 2	 8	 007.tif	 1.364534e+03	 12	 999000	 120	 999000	 999	 1.365550e+03	 533.33	 583.33	 10.00	 7	 0.71	 
BMI_bf_126	 2	 8	 117.tif	 1.367534e+03	 24	 999000	 240	 999000	 999	 1.368550e+03	 533.33	 583.33	 44.00	 47	 0.34	 
BMI_bf_126	 2	 8	 106.tif	 1.370534e+03	 12	 999000	 120	 999000	 999	 1.371550e+03	 533.33	 583.33	 29.00	 36	 0.54	 
BMI_bf_126	 2	 8	 127.tif	 1.374534e+03	 11	 8.307418e+02	 110	 5.760884e+02	 98	 1.375550e+03	 550.00	 583.33	 9.00	 57	 0.71	 
BMI_bf_126	 2	 8	 022.tif	 1.377533e+03	 12	 999000	 120	 999000	 999	 1.378550e+03	 550.00	 583.33	 20.00	 22	 0.66	 
BMI_bf_126	 2	 8	 004.tif	 1.379533e+03	 12	 999000	 120	 999000	 999	 1.380550e+03	 550.00	 583.33	 4.00	 4	 0.76	 
BMI_bf_126	 2	 8	 006.tif	 1.382533e+03	 24	 999000	 240	 999000	 999	 1.383550e+03	 550.00	 583.33	 50.00	 6	 0.25	 
BMI_bf_126	 2	 8	 124.tif	 1.386533e+03	 12	 999000	 120	 999000	 999	 1.387550e+03	 550.00	 583.33	 3.00	 54	 0.85	 
BMI_bf_126	 2	 8	 102.tif	 1.389533e+03	 12	 999000	 120	 999000	 999	 1.390550e+03	 550.00	 583.33	 1.00	 32	 0.87	 
BMI_bf_126	 2	 8	 113.tif	 1.391533e+03	 11	 1.006154e+03	 1100	 5.932534e+02	 98	 1.392549e+03	 500.00	 583.33	 16.00	 43	 0.67	 
BMI_bf_126	 2	 8	 115.tif	 1.393533e+03	 12	 999000	 120	 999000	 999	 1.394549e+03	 500.00	 583.33	 24.00	 45	 0.64	 
BMI_bf_126	 2	 8	 020.tif	 1.398533e+03	 12	 999000	 120	 999000	 999	 1.399549e+03	 500.00	 583.33	 12.00	 20	 0.70	 
BMI_bf_126	 2	 8	 101.tif	 1.402533e+03	 12	 999000	 120	 999000	 999	 1.403549e+03	 500.00	 583.33	 18.00	 31	 0.67	 
BMI_bf_126	 2	 8	 010.tif	 1.406533e+03	 12	 999000	 120	 999000	 999	 1.407549e+03	 500.00	 583.33	 13.00	 10	 0.69	 
BMI_bf_126	 2	 8	 130.tif	 1.412533e+03	 24	 999000	 240	 999000	 999	 1.413549e+03	 500.00	 583.33	 31.00	 60	 0.51	 
BMI_bf_126	 2	 8	 012.tif	 1.414533e+03	 24	 999000	 240	 999000	 999	 1.415549e+03	 500.00	 583.33	 59.00	 12	 0.14	 
BMI_bf_126	 2	 8	 002.tif	 1.416533e+03	 12	 999000	 120	 999000	 999	 1.417549e+03	 500.00	 583.33	 15.00	 2	 0.68	 
BMI_bf_126	 2	 8	 023.tif	 1.418533e+03	 24	 999000	 240	 999000	 999	 1.419549e+03	 500.00	 583.33	 60.00	 23	 0.13	 
BMI_bf_126	 2	 8	 118.tif	 1.420533e+03	 24	 999000	 240	 999000	 999	 1.421549e+03	 500.00	 583.33	 39.00	 48	 0.40	 
BMI_bf_126	 2	 8	 109.tif	 1.424532e+03	 11	 7.170252e+02	 110	 5.430553e+02	 98	 1.425549e+03	 516.67	 583.33	 8.00	 39	 0.72	 
BMI_bf_126	 2	 8	 003.tif	 1.426532e+03	 24	 999000	 240	 999000	 999	 1.427549e+03	 516.67	 583.33	 47.00	 3	 0.27	 
BMI_bf_126	 2	 8	 029.tif	 1.430532e+03	 22	 1.012726e+03	 2200	 6.246975e+02	 98	 1.431549e+03	 516.67	 533.33	 49.00	 29	 0.25	 
BMI_bf_126	 2	 8	 026.tif	 1.432532e+03	 24	 999000	 240	 999000	 999	 1.433549e+03	 516.67	 533.33	 56.00	 26	 0.21	 
BMI_bf_126	 2	 8	 008.tif	 1.434532e+03	 22	 8.686544e+02	 220	 5.769840e+02	 98	 1.435549e+03	 516.67	 550.00	 41.00	 8	 0.37	 
BMI_bf_126	 2	 8	 019.tif	 1.436532e+03	 24	 999000	 240	 999000	 999	 1.437549e+03	 516.67	 550.00	 58.00	 19	 0.19	 
BMI_bf_126	 2	 8	 110.tif	 1.441532e+03	 11	 8.123829e+02	 110	 5.674867e+02	 98	 1.442548e+03	 533.33	 550.00	 23.00	 40	 0.65	 
BMI_bf_126	 2	 8	 005.tif	 1.443532e+03	 12	 999000	 120	 999000	 999	 1.444548e+03	 533.33	 550.00	 5.00	 5	 0.72	 
BMI_bf_126	 2	 8	 114.tif	 1.445532e+03	 24	 999000	 240	 999000	 999	 1.446548e+03	 533.33	 550.00	 32.00	 44	 0.50	 
BMI_bf_126	 2	 8	 018.tif	 1.448532e+03	 22	 9.961233e+02	 220	 5.913741e+02	 98	 1.449548e+03	 533.33	 566.67	 40.00	 18	 0.38	 
BMI_bf_126	 2	 8	 111.tif	 1.455532e+03	 11	 6.279377e+02	 110	 5.763658e+02	 98	 1.456548e+03	 550.00	 566.67	 22.00	 41	 0.65	 
BMI_bf_126	 2	 8	 105.tif	 1.459532e+03	 24	 999000	 240	 999000	 999	 1.460548e+03	 550.00	 566.67	 55.00	 35	 0.21	 
BMI_bf_126	 2	 8	 103.tif	 1.466532e+03	 24	 999000	 240	 999000	 999	 1.467548e+03	 550.00	 566.67	 36.00	 33	 0.41	 
BMI_bf_126	 2	 8	 112.tif	 1.468532e+03	 24	 999000	 240	 999000	 999	 1.469548e+03	 550.00	 566.67	 57.00	 42	 0.20	 
BMI_bf_126	 2	 8	 001.tif	 1.472531e+03	 12	 999000	 120	 999000	 999	 1.473548e+03	 550.00	 566.67	 6.00	 1	 0.72	 
BMI_bf_126	 2	 8	 125.tif	 1.476531e+03	 24	 999000	 240	 999000	 999	 1.477548e+03	 550.00	 566.67	 34.00	 55	 0.45	 
BMI_bf_126	 2	 8	 024.tif	 1.478531e+03	 11	 1.035049e+03	 1100	 5.927466e+02	 98	 1.479548e+03	 500.00	 566.67	 11.00	 24	 0.71	 
BMI_bf_126	 2	 8	 107.tif	 1.482531e+03	 24	 999000	 240	 999000	 999	 1.483548e+03	 500.00	 566.67	 52.00	 37	 0.24	 
BMI_bf_126	 2	 8	 030.tif	 1.484531e+03	 11	 7.788487e+02	 110	 5.419695e+02	 98	 1.485548e+03	 516.67	 566.67	 26.00	 30	 0.62	 
BMI_bf_126	 2	 8	 028.tif	 1.486531e+03	 12	 999000	 120	 999000	 999	 1.487547e+03	 516.67	 566.67	 21.00	 28	 0.65	 
BMI_bf_126	 2	 8	 009.tif	 1.492531e+03	 22	 9.145668e+02	 220	 6.098106e+02	 98	 1.493547e+03	 516.67	 583.33	 46.00	 9	 0.32	 
BMI_bf_126	 2	 8	 013.tif	 1.494531e+03	 11	 1.058482e+03	 1100	 5.583869e+02	 98	 1.495547e+03	 466.67	 583.33	 14.00	 13	 0.69	 
BMI_bf_126	 2	 8	 129.tif	 1.497531e+03	 22	 8.743960e+02	 220	 6.247326e+02	 98	 1.498547e+03	 466.67	 600.00	 43.00	 59	 0.34	 
BMI_bf_126	 2	 8	 021.tif	 1.500548e+03	 22	 1.001667e+03	 2200	 6.421352e+02	 98	 1.501564e+03	 466.67	 550.00	 38.00	 21	 0.40	 
BMI_bf_126	 2	 8	 014.tif	 1.502547e+03	 12	 999000	 120	 999000	 999	 1.503564e+03	 466.67	 550.00	 25.00	 14	 0.63	 
BMI_bf_126	 2	 8	 122.tif	 1.504547e+03	 24	 999000	 240	 999000	 999	 1.505564e+03	 466.67	 550.00	 42.00	 52	 0.36	 
BMI_bf_126	 2	 8	 126.tif	 1.506547e+03	 12	 999000	 120	 999000	 999	 1.507564e+03	 466.67	 550.00	 27.00	 56	 0.59	 
BMI_bf_126	 2	 8	 011.tif	 1.512547e+03	 11	 8.731855e+02	 110	 5.094659e+02	 98	 1.513564e+03	 483.33	 550.00	 17.00	 11	 0.67	 
BMI_bf_126	 2	 8	 108.tif	 1.514547e+03	 12	 999000	 120	 999000	 999	 1.515564e+03	 483.33	 550.00	 7.00	 38	 0.72	 
BMI_bf_126	 2	 8	 015.tif	 1.516547e+03	 24	 999000	 240	 999000	 999	 1.517564e+03	 483.33	 550.00	 37.00	 15	 0.40	 
BMI_bf_126	 2	 8	 116.tif	 1.518547e+03	 24	 999000	 240	 999000	 999	 1.519563e+03	 483.33	 550.00	 53.00	 46	 0.23	 
BMI_bf_126	 2	 8	 120.tif	 1.521547e+03	 24	 999000	 240	 999000	 999	 1.522563e+03	 483.33	 550.00	 45.00	 50	 0.34	 
BMI_bf_126	 2	 8	 121.tif	 1.524547e+03	 12	 999000	 120	 999000	 999	 1.525563e+03	 483.33	 550.00	 30.00	 51	 0.53	 
