subjectID	 order	 runNum	 itemName	 onsetTime	 shuff_trialType	 RT	 respInTime	 AudioTime	 response	 fixationTime	 ladder1	 ladder2	 bidIndex	 itemNameIndex	 bidValue	 
BMI_bf_131	 1	 3	 013.tif	 3.872733e+02	 22	 9.160848e+02	 220	 3.254763e+02	 98	 3.882900e+02	 283.33	 300.00	 39.00	 13	 0.35	 
BMI_bf_131	 1	 3	 026.tif	 3.922735e+02	 24	 999000	 240	 999000	 999	 3.932898e+02	 283.33	 300.00	 55.00	 26	 0.22	 
BMI_bf_131	 1	 3	 115.tif	 3.942735e+02	 12	 999000	 120	 999000	 999	 3.952898e+02	 283.33	 300.00	 19.00	 45	 0.66	 
BMI_bf_131	 1	 3	 030.tif	 3.962735e+02	 22	 9.474267e+02	 220	 3.433034e+02	 98	 3.972898e+02	 283.33	 316.67	 36.00	 30	 0.39	 
BMI_bf_131	 1	 3	 121.tif	 4.022733e+02	 12	 999000	 120	 999000	 999	 4.032897e+02	 283.33	 316.67	 6.00	 51	 0.83	 
BMI_bf_131	 1	 3	 017.tif	 4.042731e+02	 22	 9.393185e+02	 220	 3.579275e+02	 98	 4.052896e+02	 283.33	 333.33	 42.00	 17	 0.32	 
BMI_bf_131	 1	 3	 027.tif	 4.072732e+02	 22	 9.869936e+02	 220	 3.745227e+02	 98	 4.082896e+02	 283.33	 350.00	 44.00	 27	 0.30	 
BMI_bf_131	 1	 3	 124.tif	 4.092732e+02	 12	 999000	 120	 999000	 999	 4.102895e+02	 283.33	 350.00	 1.00	 54	 0.98	 
BMI_bf_131	 1	 3	 023.tif	 4.132731e+02	 24	 999000	 240	 999000	 999	 4.142895e+02	 283.33	 350.00	 58.00	 23	 0.17	 
BMI_bf_131	 1	 3	 012.tif	 4.152731e+02	 24	 999000	 240	 999000	 999	 4.162894e+02	 283.33	 350.00	 60.00	 12	 0.07	 
BMI_bf_131	 1	 3	 129.tif	 4.202730e+02	 12	 999000	 120	 999000	 999	 4.212894e+02	 283.33	 350.00	 23.00	 59	 0.60	 
BMI_bf_131	 1	 3	 008.tif	 4.272729e+02	 22	 9.622826e+02	 220	 3.920769e+02	 98	 4.282892e+02	 283.33	 366.67	 47.00	 8	 0.27	 
BMI_bf_131	 1	 3	 014.tif	 4.292728e+02	 11	 9.222150e+02	 110	 3.258283e+02	 98	 4.302893e+02	 300.00	 366.67	 25.00	 14	 0.57	 
BMI_bf_131	 1	 3	 029.tif	 4.322728e+02	 24	 999000	 240	 999000	 999	 4.332891e+02	 300.00	 366.67	 51.00	 29	 0.25	 
BMI_bf_131	 1	 3	 106.tif	 4.352727e+02	 12	 999000	 120	 999000	 999	 4.362891e+02	 300.00	 366.67	 29.00	 36	 0.51	 
BMI_bf_131	 1	 3	 007.tif	 4.392727e+02	 22	 1.065904e+03	 2200	 4.095007e+02	 98	 4.402890e+02	 300.00	 316.67	 52.00	 7	 0.25	 
BMI_bf_131	 1	 3	 123.tif	 4.432726e+02	 12	 999000	 120	 999000	 999	 4.442890e+02	 300.00	 316.67	 2.00	 53	 0.91	 
BMI_bf_131	 1	 3	 010.tif	 4.472726e+02	 24	 999000	 240	 999000	 999	 4.482889e+02	 300.00	 316.67	 33.00	 10	 0.44	 
BMI_bf_131	 1	 3	 102.tif	 4.502725e+02	 12	 999000	 120	 999000	 999	 4.512888e+02	 300.00	 316.67	 8.00	 32	 0.80	 
BMI_bf_131	 1	 3	 005.tif	 4.562723e+02	 24	 999000	 240	 999000	 999	 4.572887e+02	 300.00	 316.67	 54.00	 5	 0.22	 
BMI_bf_131	 1	 3	 020.tif	 4.582723e+02	 24	 999000	 240	 999000	 999	 4.592887e+02	 300.00	 316.67	 59.00	 20	 0.12	 
BMI_bf_131	 1	 3	 116.tif	 4.612723e+02	 11	 9.771035e+02	 110	 3.428014e+02	 98	 4.622887e+02	 316.67	 316.67	 21.00	 46	 0.63	 
BMI_bf_131	 1	 3	 127.tif	 4.632722e+02	 12	 999000	 120	 999000	 999	 4.642886e+02	 316.67	 316.67	 4.00	 57	 0.86	 
BMI_bf_131	 1	 3	 006.tif	 4.652722e+02	 22	 9.449865e+02	 220	 3.594769e+02	 98	 4.662886e+02	 316.67	 333.33	 53.00	 6	 0.22	 
BMI_bf_131	 1	 3	 101.tif	 4.672722e+02	 12	 999000	 120	 999000	 999	 4.682886e+02	 316.67	 333.33	 27.00	 31	 0.55	 
BMI_bf_131	 1	 3	 110.tif	 4.702721e+02	 12	 999000	 120	 999000	 999	 4.712884e+02	 316.67	 333.33	 3.00	 40	 0.87	 
BMI_bf_131	 1	 3	 019.tif	 4.742720e+02	 24	 999000	 240	 999000	 999	 4.752884e+02	 316.67	 333.33	 46.00	 19	 0.29	 
BMI_bf_131	 1	 3	 130.tif	 4.762720e+02	 12	 999000	 120	 999000	 999	 4.772883e+02	 316.67	 333.33	 16.00	 60	 0.68	 
BMI_bf_131	 1	 3	 125.tif	 4.782720e+02	 22	 9.765113e+02	 220	 3.742673e+02	 98	 4.792883e+02	 316.67	 350.00	 50.00	 55	 0.26	 
BMI_bf_131	 1	 3	 112.tif	 4.802719e+02	 12	 999000	 120	 999000	 999	 4.812883e+02	 316.67	 350.00	 22.00	 42	 0.61	 
BMI_bf_131	 1	 3	 028.tif	 4.822719e+02	 22	 1.032295e+03	 2200	 3.912761e+02	 98	 4.832883e+02	 316.67	 300.00	 37.00	 28	 0.39	 
BMI_bf_131	 1	 3	 018.tif	 4.842719e+02	 22	 9.683062e+02	 220	 3.420969e+02	 98	 4.852882e+02	 316.67	 316.67	 45.00	 18	 0.29	 
BMI_bf_131	 1	 3	 011.tif	 4.882718e+02	 24	 999000	 240	 999000	 999	 4.892881e+02	 316.67	 316.67	 41.00	 11	 0.33	 
BMI_bf_131	 1	 3	 016.tif	 4.922717e+02	 24	 999000	 240	 999000	 999	 4.932880e+02	 316.67	 316.67	 57.00	 16	 0.18	 
BMI_bf_131	 1	 3	 021.tif	 4.942717e+02	 24	 999000	 240	 999000	 999	 4.952880e+02	 316.67	 316.67	 35.00	 21	 0.41	 
BMI_bf_131	 1	 3	 117.tif	 4.962716e+02	 12	 999000	 120	 999000	 999	 4.972880e+02	 316.67	 316.67	 28.00	 47	 0.54	 
BMI_bf_131	 1	 3	 128.tif	 4.982716e+02	 11	 9.197980e+02	 110	 3.588780e+02	 98	 4.992880e+02	 333.33	 316.67	 18.00	 58	 0.66	 
BMI_bf_131	 1	 3	 004.tif	 5.002716e+02	 24	 999000	 240	 999000	 999	 5.012879e+02	 333.33	 316.67	 32.00	 4	 0.44	 
BMI_bf_131	 1	 3	 104.tif	 5.062715e+02	 12	 999000	 120	 999000	 999	 5.072878e+02	 333.33	 316.67	 17.00	 34	 0.67	 
BMI_bf_131	 1	 3	 001.tif	 5.082714e+02	 24	 999000	 240	 999000	 999	 5.092878e+02	 333.33	 316.67	 38.00	 1	 0.37	 
BMI_bf_131	 1	 3	 122.tif	 5.102714e+02	 11	 9.913654e+02	 110	 3.753489e+02	 98	 5.112878e+02	 350.00	 316.67	 20.00	 52	 0.63	 
BMI_bf_131	 1	 3	 003.tif	 5.122714e+02	 12	 999000	 120	 999000	 999	 5.132877e+02	 350.00	 316.67	 30.00	 3	 0.50	 
BMI_bf_131	 1	 3	 002.tif	 5.152713e+02	 24	 999000	 240	 999000	 999	 5.162877e+02	 350.00	 316.67	 49.00	 2	 0.27	 
BMI_bf_131	 1	 3	 120.tif	 5.172713e+02	 11	 1.047078e+03	 1100	 3.923389e+02	 98	 5.182876e+02	 300.00	 316.67	 13.00	 50	 0.74	 
BMI_bf_131	 1	 3	 025.tif	 5.242711e+02	 24	 999000	 240	 999000	 999	 5.252875e+02	 300.00	 316.67	 43.00	 25	 0.31	 
BMI_bf_131	 1	 3	 015.tif	 5.262711e+02	 24	 999000	 240	 999000	 999	 5.272874e+02	 300.00	 316.67	 40.00	 15	 0.34	 
BMI_bf_131	 1	 3	 118.tif	 5.302710e+02	 11	 9.586664e+02	 110	 3.427157e+02	 98	 5.312874e+02	 316.67	 316.67	 15.00	 48	 0.72	 
BMI_bf_131	 1	 3	 009.tif	 5.342710e+02	 24	 999000	 240	 999000	 999	 5.352873e+02	 316.67	 316.67	 34.00	 9	 0.41	 
BMI_bf_131	 1	 3	 119.tif	 5.372709e+02	 12	 999000	 120	 999000	 999	 5.382873e+02	 316.67	 316.67	 14.00	 49	 0.73	 
BMI_bf_131	 1	 3	 024.tif	 5.392709e+02	 12	 999000	 120	 999000	 999	 5.402872e+02	 316.67	 316.67	 26.00	 24	 0.56	 
BMI_bf_131	 1	 3	 105.tif	 5.432708e+02	 24	 999000	 240	 999000	 999	 5.442872e+02	 316.67	 316.67	 48.00	 35	 0.27	 
BMI_bf_131	 1	 3	 113.tif	 5.452708e+02	 12	 999000	 120	 999000	 999	 5.462871e+02	 316.67	 316.67	 11.00	 43	 0.76	 
BMI_bf_131	 1	 3	 126.tif	 5.482707e+02	 11	 9.819682e+02	 110	 3.596532e+02	 98	 5.492871e+02	 333.33	 316.67	 10.00	 56	 0.77	 
BMI_bf_131	 1	 3	 114.tif	 5.522706e+02	 12	 999000	 120	 999000	 999	 5.532870e+02	 333.33	 316.67	 9.00	 44	 0.78	 
BMI_bf_131	 1	 3	 022.tif	 5.542706e+02	 24	 999000	 240	 999000	 999	 5.552870e+02	 333.33	 316.67	 56.00	 22	 0.18	 
BMI_bf_131	 1	 3	 109.tif	 5.592705e+02	 12	 999000	 120	 999000	 999	 5.602869e+02	 333.33	 316.67	 5.00	 39	 0.85	 
BMI_bf_131	 1	 3	 107.tif	 5.612705e+02	 11	 1.021553e+03	 1100	 3.776210e+02	 98	 5.622868e+02	 283.33	 316.67	 24.00	 37	 0.60	 
BMI_bf_131	 1	 3	 111.tif	 5.652704e+02	 24	 999000	 240	 999000	 999	 5.662867e+02	 283.33	 316.67	 31.00	 41	 0.48	 
BMI_bf_131	 1	 3	 103.tif	 5.682704e+02	 11	 9.253090e+02	 110	 3.253845e+02	 98	 5.692868e+02	 300.00	 316.67	 7.00	 33	 0.82	 
BMI_bf_131	 1	 3	 108.tif	 5.712703e+02	 11	 9.251973e+02	 110	 3.438670e+02	 98	 5.722866e+02	 316.67	 316.67	 12.00	 38	 0.74	 
