subjectID	 order	 runNum	 itemName	 onsetTime	 shuff_trialType	 RT	 respInTime	 AudioTime	 response	 fixationTime	 ladder1	 ladder2	 bidIndex	 itemNameIndex	 bidValue	 
BMI_bf_112	 2	 4	 018.tif	 5.839930e+02	 12	 999000	 120	 999000	 999	 5.850096e+02	 383.33	 383.33	 30.00	 18	 0.51	 
BMI_bf_112	 2	 4	 130.tif	 5.869932e+02	 12	 999000	 120	 999000	 999	 5.880095e+02	 383.33	 383.33	 15.00	 60	 0.72	 
BMI_bf_112	 2	 4	 123.tif	 5.909931e+02	 11	 9.322958e+02	 110	 4.253023e+02	 98	 5.920094e+02	 400.00	 383.33	 8.00	 53	 0.79	 
BMI_bf_112	 2	 4	 028.tif	 5.929929e+02	 12	 999000	 120	 999000	 999	 5.940093e+02	 400.00	 383.33	 13.00	 28	 0.75	 
BMI_bf_112	 2	 4	 111.tif	 5.949930e+02	 24	 999000	 240	 999000	 999	 5.960093e+02	 400.00	 383.33	 31.00	 41	 0.49	 
BMI_bf_112	 2	 4	 029.tif	 5.989928e+02	 12	 999000	 120	 999000	 999	 6.000091e+02	 400.00	 383.33	 29.00	 29	 0.51	 
BMI_bf_112	 2	 4	 009.tif	 6.009928e+02	 22	 9.559567e+02	 220	 4.251441e+02	 98	 6.020091e+02	 400.00	 400.00	 38.00	 9	 0.40	 
BMI_bf_112	 2	 4	 121.tif	 6.059926e+02	 12	 999000	 120	 999000	 999	 6.070089e+02	 400.00	 400.00	 5.00	 51	 0.83	 
BMI_bf_112	 2	 4	 002.tif	 6.079925e+02	 22	 9.717413e+02	 220	 4.412465e+02	 98	 6.090089e+02	 400.00	 416.67	 49.00	 2	 0.26	 
BMI_bf_112	 2	 4	 114.tif	 6.109924e+02	 12	 999000	 120	 999000	 999	 6.120088e+02	 400.00	 416.67	 21.00	 44	 0.63	 
BMI_bf_112	 2	 4	 019.tif	 6.139923e+02	 24	 999000	 240	 999000	 999	 6.150088e+02	 400.00	 416.67	 50.00	 19	 0.25	 
BMI_bf_112	 2	 4	 024.tif	 6.179923e+02	 24	 999000	 240	 999000	 999	 6.190087e+02	 400.00	 416.67	 58.00	 24	 0.17	 
BMI_bf_112	 2	 4	 007.tif	 6.209922e+02	 24	 999000	 240	 999000	 999	 6.220086e+02	 400.00	 416.67	 52.00	 7	 0.21	 
BMI_bf_112	 2	 4	 001.tif	 6.229922e+02	 24	 999000	 240	 999000	 999	 6.240085e+02	 400.00	 416.67	 32.00	 1	 0.47	 
BMI_bf_112	 2	 4	 010.tif	 6.259919e+02	 22	 9.872518e+02	 220	 4.596014e+02	 98	 6.270085e+02	 400.00	 433.33	 46.00	 10	 0.28	 
BMI_bf_112	 2	 4	 016.tif	 6.299920e+02	 22	 9.949014e+02	 220	 4.767335e+02	 98	 6.310083e+02	 400.00	 450.00	 40.00	 16	 0.36	 
BMI_bf_112	 2	 4	 115.tif	 6.329919e+02	 12	 999000	 120	 999000	 999	 6.340083e+02	 400.00	 450.00	 6.00	 45	 0.82	 
BMI_bf_112	 2	 4	 101.tif	 6.349918e+02	 24	 999000	 240	 999000	 999	 6.360082e+02	 400.00	 450.00	 44.00	 31	 0.32	 
BMI_bf_112	 2	 4	 107.tif	 6.369918e+02	 24	 999000	 240	 999000	 999	 6.380082e+02	 400.00	 450.00	 59.00	 37	 0.11	 
BMI_bf_112	 2	 4	 113.tif	 6.419917e+02	 12	 999000	 120	 999000	 999	 6.430080e+02	 400.00	 450.00	 3.00	 43	 0.84	 
BMI_bf_112	 2	 4	 005.tif	 6.459916e+02	 24	 999000	 240	 999000	 999	 6.470079e+02	 400.00	 450.00	 57.00	 5	 0.19	 
BMI_bf_112	 2	 4	 108.tif	 6.499915e+02	 12	 999000	 120	 999000	 999	 6.510078e+02	 400.00	 450.00	 20.00	 38	 0.66	 
BMI_bf_112	 2	 4	 017.tif	 6.559913e+02	 12	 999000	 120	 999000	 999	 6.570076e+02	 400.00	 450.00	 25.00	 17	 0.59	 
BMI_bf_112	 2	 4	 020.tif	 6.579912e+02	 22	 1.025968e+03	 2200	 4.907392e+02	 98	 6.590076e+02	 400.00	 400.00	 51.00	 20	 0.22	 
BMI_bf_112	 2	 4	 124.tif	 6.599912e+02	 24	 999000	 240	 999000	 999	 6.610075e+02	 400.00	 400.00	 45.00	 54	 0.32	 
BMI_bf_112	 2	 4	 027.tif	 6.619910e+02	 12	 999000	 120	 999000	 999	 6.630075e+02	 400.00	 400.00	 24.00	 27	 0.59	 
BMI_bf_112	 2	 4	 117.tif	 6.639911e+02	 24	 999000	 240	 999000	 999	 6.650075e+02	 400.00	 400.00	 56.00	 47	 0.19	 
BMI_bf_112	 2	 4	 015.tif	 6.679910e+02	 12	 999000	 120	 999000	 999	 6.690073e+02	 400.00	 400.00	 18.00	 15	 0.67	 
BMI_bf_112	 2	 4	 128.tif	 6.699909e+02	 11	 9.294922e+02	 110	 4.415870e+02	 98	 6.710073e+02	 416.67	 400.00	 26.00	 58	 0.57	 
BMI_bf_112	 2	 4	 118.tif	 6.739908e+02	 12	 999000	 120	 999000	 999	 6.750071e+02	 416.67	 400.00	 10.00	 48	 0.77	 
BMI_bf_112	 2	 4	 105.tif	 6.759907e+02	 22	 1.049283e+03	 2200	 4.430715e+02	 98	 6.770071e+02	 416.67	 350.00	 43.00	 35	 0.34	 
BMI_bf_112	 2	 4	 102.tif	 6.779905e+02	 12	 999000	 120	 999000	 999	 6.790070e+02	 416.67	 350.00	 1.00	 32	 0.91	 
BMI_bf_112	 2	 4	 004.tif	 6.799907e+02	 11	 9.611093e+02	 110	 4.588522e+02	 98	 6.810070e+02	 433.33	 350.00	 11.00	 4	 0.76	 
BMI_bf_112	 2	 4	 129.tif	 6.849905e+02	 12	 999000	 120	 999000	 999	 6.860068e+02	 433.33	 350.00	 28.00	 59	 0.52	 
BMI_bf_112	 2	 4	 006.tif	 6.869905e+02	 22	 9.449145e+02	 220	 3.927297e+02	 98	 6.880068e+02	 433.33	 366.67	 54.00	 6	 0.20	 
BMI_bf_112	 2	 4	 003.tif	 6.889904e+02	 24	 999000	 240	 999000	 999	 6.900067e+02	 433.33	 366.67	 53.00	 3	 0.21	 
BMI_bf_112	 2	 4	 126.tif	 6.919903e+02	 11	 1.016698e+03	 1100	 4.754542e+02	 98	 6.930067e+02	 383.33	 366.67	 14.00	 56	 0.73	 
BMI_bf_112	 2	 4	 112.tif	 6.989901e+02	 24	 999000	 240	 999000	 999	 7.000065e+02	 383.33	 366.67	 34.00	 42	 0.45	 
BMI_bf_112	 2	 4	 022.tif	 7.029900e+02	 11	 9.443543e+02	 110	 4.254209e+02	 98	 7.040064e+02	 400.00	 366.67	 17.00	 22	 0.67	 
BMI_bf_112	 2	 4	 025.tif	 7.099898e+02	 24	 999000	 240	 999000	 999	 7.110062e+02	 400.00	 366.67	 42.00	 25	 0.34	 
BMI_bf_112	 2	 4	 021.tif	 7.119898e+02	 22	 9.279956e+02	 220	 4.086836e+02	 98	 7.130061e+02	 400.00	 383.33	 41.00	 21	 0.35	 
BMI_bf_112	 2	 4	 109.tif	 7.159897e+02	 24	 999000	 240	 999000	 999	 7.170060e+02	 400.00	 383.33	 55.00	 39	 0.20	 
BMI_bf_112	 2	 4	 030.tif	 7.199896e+02	 24	 999000	 240	 999000	 999	 7.210059e+02	 400.00	 383.33	 39.00	 30	 0.38	 
BMI_bf_112	 2	 4	 104.tif	 7.219895e+02	 11	 9.756322e+02	 110	 4.432370e+02	 98	 7.230058e+02	 416.67	 383.33	 16.00	 34	 0.70	 
BMI_bf_112	 2	 4	 116.tif	 7.259894e+02	 11	 1.007485e+03	 1100	 4.585875e+02	 98	 7.270058e+02	 366.67	 383.33	 9.00	 46	 0.78	 
BMI_bf_112	 2	 4	 120.tif	 7.279891e+02	 24	 999000	 240	 999000	 999	 7.290057e+02	 366.67	 383.33	 36.00	 50	 0.42	 
BMI_bf_112	 2	 4	 119.tif	 7.299893e+02	 22	 9.273562e+02	 220	 4.268641e+02	 98	 7.310057e+02	 366.67	 400.00	 35.00	 49	 0.45	 
BMI_bf_112	 2	 4	 011.tif	 7.359892e+02	 12	 999000	 120	 999000	 999	 7.370054e+02	 366.67	 400.00	 2.00	 11	 0.85	 
BMI_bf_112	 2	 4	 023.tif	 7.379891e+02	 11	 9.351414e+02	 110	 4.086248e+02	 98	 7.390054e+02	 383.33	 400.00	 23.00	 23	 0.59	 
BMI_bf_112	 2	 4	 008.tif	 7.409890e+02	 24	 999000	 240	 999000	 999	 7.420053e+02	 383.33	 400.00	 60.00	 8	 0.10	 
BMI_bf_112	 2	 4	 106.tif	 7.439889e+02	 11	 9.988705e+02	 110	 4.251411e+02	 98	 7.450053e+02	 400.00	 400.00	 22.00	 36	 0.61	 
BMI_bf_112	 2	 4	 014.tif	 7.459889e+02	 24	 999000	 240	 999000	 999	 7.470052e+02	 400.00	 400.00	 47.00	 14	 0.27	 
BMI_bf_112	 2	 4	 103.tif	 7.479888e+02	 11	 9.587111e+02	 110	 4.418258e+02	 98	 7.490052e+02	 416.67	 400.00	 19.00	 33	 0.66	 
BMI_bf_112	 2	 4	 122.tif	 7.499886e+02	 12	 999000	 120	 999000	 999	 7.510051e+02	 416.67	 400.00	 7.00	 52	 0.80	 
BMI_bf_112	 2	 4	 012.tif	 7.559886e+02	 12	 3.185000e+02	 12	 999000	 98	 7.570050e+02	 416.67	 400.00	 27.00	 12	 0.52	 
BMI_bf_112	 2	 4	 026.tif	 7.579885e+02	 12	 999000	 120	 999000	 999	 7.590049e+02	 416.67	 400.00	 12.00	 26	 0.75	 
BMI_bf_112	 2	 4	 110.tif	 7.599885e+02	 12	 999000	 120	 999000	 999	 7.610049e+02	 416.67	 400.00	 4.00	 40	 0.83	 
BMI_bf_112	 2	 4	 013.tif	 7.619884e+02	 22	 1.110264e+03	 2200	 4.417289e+02	 98	 7.630048e+02	 416.67	 350.00	 48.00	 13	 0.26	 
BMI_bf_112	 2	 4	 127.tif	 7.649884e+02	 24	 999000	 240	 999000	 999	 7.660047e+02	 416.67	 350.00	 33.00	 57	 0.46	 
BMI_bf_112	 2	 4	 125.tif	 7.679883e+02	 24	 999000	 240	 999000	 999	 7.690046e+02	 416.67	 350.00	 37.00	 55	 0.40	 
