subjectID	 order	 runNum	 itemName	 onsetTime	 shuff_trialType	 RT	 respInTime	 AudioTime	 response	 fixationTime	 ladder1	 ladder2	 bidIndex	 itemNameIndex	 bidValue	 
BMI_bf_130	 2	 2	 016.tif	 1.887102e+02	 11	 9.291605e+02	 110	 4.256652e+02	 98	 1.897269e+02	 400.00	 383.33	 17.00	 16	 0.64	 
BMI_bf_130	 2	 2	 107.tif	 1.937104e+02	 22	 1.000702e+03	 2200	 4.266003e+02	 98	 1.947268e+02	 400.00	 333.33	 51.00	 37	 0.26	 
BMI_bf_130	 2	 2	 023.tif	 1.957102e+02	 24	 999000	 240	 999000	 999	 1.967267e+02	 400.00	 333.33	 56.00	 23	 0.18	 
BMI_bf_130	 2	 2	 007.tif	 1.977103e+02	 22	 8.885500e+02	 220	 3.756972e+02	 98	 1.987267e+02	 400.00	 350.00	 46.00	 7	 0.29	 
BMI_bf_130	 2	 2	 005.tif	 2.037102e+02	 24	 999000	 240	 999000	 999	 2.047265e+02	 400.00	 350.00	 37.00	 5	 0.44	 
BMI_bf_130	 2	 2	 025.tif	 2.057102e+02	 22	 9.202355e+02	 220	 3.920846e+02	 98	 2.067265e+02	 400.00	 366.67	 35.00	 25	 0.45	 
BMI_bf_130	 2	 2	 009.tif	 2.087100e+02	 12	 999000	 120	 999000	 999	 2.097264e+02	 400.00	 366.67	 27.00	 9	 0.54	 
BMI_bf_130	 2	 2	 029.tif	 2.107100e+02	 12	 999000	 120	 999000	 999	 2.117263e+02	 400.00	 366.67	 12.00	 29	 0.70	 
BMI_bf_130	 2	 2	 112.tif	 2.147098e+02	 22	 8.959995e+02	 220	 4.089022e+02	 98	 2.157263e+02	 400.00	 383.33	 38.00	 42	 0.42	 
BMI_bf_130	 2	 2	 126.tif	 2.167099e+02	 12	 999000	 120	 999000	 999	 2.177262e+02	 400.00	 383.33	 1.00	 56	 0.91	 
BMI_bf_130	 2	 2	 012.tif	 2.217097e+02	 24	 999000	 240	 999000	 999	 2.227261e+02	 400.00	 383.33	 60.00	 12	 0.05	 
BMI_bf_130	 2	 2	 004.tif	 2.287096e+02	 22	 9.434153e+02	 220	 4.247892e+02	 98	 2.297259e+02	 400.00	 400.00	 54.00	 4	 0.23	 
BMI_bf_130	 2	 2	 003.tif	 2.307095e+02	 24	 999000	 240	 999000	 999	 2.317259e+02	 400.00	 400.00	 52.00	 3	 0.25	 
BMI_bf_130	 2	 2	 104.tif	 2.337095e+02	 12	 999000	 120	 999000	 999	 2.347258e+02	 400.00	 400.00	 21.00	 34	 0.62	 
BMI_bf_130	 2	 2	 006.tif	 2.367094e+02	 24	 999000	 240	 999000	 999	 2.377257e+02	 400.00	 400.00	 58.00	 6	 0.14	 
BMI_bf_130	 2	 2	 127.tif	 2.407093e+02	 11	 9.430190e+02	 110	 4.418410e+02	 98	 2.417257e+02	 416.67	 400.00	 8.00	 57	 0.77	 
BMI_bf_130	 2	 2	 010.tif	 2.447092e+02	 12	 999000	 120	 999000	 999	 2.457256e+02	 416.67	 400.00	 28.00	 10	 0.54	 
BMI_bf_130	 2	 2	 120.tif	 2.487091e+02	 22	 9.587544e+02	 220	 4.420423e+02	 98	 2.497255e+02	 416.67	 416.67	 41.00	 50	 0.40	 
BMI_bf_130	 2	 2	 114.tif	 2.517090e+02	 11	 1.006602e+03	 1100	 4.594123e+02	 98	 2.527254e+02	 366.67	 416.67	 11.00	 44	 0.72	 
BMI_bf_130	 2	 2	 111.tif	 2.577089e+02	 12	 999000	 120	 999000	 999	 2.587252e+02	 366.67	 416.67	 2.00	 41	 0.87	 
BMI_bf_130	 2	 2	 124.tif	 2.597088e+02	 11	 8.943375e+02	 110	 4.094679e+02	 98	 2.607252e+02	 383.33	 416.67	 23.00	 54	 0.57	 
BMI_bf_130	 2	 2	 002.tif	 2.627088e+02	 24	 999000	 240	 999000	 999	 2.637251e+02	 383.33	 416.67	 55.00	 2	 0.19	 
BMI_bf_130	 2	 2	 118.tif	 2.647087e+02	 24	 999000	 240	 999000	 999	 2.657251e+02	 383.33	 416.67	 42.00	 48	 0.38	 
BMI_bf_130	 2	 2	 021.tif	 2.667087e+02	 11	 9.180776e+02	 110	 4.249597e+02	 98	 2.677250e+02	 400.00	 416.67	 26.00	 21	 0.55	 
BMI_bf_130	 2	 2	 011.tif	 2.687086e+02	 12	 999000	 120	 999000	 999	 2.697250e+02	 400.00	 416.67	 25.00	 11	 0.56	 
BMI_bf_130	 2	 2	 027.tif	 2.717086e+02	 24	 9.019736e+02	 24	 999000	 98	 2.727249e+02	 400.00	 416.67	 57.00	 27	 0.17	 
BMI_bf_130	 2	 2	 008.tif	 2.757085e+02	 24	 999000	 240	 999000	 999	 2.767248e+02	 400.00	 416.67	 45.00	 8	 0.30	 
BMI_bf_130	 2	 2	 017.tif	 2.777084e+02	 24	 999000	 240	 999000	 999	 2.787247e+02	 400.00	 416.67	 47.00	 17	 0.29	 
BMI_bf_130	 2	 2	 020.tif	 2.797084e+02	 22	 9.336243e+02	 220	 4.586079e+02	 98	 2.807248e+02	 400.00	 433.33	 43.00	 20	 0.36	 
BMI_bf_130	 2	 2	 128.tif	 2.817082e+02	 24	 999000	 240	 999000	 999	 2.827247e+02	 400.00	 433.33	 33.00	 58	 0.49	 
BMI_bf_130	 2	 2	 115.tif	 2.837083e+02	 11	 9.655072e+02	 110	 4.416988e+02	 98	 2.847246e+02	 416.67	 433.33	 16.00	 45	 0.67	 
BMI_bf_130	 2	 2	 102.tif	 2.857081e+02	 12	 999000	 120	 999000	 999	 2.867245e+02	 416.67	 433.33	 10.00	 32	 0.74	 
BMI_bf_130	 2	 2	 014.tif	 2.897081e+02	 22	 1.069343e+03	 2200	 4.746431e+02	 98	 2.907245e+02	 416.67	 383.33	 48.00	 14	 0.29	 
BMI_bf_130	 2	 2	 015.tif	 2.937080e+02	 11	 1.053155e+03	 1100	 4.595790e+02	 98	 2.947244e+02	 366.67	 383.33	 9.00	 15	 0.75	 
BMI_bf_130	 2	 2	 117.tif	 2.957079e+02	 24	 999000	 240	 999000	 999	 2.967244e+02	 366.67	 383.33	 59.00	 47	 0.12	 
BMI_bf_130	 2	 2	 121.tif	 2.977079e+02	 12	 999000	 120	 999000	 999	 2.987243e+02	 366.67	 383.33	 7.00	 51	 0.82	 
BMI_bf_130	 2	 2	 001.tif	 2.997079e+02	 24	 999000	 240	 999000	 999	 3.007242e+02	 366.67	 383.33	 44.00	 1	 0.34	 
BMI_bf_130	 2	 2	 123.tif	 3.017078e+02	 12	 999000	 120	 999000	 999	 3.027242e+02	 366.67	 383.33	 5.00	 53	 0.83	 
BMI_bf_130	 2	 2	 106.tif	 3.077077e+02	 12	 999000	 120	 999000	 999	 3.087241e+02	 366.67	 383.33	 13.00	 36	 0.68	 
BMI_bf_130	 2	 2	 108.tif	 3.097077e+02	 12	 999000	 120	 999000	 999	 3.107240e+02	 366.67	 383.33	 29.00	 38	 0.50	 
BMI_bf_130	 2	 2	 030.tif	 3.117076e+02	 12	 999000	 120	 999000	 999	 3.127240e+02	 366.67	 383.33	 6.00	 30	 0.83	 
BMI_bf_130	 2	 2	 125.tif	 3.137076e+02	 11	 9.724077e+02	 110	 4.084618e+02	 98	 3.147239e+02	 383.33	 383.33	 22.00	 55	 0.60	 
BMI_bf_130	 2	 2	 109.tif	 3.167075e+02	 12	 999000	 120	 999000	 999	 3.177238e+02	 383.33	 383.33	 4.00	 39	 0.84	 
BMI_bf_130	 2	 2	 028.tif	 3.187074e+02	 24	 999000	 240	 999000	 999	 3.197238e+02	 383.33	 383.33	 53.00	 28	 0.23	 
BMI_bf_130	 2	 2	 024.tif	 3.257073e+02	 11	 9.080194e+02	 110	 4.236756e+02	 98	 3.267237e+02	 400.00	 383.33	 19.00	 24	 0.63	 
BMI_bf_130	 2	 2	 130.tif	 3.277070e+02	 12	 999000	 120	 999000	 999	 3.287235e+02	 400.00	 383.33	 20.00	 60	 0.62	 
BMI_bf_130	 2	 2	 119.tif	 3.317071e+02	 11	 9.877474e+02	 110	 4.426968e+02	 98	 3.327235e+02	 416.67	 383.33	 14.00	 49	 0.67	 
BMI_bf_130	 2	 2	 026.tif	 3.357070e+02	 24	 999000	 240	 999000	 999	 3.367234e+02	 416.67	 383.33	 50.00	 26	 0.26	 
BMI_bf_130	 2	 2	 018.tif	 3.387070e+02	 22	 9.155444e+02	 220	 4.253189e+02	 98	 3.397234e+02	 416.67	 400.00	 49.00	 18	 0.28	 
BMI_bf_130	 2	 2	 122.tif	 3.407069e+02	 24	 999000	 240	 999000	 999	 3.417232e+02	 416.67	 400.00	 39.00	 52	 0.41	 
BMI_bf_130	 2	 2	 129.tif	 3.447068e+02	 24	 999000	 240	 999000	 999	 3.457232e+02	 416.67	 400.00	 36.00	 59	 0.45	 
BMI_bf_130	 2	 2	 105.tif	 3.467068e+02	 22	 9.632566e+02	 220	 4.413526e+02	 98	 3.477231e+02	 416.67	 416.67	 40.00	 35	 0.40	 
BMI_bf_130	 2	 2	 113.tif	 3.497067e+02	 12	 999000	 120	 999000	 999	 3.507230e+02	 416.67	 416.67	 18.00	 43	 0.64	 
BMI_bf_130	 2	 2	 019.tif	 3.537066e+02	 24	 999000	 240	 999000	 999	 3.547229e+02	 416.67	 416.67	 34.00	 19	 0.49	 
BMI_bf_130	 2	 2	 101.tif	 3.557066e+02	 12	 999000	 120	 999000	 999	 3.567229e+02	 416.67	 416.67	 3.00	 31	 0.87	 
BMI_bf_130	 2	 2	 110.tif	 3.607064e+02	 12	 999000	 120	 999000	 999	 3.617228e+02	 416.67	 416.67	 24.00	 40	 0.57	 
BMI_bf_130	 2	 2	 013.tif	 3.627064e+02	 24	 999000	 240	 999000	 999	 3.637227e+02	 416.67	 416.67	 32.00	 13	 0.50	 
BMI_bf_130	 2	 2	 103.tif	 3.667063e+02	 12	 999000	 120	 999000	 999	 3.677226e+02	 416.67	 416.67	 15.00	 33	 0.67	 
BMI_bf_130	 2	 2	 022.tif	 3.697062e+02	 24	 999000	 240	 999000	 999	 3.707226e+02	 416.67	 416.67	 31.00	 22	 0.50	 
BMI_bf_130	 2	 2	 116.tif	 3.727062e+02	 12	 999000	 120	 999000	 999	 3.737225e+02	 416.67	 416.67	 30.00	 46	 0.50	 
