subjectID	 order	 runNum	 itemName	 onsetTime	 shuff_trialType	 RT	 respInTime	 AudioTime	 response	 fixationTime	 ladder1	 ladder2	 bidIndex	 itemNameIndex	 bidValue	 
BMI_bf_102	 2	 4	 102.tif	 5.759512e+02	 11	 9.493290e+02	 110	 3.622606e+02	 98	 5.769679e+02	 333.33	 316.67	 16.00	 32	 0.65	 
BMI_bf_102	 2	 4	 110.tif	 5.779515e+02	 11	 9.089687e+02	 110	 3.761703e+02	 98	 5.789678e+02	 350.00	 316.67	 22.00	 40	 0.61	 
BMI_bf_102	 2	 4	 027.tif	 5.819514e+02	 11	 9.168133e+02	 110	 3.939380e+02	 98	 5.829677e+02	 366.67	 316.67	 17.00	 27	 0.64	 
BMI_bf_102	 2	 4	 103.tif	 5.849513e+02	 24	 999000	 240	 999000	 999	 5.859676e+02	 366.67	 316.67	 39.00	 33	 0.42	 
BMI_bf_102	 2	 4	 128.tif	 5.869512e+02	 12	 999000	 120	 999000	 999	 5.879676e+02	 366.67	 316.67	 27.00	 58	 0.59	 
BMI_bf_102	 2	 4	 112.tif	 5.899511e+02	 22	 9.565548e+02	 220	 3.603423e+02	 98	 5.909675e+02	 366.67	 333.33	 35.00	 42	 0.46	 
BMI_bf_102	 2	 4	 001.tif	 5.939510e+02	 24	 999000	 240	 999000	 999	 5.949673e+02	 366.67	 333.33	 44.00	 1	 0.36	 
BMI_bf_102	 2	 4	 108.tif	 5.979509e+02	 22	 9.722207e+02	 220	 3.760553e+02	 98	 5.989672e+02	 366.67	 350.00	 43.00	 38	 0.37	 
BMI_bf_102	 2	 4	 129.tif	 5.999509e+02	 22	 9.881833e+02	 220	 3.931879e+02	 98	 6.009672e+02	 366.67	 366.67	 49.00	 59	 0.30	 
BMI_bf_102	 2	 4	 126.tif	 6.049507e+02	 24	 999000	 240	 999000	 999	 6.059670e+02	 366.67	 366.67	 32.00	 56	 0.50	 
BMI_bf_102	 2	 4	 122.tif	 6.069506e+02	 12	 999000	 120	 999000	 999	 6.079670e+02	 366.67	 366.67	 24.00	 52	 0.60	 
BMI_bf_102	 2	 4	 113.tif	 6.089506e+02	 22	 9.878797e+02	 220	 4.084439e+02	 98	 6.099669e+02	 366.67	 383.33	 48.00	 43	 0.30	 
BMI_bf_102	 2	 4	 004.tif	 6.149504e+02	 24	 999000	 240	 999000	 999	 6.159668e+02	 366.67	 383.33	 33.00	 4	 0.49	 
BMI_bf_102	 2	 4	 117.tif	 6.169504e+02	 24	 999000	 240	 999000	 999	 6.179667e+02	 366.67	 383.33	 31.00	 47	 0.52	 
BMI_bf_102	 2	 4	 105.tif	 6.189503e+02	 24	 999000	 240	 999000	 999	 6.199666e+02	 366.67	 383.33	 55.00	 35	 0.17	 
BMI_bf_102	 2	 4	 115.tif	 6.209502e+02	 24	 999000	 240	 999000	 999	 6.219665e+02	 366.67	 383.33	 37.00	 45	 0.44	 
BMI_bf_102	 2	 4	 114.tif	 6.249501e+02	 22	 1.043312e+03	 2200	 4.267719e+02	 98	 6.259665e+02	 366.67	 333.33	 40.00	 44	 0.40	 
BMI_bf_102	 2	 4	 028.tif	 6.289500e+02	 12	 999000	 120	 999000	 999	 6.299663e+02	 366.67	 333.33	 10.00	 28	 0.72	 
BMI_bf_102	 2	 4	 111.tif	 6.319499e+02	 12	 999000	 120	 999000	 999	 6.329662e+02	 366.67	 333.33	 13.00	 41	 0.68	 
BMI_bf_102	 2	 4	 024.tif	 6.359498e+02	 12	 999000	 120	 999000	 999	 6.369661e+02	 366.67	 333.33	 7.00	 24	 0.78	 
BMI_bf_102	 2	 4	 009.tif	 6.389497e+02	 11	 9.948289e+02	 110	 4.091844e+02	 98	 6.399660e+02	 383.33	 333.33	 9.00	 9	 0.73	 
BMI_bf_102	 2	 4	 127.tif	 6.409496e+02	 11	 9.707159e+02	 110	 4.259895e+02	 98	 6.419659e+02	 400.00	 333.33	 8.00	 57	 0.75	 
BMI_bf_102	 2	 4	 013.tif	 6.449659e+02	 12	 999000	 120	 999000	 999	 6.459825e+02	 400.00	 333.33	 5.00	 13	 0.83	 
BMI_bf_102	 2	 4	 020.tif	 6.469661e+02	 12	 999000	 120	 999000	 999	 6.479824e+02	 400.00	 333.33	 2.00	 20	 0.91	 
BMI_bf_102	 2	 4	 012.tif	 6.489659e+02	 24	 999000	 240	 999000	 999	 6.499824e+02	 400.00	 333.33	 59.00	 12	 0.11	 
BMI_bf_102	 2	 4	 019.tif	 6.529659e+02	 11	 1.009585e+03	 1100	 4.428936e+02	 98	 6.539823e+02	 350.00	 333.33	 11.00	 19	 0.70	 
BMI_bf_102	 2	 4	 007.tif	 6.549490e+02	 12	 999000	 120	 999000	 999	 6.559655e+02	 350.00	 333.33	 1.00	 7	 0.93	 
BMI_bf_102	 2	 4	 011.tif	 6.589657e+02	 12	 999000	 120	 999000	 999	 6.599821e+02	 350.00	 333.33	 4.00	 11	 0.85	 
BMI_bf_102	 2	 4	 021.tif	 6.629655e+02	 22	 1.001407e+03	 2200	 3.759171e+02	 98	 6.639820e+02	 350.00	 283.33	 38.00	 21	 0.44	 
BMI_bf_102	 2	 4	 025.tif	 6.659655e+02	 24	 999000	 240	 999000	 999	 6.669819e+02	 350.00	 283.33	 53.00	 25	 0.22	 
BMI_bf_102	 2	 4	 014.tif	 6.719654e+02	 24	 999000	 240	 999000	 999	 6.729817e+02	 350.00	 283.33	 42.00	 14	 0.38	 
BMI_bf_102	 2	 4	 026.tif	 6.739653e+02	 22	 9.449672e+02	 220	 3.265552e+02	 98	 6.749816e+02	 350.00	 300.00	 46.00	 26	 0.32	 
BMI_bf_102	 2	 4	 029.tif	 6.779651e+02	 24	 999000	 240	 999000	 999	 6.789815e+02	 350.00	 300.00	 47.00	 29	 0.31	 
BMI_bf_102	 2	 4	 101.tif	 6.799651e+02	 12	 999000	 120	 999000	 999	 6.809814e+02	 350.00	 300.00	 20.00	 31	 0.62	 
BMI_bf_102	 2	 4	 030.tif	 6.819648e+02	 24	 999000	 240	 999000	 999	 6.829814e+02	 350.00	 300.00	 34.00	 30	 0.47	 
BMI_bf_102	 2	 4	 018.tif	 6.839648e+02	 12	 999000	 120	 999000	 999	 6.849813e+02	 350.00	 300.00	 18.00	 18	 0.63	 
BMI_bf_102	 2	 4	 008.tif	 6.889648e+02	 24	 999000	 240	 999000	 999	 6.899812e+02	 350.00	 300.00	 57.00	 8	 0.14	 
BMI_bf_102	 2	 4	 124.tif	 6.909648e+02	 12	 999000	 120	 999000	 999	 6.919811e+02	 350.00	 300.00	 15.00	 54	 0.67	 
BMI_bf_102	 2	 4	 130.tif	 6.929646e+02	 12	 999000	 120	 999000	 999	 6.939810e+02	 350.00	 300.00	 12.00	 60	 0.69	 
BMI_bf_102	 2	 4	 015.tif	 6.959646e+02	 11	 9.441854e+02	 110	 3.918417e+02	 98	 6.969810e+02	 366.67	 300.00	 14.00	 15	 0.68	 
BMI_bf_102	 2	 4	 023.tif	 6.989646e+02	 24	 999000	 240	 999000	 999	 6.999809e+02	 366.67	 300.00	 60.00	 23	 0.01	 
BMI_bf_102	 2	 4	 109.tif	 7.029644e+02	 24	 999000	 240	 999000	 999	 7.039808e+02	 366.67	 300.00	 50.00	 39	 0.25	 
BMI_bf_102	 2	 4	 002.tif	 7.049643e+02	 24	 999000	 240	 999000	 999	 7.059807e+02	 366.67	 300.00	 56.00	 2	 0.14	 
BMI_bf_102	 2	 4	 125.tif	 7.069643e+02	 22	 1.023711e+03	 2200	 3.427222e+02	 98	 7.079806e+02	 366.67	 250.00	 41.00	 55	 0.40	 
BMI_bf_102	 2	 4	 119.tif	 7.099642e+02	 11	 9.676228e+02	 110	 4.108398e+02	 98	 7.109805e+02	 383.33	 250.00	 23.00	 49	 0.61	 
BMI_bf_102	 2	 4	 005.tif	 7.129641e+02	 22	 8.555113e+02	 220	 2.928101e+02	 98	 7.139804e+02	 383.33	 266.67	 51.00	 5	 0.23	 
BMI_bf_102	 2	 4	 118.tif	 7.149641e+02	 24	 999000	 240	 999000	 999	 7.159804e+02	 383.33	 266.67	 45.00	 48	 0.34	 
BMI_bf_102	 2	 4	 016.tif	 7.169638e+02	 24	 999000	 240	 999000	 999	 7.179803e+02	 383.33	 266.67	 58.00	 16	 0.12	 
BMI_bf_102	 2	 4	 017.tif	 7.189640e+02	 22	 9.352747e+02	 220	 3.091705e+02	 98	 7.199803e+02	 383.33	 283.33	 54.00	 17	 0.17	 
BMI_bf_102	 2	 4	 121.tif	 7.239638e+02	 12	 999000	 120	 999000	 999	 7.249801e+02	 383.33	 283.33	 6.00	 51	 0.79	 
BMI_bf_102	 2	 4	 104.tif	 7.259635e+02	 12	 999000	 120	 999000	 999	 7.269800e+02	 383.33	 283.33	 30.00	 34	 0.52	 
BMI_bf_102	 2	 4	 107.tif	 7.279637e+02	 12	 999000	 120	 999000	 999	 7.289800e+02	 383.33	 283.33	 29.00	 37	 0.53	 
BMI_bf_102	 2	 4	 006.tif	 7.299636e+02	 24	 999000	 240	 999000	 999	 7.309799e+02	 383.33	 283.33	 52.00	 6	 0.22	 
BMI_bf_102	 2	 4	 116.tif	 7.369634e+02	 12	 999000	 120	 999000	 999	 7.379797e+02	 383.33	 283.33	 25.00	 46	 0.60	 
BMI_bf_102	 2	 4	 120.tif	 7.389633e+02	 24	 999000	 240	 999000	 999	 7.399797e+02	 383.33	 283.33	 36.00	 50	 0.46	 
BMI_bf_102	 2	 4	 123.tif	 7.459631e+02	 11	 1.006292e+03	 1100	 4.278027e+02	 98	 7.469795e+02	 333.33	 283.33	 26.00	 53	 0.59	 
BMI_bf_102	 2	 4	 003.tif	 7.489631e+02	 12	 999000	 120	 999000	 999	 7.499794e+02	 333.33	 283.33	 21.00	 3	 0.62	 
BMI_bf_102	 2	 4	 106.tif	 7.519630e+02	 11	 9.821375e+02	 110	 3.755539e+02	 98	 7.529793e+02	 350.00	 283.33	 19.00	 36	 0.62	 
BMI_bf_102	 2	 4	 010.tif	 7.579628e+02	 12	 999000	 120	 999000	 999	 7.589791e+02	 350.00	 283.33	 3.00	 10	 0.88	 
BMI_bf_102	 2	 4	 022.tif	 7.599627e+02	 12	 999000	 120	 999000	 999	 7.609790e+02	 350.00	 283.33	 28.00	 22	 0.54	 
