subjectID	 order	 runNum	 itemName	 onsetTime	 shuff_trialType	 RT	 respInTime	 AudioTime	 response	 fixationTime	 ladder1	 ladder2	 bidIndex	 itemNameIndex	 bidValue	 
BMI_bf_106	 2	 6	 115.tif	 9.608606e+02	 24	 999000	 240	 999000	 999	 9.618772e+02	 383.33	 383.33	 32.00	 45	 0.47	 
BMI_bf_106	 2	 6	 001.tif	 9.628608e+02	 22	 9.225078e+02	 220	 4.258243e+02	 98	 9.638772e+02	 383.33	 400.00	 35.00	 1	 0.47	 
BMI_bf_106	 2	 6	 012.tif	 9.668607e+02	 24	 999000	 240	 999000	 999	 9.678771e+02	 383.33	 400.00	 60.00	 12	 0.01	 
BMI_bf_106	 2	 6	 002.tif	 9.698607e+02	 11	 9.543060e+02	 110	 4.263631e+02	 98	 9.708771e+02	 400.00	 400.00	 26.00	 2	 0.54	 
BMI_bf_106	 2	 6	 119.tif	 9.718605e+02	 12	 999000	 120	 999000	 999	 9.728770e+02	 400.00	 400.00	 12.00	 49	 0.73	 
BMI_bf_106	 2	 6	 018.tif	 9.748606e+02	 22	 9.940957e+02	 220	 4.422302e+02	 98	 9.758771e+02	 400.00	 416.67	 41.00	 18	 0.36	 
BMI_bf_106	 2	 6	 101.tif	 9.788606e+02	 12	 999000	 120	 999000	 999	 9.798769e+02	 400.00	 416.67	 7.00	 31	 0.83	 
BMI_bf_106	 2	 6	 014.tif	 9.828605e+02	 12	 999000	 120	 999000	 999	 9.838768e+02	 400.00	 416.67	 15.00	 14	 0.71	 
BMI_bf_106	 2	 6	 015.tif	 9.848604e+02	 11	 9.377494e+02	 110	 4.422504e+02	 98	 9.858768e+02	 416.67	 416.67	 17.00	 15	 0.67	 
BMI_bf_106	 2	 6	 009.tif	 9.898603e+02	 24	 999000	 240	 999000	 999	 9.908768e+02	 416.67	 416.67	 34.00	 9	 0.47	 
BMI_bf_106	 2	 6	 122.tif	 9.918603e+02	 24	 999000	 240	 999000	 999	 9.928766e+02	 416.67	 416.67	 57.00	 52	 0.12	 
BMI_bf_106	 2	 6	 017.tif	 9.938603e+02	 24	 999000	 240	 999000	 999	 9.948766e+02	 416.67	 416.67	 56.00	 17	 0.17	 
BMI_bf_106	 2	 6	 030.tif	 9.998602e+02	 12	 999000	 120	 999000	 999	 1.000876e+03	 416.67	 416.67	 3.00	 30	 0.91	 
BMI_bf_106	 2	 6	 108.tif	 1.001860e+03	 22	 1.169160e+03	 2200	 4.599453e+02	 98	 1.002876e+03	 416.67	 366.67	 43.00	 38	 0.33	 
BMI_bf_106	 2	 6	 124.tif	 1.003860e+03	 12	 999000	 120	 999000	 999	 1.004876e+03	 416.67	 366.67	 5.00	 54	 0.85	 
BMI_bf_106	 2	 6	 026.tif	 1.005860e+03	 24	 999000	 240	 999000	 999	 1.006876e+03	 416.67	 366.67	 52.00	 26	 0.22	 
BMI_bf_106	 2	 6	 118.tif	 1.009860e+03	 12	 999000	 120	 999000	 999	 1.010876e+03	 416.67	 366.67	 25.00	 48	 0.55	 
BMI_bf_106	 2	 6	 103.tif	 1.013860e+03	 11	 9.927168e+02	 110	 4.592858e+02	 98	 1.014876e+03	 433.33	 366.67	 22.00	 33	 0.61	 
BMI_bf_106	 2	 6	 020.tif	 1.016860e+03	 11	 9.606004e+02	 110	 4.749522e+02	 98	 1.017876e+03	 450.00	 366.67	 11.00	 20	 0.74	 
BMI_bf_106	 2	 6	 005.tif	 1.020860e+03	 24	 999000	 240	 999000	 999	 1.021876e+03	 450.00	 366.67	 50.00	 5	 0.24	 
BMI_bf_106	 2	 6	 025.tif	 1.023860e+03	 12	 999000	 120	 999000	 999	 1.024876e+03	 450.00	 366.67	 20.00	 25	 0.67	 
BMI_bf_106	 2	 6	 104.tif	 1.025860e+03	 11	 1.016269e+03	 1100	 4.934138e+02	 98	 1.026876e+03	 400.00	 366.67	 9.00	 34	 0.79	 
BMI_bf_106	 2	 6	 019.tif	 1.029860e+03	 24	 999000	 240	 999000	 999	 1.030876e+03	 400.00	 366.67	 36.00	 19	 0.46	 
BMI_bf_106	 2	 6	 126.tif	 1.031859e+03	 11	 9.683445e+02	 110	 4.396940e+02	 98	 1.032876e+03	 416.67	 366.67	 8.00	 56	 0.82	 
BMI_bf_106	 2	 6	 125.tif	 1.033860e+03	 22	 8.800213e+02	 220	 4.085502e+02	 98	 1.034911e+03	 416.67	 383.33	 49.00	 55	 0.27	 
BMI_bf_106	 2	 6	 023.tif	 1.037859e+03	 24	 999000	 240	 999000	 999	 1.038876e+03	 416.67	 383.33	 55.00	 23	 0.19	 
BMI_bf_106	 2	 6	 111.tif	 1.039859e+03	 12	 999000	 120	 999000	 999	 1.040876e+03	 416.67	 383.33	 1.00	 41	 0.93	 
BMI_bf_106	 2	 6	 007.tif	 1.043859e+03	 12	 999000	 120	 999000	 999	 1.044876e+03	 416.67	 383.33	 18.00	 7	 0.67	 
BMI_bf_106	 2	 6	 004.tif	 1.047859e+03	 24	 999000	 240	 999000	 999	 1.048876e+03	 416.67	 383.33	 44.00	 4	 0.31	 
BMI_bf_106	 2	 6	 117.tif	 1.050859e+03	 12	 999000	 120	 999000	 999	 1.051876e+03	 416.67	 383.33	 24.00	 47	 0.55	 
BMI_bf_106	 2	 6	 006.tif	 1.056859e+03	 24	 999000	 240	 999000	 999	 1.057876e+03	 416.67	 383.33	 59.00	 6	 0.10	 
BMI_bf_106	 2	 6	 016.tif	 1.058859e+03	 24	 999000	 240	 999000	 999	 1.059875e+03	 416.67	 383.33	 33.00	 16	 0.47	 
BMI_bf_106	 2	 6	 021.tif	 1.062859e+03	 24	 999000	 240	 999000	 999	 1.063875e+03	 416.67	 383.33	 39.00	 21	 0.39	 
BMI_bf_106	 2	 6	 011.tif	 1.064859e+03	 12	 999000	 120	 999000	 999	 1.065875e+03	 416.67	 383.33	 30.00	 11	 0.49	 
BMI_bf_106	 2	 6	 010.tif	 1.066859e+03	 24	 999000	 240	 999000	 999	 1.067875e+03	 416.67	 383.33	 37.00	 10	 0.44	 
BMI_bf_106	 2	 6	 022.tif	 1.068859e+03	 24	 999000	 240	 999000	 999	 1.069875e+03	 416.67	 383.33	 45.00	 22	 0.30	 
BMI_bf_106	 2	 6	 029.tif	 1.073859e+03	 22	 9.265771e+02	 220	 4.268047e+02	 98	 1.074875e+03	 416.67	 400.00	 51.00	 29	 0.23	 
BMI_bf_106	 2	 6	 130.tif	 1.075859e+03	 11	 9.586495e+02	 110	 4.596912e+02	 98	 1.076875e+03	 433.33	 400.00	 19.00	 60	 0.67	 
BMI_bf_106	 2	 6	 110.tif	 1.077859e+03	 12	 999000	 120	 999000	 999	 1.078875e+03	 433.33	 400.00	 10.00	 40	 0.76	 
BMI_bf_106	 2	 6	 128.tif	 1.080859e+03	 22	 9.263220e+02	 220	 4.422761e+02	 98	 1.081875e+03	 433.33	 416.67	 48.00	 58	 0.28	 
BMI_bf_106	 2	 6	 109.tif	 1.083859e+03	 12	 999000	 120	 999000	 999	 1.084875e+03	 433.33	 416.67	 27.00	 39	 0.53	 
BMI_bf_106	 2	 6	 028.tif	 1.087859e+03	 22	 9.420745e+02	 220	 4.587838e+02	 98	 1.088875e+03	 433.33	 433.33	 46.00	 28	 0.30	 
BMI_bf_106	 2	 6	 113.tif	 1.089858e+03	 12	 999000	 120	 999000	 999	 1.090875e+03	 433.33	 433.33	 2.00	 43	 0.91	 
BMI_bf_106	 2	 6	 105.tif	 1.091859e+03	 24	 999000	 240	 999000	 999	 1.092875e+03	 433.33	 433.33	 47.00	 35	 0.29	 
BMI_bf_106	 2	 6	 112.tif	 1.094858e+03	 24	 999000	 240	 999000	 999	 1.095875e+03	 433.33	 433.33	 53.00	 42	 0.20	 
BMI_bf_106	 2	 6	 120.tif	 1.097858e+03	 24	 999000	 240	 999000	 999	 1.098875e+03	 433.33	 433.33	 58.00	 50	 0.11	 
BMI_bf_106	 2	 6	 102.tif	 1.099858e+03	 12	 999000	 120	 999000	 999	 1.100875e+03	 433.33	 433.33	 6.00	 32	 0.83	 
BMI_bf_106	 2	 6	 127.tif	 1.101858e+03	 12	 999000	 120	 999000	 999	 1.102875e+03	 433.33	 433.33	 4.00	 57	 0.85	 
BMI_bf_106	 2	 6	 107.tif	 1.103858e+03	 22	 1.013471e+03	 2200	 4.772765e+02	 98	 1.104875e+03	 433.33	 383.33	 54.00	 37	 0.19	 
BMI_bf_106	 2	 6	 024.tif	 1.108858e+03	 24	 999000	 240	 999000	 999	 1.109875e+03	 433.33	 383.33	 31.00	 24	 0.48	 
BMI_bf_106	 2	 6	 003.tif	 1.110858e+03	 11	 9.572464e+02	 110	 4.768400e+02	 98	 1.111875e+03	 450.00	 383.33	 16.00	 3	 0.69	 
BMI_bf_106	 2	 6	 013.tif	 1.112858e+03	 12	 999000	 120	 999000	 999	 1.113875e+03	 450.00	 383.33	 13.00	 13	 0.73	 
BMI_bf_106	 2	 6	 129.tif	 1.114858e+03	 24	 999000	 240	 999000	 999	 1.115874e+03	 450.00	 383.33	 42.00	 59	 0.34	 
BMI_bf_106	 2	 6	 106.tif	 1.121858e+03	 12	 999000	 120	 999000	 999	 1.122874e+03	 450.00	 383.33	 28.00	 36	 0.52	 
BMI_bf_106	 2	 6	 008.tif	 1.123858e+03	 22	 9.808378e+02	 220	 4.249130e+02	 98	 1.124874e+03	 450.00	 400.00	 40.00	 8	 0.36	 
BMI_bf_106	 2	 6	 123.tif	 1.130858e+03	 12	 999000	 120	 999000	 999	 1.131874e+03	 450.00	 400.00	 21.00	 53	 0.66	 
BMI_bf_106	 2	 6	 027.tif	 1.133858e+03	 12	 999000	 120	 999000	 999	 1.134874e+03	 450.00	 400.00	 29.00	 27	 0.50	 
BMI_bf_106	 2	 6	 114.tif	 1.136857e+03	 11	 1.012676e+03	 1100	 4.926259e+02	 98	 1.137874e+03	 400.00	 400.00	 14.00	 44	 0.73	 
BMI_bf_106	 2	 6	 116.tif	 1.142858e+03	 11	 9.721265e+02	 110	 4.423492e+02	 98	 1.143874e+03	 416.67	 400.00	 23.00	 46	 0.60	 
BMI_bf_106	 2	 6	 121.tif	 1.144857e+03	 22	 9.642667e+02	 220	 4.411484e+02	 98	 1.145874e+03	 416.67	 416.67	 38.00	 51	 0.41	 
