subjectID	 order	 runNum	 itemName	 onsetTime	 shuff_trialType	 RT	 respInTime	 AudioTime	 response	 fixationTime	 ladder1	 ladder2	 bidIndex	 itemNameIndex	 bidValue	 
BMI_bf_114	 2	 11	 011.tif	 1.978628e+03	 12	 999000	 120	 999000	 999	 1.979645e+03	 416.67	 350.00	 20.00	 11	 0.64	 
BMI_bf_114	 2	 11	 104.tif	 1.980628e+03	 22	 9.703509e+02	 220	 3.927143e+02	 98	 1.981645e+03	 416.67	 366.67	 38.00	 34	 0.46	 
BMI_bf_114	 2	 11	 120.tif	 1.984628e+03	 24	 999000	 240	 999000	 999	 1.985645e+03	 416.67	 366.67	 32.00	 50	 0.51	 
BMI_bf_114	 2	 11	 008.tif	 1.987628e+03	 24	 999000	 240	 999000	 999	 1.988644e+03	 416.67	 366.67	 31.00	 8	 0.51	 
BMI_bf_114	 2	 11	 003.tif	 1.989628e+03	 24	 999000	 240	 999000	 999	 1.990644e+03	 416.67	 366.67	 60.00	 3	 0.08	 
BMI_bf_114	 2	 11	 004.tif	 1.992628e+03	 11	 9.939638e+02	 110	 4.590671e+02	 98	 1.993644e+03	 433.33	 366.67	 17.00	 4	 0.65	 
BMI_bf_114	 2	 11	 024.tif	 1.996628e+03	 12	 999000	 120	 999000	 999	 1.997644e+03	 433.33	 366.67	 21.00	 24	 0.63	 
BMI_bf_114	 2	 11	 113.tif	 2.000628e+03	 12	 999000	 120	 999000	 999	 2.001644e+03	 433.33	 366.67	 7.00	 43	 0.72	 
BMI_bf_114	 2	 11	 127.tif	 2.002628e+03	 11	 9.935811e+02	 110	 4.764633e+02	 98	 2.003644e+03	 450.00	 366.67	 9.00	 57	 0.71	 
BMI_bf_114	 2	 11	 116.tif	 2.007628e+03	 11	 1.009397e+03	 1100	 4.927439e+02	 98	 2.008644e+03	 400.00	 366.67	 23.00	 46	 0.60	 
BMI_bf_114	 2	 11	 022.tif	 2.009627e+03	 24	 999000	 240	 999000	 999	 2.010644e+03	 400.00	 366.67	 45.00	 22	 0.35	 
BMI_bf_114	 2	 11	 111.tif	 2.011627e+03	 11	 9.692914e+02	 110	 4.419957e+02	 98	 2.012644e+03	 416.67	 366.67	 14.00	 41	 0.69	 
BMI_bf_114	 2	 11	 005.tif	 2.017627e+03	 22	 9.210665e+02	 220	 4.086625e+02	 98	 2.018644e+03	 416.67	 383.33	 43.00	 5	 0.38	 
BMI_bf_114	 2	 11	 007.tif	 2.019627e+03	 24	 999000	 240	 999000	 999	 2.020644e+03	 416.67	 383.33	 33.00	 7	 0.51	 
BMI_bf_114	 2	 11	 010.tif	 2.021627e+03	 12	 999000	 120	 999000	 999	 2.022643e+03	 416.67	 383.33	 3.00	 10	 0.78	 
BMI_bf_114	 2	 11	 125.tif	 2.023627e+03	 22	 9.367928e+02	 220	 4.249126e+02	 98	 2.024643e+03	 416.67	 400.00	 41.00	 55	 0.41	 
BMI_bf_114	 2	 11	 109.tif	 2.027627e+03	 12	 999000	 120	 999000	 999	 2.028643e+03	 416.67	 400.00	 12.00	 39	 0.70	 
BMI_bf_114	 2	 11	 014.tif	 2.031627e+03	 24	 999000	 240	 999000	 999	 2.032643e+03	 416.67	 400.00	 36.00	 14	 0.48	 
BMI_bf_114	 2	 11	 023.tif	 2.034627e+03	 24	 999000	 240	 999000	 999	 2.035643e+03	 416.67	 400.00	 57.00	 23	 0.16	 
BMI_bf_114	 2	 11	 118.tif	 2.038627e+03	 11	 9.922936e+02	 110	 4.584248e+02	 98	 2.039643e+03	 433.33	 400.00	 8.00	 48	 0.72	 
BMI_bf_114	 2	 11	 006.tif	 2.041627e+03	 24	 999000	 240	 999000	 999	 2.042643e+03	 433.33	 400.00	 55.00	 6	 0.20	 
BMI_bf_114	 2	 11	 028.tif	 2.043627e+03	 22	 1.032117e+03	 2200	 4.416875e+02	 98	 2.044643e+03	 433.33	 350.00	 48.00	 28	 0.31	 
BMI_bf_114	 2	 11	 115.tif	 2.047626e+03	 12	 999000	 120	 999000	 999	 2.048643e+03	 433.33	 350.00	 1.00	 45	 0.81	 
BMI_bf_114	 2	 11	 012.tif	 2.049626e+03	 24	 999000	 240	 999000	 999	 2.050643e+03	 433.33	 350.00	 52.00	 12	 0.27	 
BMI_bf_114	 2	 11	 029.tif	 2.051626e+03	 12	 999000	 120	 999000	 999	 2.052643e+03	 433.33	 350.00	 29.00	 29	 0.54	 
BMI_bf_114	 2	 11	 013.tif	 2.055626e+03	 12	 999000	 120	 999000	 999	 2.056643e+03	 433.33	 350.00	 30.00	 13	 0.53	 
BMI_bf_114	 2	 11	 110.tif	 2.057626e+03	 12	 999000	 120	 999000	 999	 2.058643e+03	 433.33	 350.00	 18.00	 40	 0.64	 
BMI_bf_114	 2	 11	 025.tif	 2.061626e+03	 11	 1.063519e+03	 1100	 4.752689e+02	 98	 2.062642e+03	 383.33	 350.00	 22.00	 25	 0.62	 
BMI_bf_114	 2	 11	 121.tif	 2.065626e+03	 12	 999000	 120	 999000	 999	 2.066642e+03	 383.33	 350.00	 5.00	 51	 0.73	 
BMI_bf_114	 2	 11	 021.tif	 2.068626e+03	 24	 999000	 240	 999000	 999	 2.069642e+03	 383.33	 350.00	 44.00	 21	 0.36	 
BMI_bf_114	 2	 11	 020.tif	 2.074626e+03	 22	 8.790269e+02	 220	 3.933881e+02	 98	 2.075642e+03	 383.33	 366.67	 49.00	 20	 0.29	 
BMI_bf_114	 2	 11	 030.tif	 2.076626e+03	 22	 1.190929e+03	 2200	 4.076999e+02	 98	 2.077642e+03	 383.33	 316.67	 35.00	 30	 0.48	 
BMI_bf_114	 2	 11	 102.tif	 2.080626e+03	 12	 999000	 120	 999000	 999	 2.081642e+03	 383.33	 316.67	 2.00	 32	 0.78	 
BMI_bf_114	 2	 11	 126.tif	 2.082625e+03	 12	 999000	 120	 999000	 999	 2.083642e+03	 383.33	 316.67	 25.00	 56	 0.58	 
BMI_bf_114	 2	 11	 119.tif	 2.084625e+03	 12	 999000	 120	 999000	 999	 2.085642e+03	 383.33	 316.67	 28.00	 49	 0.54	 
BMI_bf_114	 2	 11	 129.tif	 2.086625e+03	 11	 9.106024e+02	 110	 4.256814e+02	 98	 2.087642e+03	 400.00	 316.67	 26.00	 59	 0.57	 
BMI_bf_114	 2	 11	 112.tif	 2.091625e+03	 24	 999000	 240	 999000	 999	 2.092642e+03	 400.00	 316.67	 56.00	 42	 0.19	 
BMI_bf_114	 2	 11	 027.tif	 2.093625e+03	 24	 999000	 240	 999000	 999	 2.094642e+03	 400.00	 316.67	 34.00	 27	 0.50	 
BMI_bf_114	 2	 11	 016.tif	 2.095625e+03	 22	 8.222818e+02	 220	 3.598508e+02	 98	 2.096641e+03	 400.00	 333.33	 51.00	 16	 0.29	 
BMI_bf_114	 2	 11	 117.tif	 2.098625e+03	 24	 999000	 240	 999000	 999	 2.099641e+03	 400.00	 333.33	 42.00	 47	 0.39	 
BMI_bf_114	 2	 11	 009.tif	 2.101625e+03	 11	 9.100642e+02	 110	 4.424950e+02	 98	 2.102641e+03	 416.67	 333.33	 19.00	 9	 0.64	 
BMI_bf_114	 2	 11	 105.tif	 2.105625e+03	 24	 999000	 240	 999000	 999	 2.106641e+03	 416.67	 333.33	 39.00	 35	 0.44	 
BMI_bf_114	 2	 11	 107.tif	 2.107625e+03	 24	 999000	 240	 999000	 999	 2.108641e+03	 416.67	 333.33	 53.00	 37	 0.26	 
BMI_bf_114	 2	 11	 001.tif	 2.109625e+03	 24	 999000	 240	 999000	 999	 2.110641e+03	 416.67	 333.33	 37.00	 1	 0.47	 
BMI_bf_114	 2	 11	 106.tif	 2.112625e+03	 12	 999000	 120	 999000	 999	 2.113641e+03	 416.67	 333.33	 10.00	 36	 0.71	 
BMI_bf_114	 2	 11	 108.tif	 2.115625e+03	 11	 9.735919e+02	 110	 4.589678e+02	 98	 2.116641e+03	 433.33	 333.33	 16.00	 38	 0.66	 
BMI_bf_114	 2	 11	 019.tif	 2.117624e+03	 24	 999000	 240	 999000	 999	 2.118641e+03	 433.33	 333.33	 59.00	 19	 0.10	 
BMI_bf_114	 2	 11	 015.tif	 2.119624e+03	 12	 999000	 120	 999000	 999	 2.120641e+03	 433.33	 333.33	 27.00	 15	 0.55	 
BMI_bf_114	 2	 11	 026.tif	 2.121624e+03	 24	 999000	 240	 999000	 999	 2.122641e+03	 433.33	 333.33	 58.00	 26	 0.16	 
BMI_bf_114	 2	 11	 122.tif	 2.126624e+03	 11	 1.013177e+03	 1100	 4.763737e+02	 98	 2.127641e+03	 383.33	 333.33	 11.00	 52	 0.70	 
BMI_bf_114	 2	 11	 101.tif	 2.128624e+03	 12	 5.571853e+02	 12	 999000	 98	 2.129641e+03	 383.33	 333.33	 24.00	 31	 0.58	 
BMI_bf_114	 2	 11	 018.tif	 2.130624e+03	 24	 999000	 240	 999000	 999	 2.131640e+03	 383.33	 333.33	 47.00	 18	 0.32	 
BMI_bf_114	 2	 11	 128.tif	 2.132624e+03	 22	 8.769112e+02	 220	 3.753534e+02	 98	 2.133640e+03	 383.33	 350.00	 40.00	 58	 0.43	 
BMI_bf_114	 2	 11	 123.tif	 2.139624e+03	 12	 999000	 120	 999000	 999	 2.140640e+03	 383.33	 350.00	 13.00	 53	 0.70	 
BMI_bf_114	 2	 11	 103.tif	 2.141624e+03	 12	 999000	 120	 999000	 999	 2.142640e+03	 383.33	 350.00	 4.00	 33	 0.75	 
BMI_bf_114	 2	 11	 114.tif	 2.148624e+03	 22	 9.244306e+02	 220	 3.943836e+02	 98	 2.149640e+03	 383.33	 366.67	 46.00	 44	 0.32	 
BMI_bf_114	 2	 11	 124.tif	 2.151624e+03	 12	 999000	 120	 999000	 999	 2.152640e+03	 383.33	 366.67	 6.00	 54	 0.73	 
BMI_bf_114	 2	 11	 017.tif	 2.154624e+03	 24	 999000	 240	 999000	 999	 2.155640e+03	 383.33	 366.67	 50.00	 17	 0.29	 
BMI_bf_114	 2	 11	 002.tif	 2.160623e+03	 22	 9.400070e+02	 220	 4.095165e+02	 98	 2.161640e+03	 383.33	 383.33	 54.00	 2	 0.21	 
BMI_bf_114	 2	 11	 130.tif	 2.162623e+03	 12	 999000	 120	 999000	 999	 2.163640e+03	 383.33	 383.33	 15.00	 60	 0.69	 
