subjectID	 order	 runNum	 itemName	 onsetTime	 shuff_trialType	 RT	 respInTime	 AudioTime	 response	 fixationTime	 ladder1	 ladder2	 bidIndex	 itemNameIndex	 bidValue	 
BMI_bf_119	 1	 4	 105.tif	 5.756761e+02	 22	 9.372551e+02	 220	 4.255980e+02	 98	 5.766928e+02	 383.33	 400.00	 53.00	 35	 0.17	 
BMI_bf_119	 1	 4	 022.tif	 5.776764e+02	 22	 1.008841e+03	 2200	 4.429989e+02	 98	 5.786927e+02	 383.33	 350.00	 39.00	 22	 0.40	 
BMI_bf_119	 1	 4	 106.tif	 5.816763e+02	 12	 999000	 120	 999000	 999	 5.826927e+02	 383.33	 350.00	 30.00	 36	 0.52	 
BMI_bf_119	 1	 4	 011.tif	 5.846762e+02	 24	 999000	 240	 999000	 999	 5.856926e+02	 383.33	 350.00	 31.00	 11	 0.52	 
BMI_bf_119	 1	 4	 114.tif	 5.866762e+02	 24	 999000	 240	 999000	 999	 5.876926e+02	 383.33	 350.00	 40.00	 44	 0.36	 
BMI_bf_119	 1	 4	 005.tif	 5.896762e+02	 24	 999000	 240	 999000	 999	 5.906925e+02	 383.33	 350.00	 57.00	 5	 0.11	 
BMI_bf_119	 1	 4	 003.tif	 5.936761e+02	 22	 9.042988e+02	 220	 3.922843e+02	 98	 5.946925e+02	 383.33	 366.67	 45.00	 3	 0.33	 
BMI_bf_119	 1	 4	 107.tif	 5.976761e+02	 24	 999000	 240	 999000	 999	 5.986924e+02	 383.33	 366.67	 55.00	 37	 0.15	 
BMI_bf_119	 1	 4	 118.tif	 5.996760e+02	 24	 999000	 240	 999000	 999	 6.006924e+02	 383.33	 366.67	 38.00	 48	 0.41	 
BMI_bf_119	 1	 4	 009.tif	 6.046760e+02	 12	 999000	 120	 999000	 999	 6.056923e+02	 383.33	 366.67	 26.00	 9	 0.58	 
BMI_bf_119	 1	 4	 021.tif	 6.066758e+02	 24	 999000	 240	 999000	 999	 6.076922e+02	 383.33	 366.67	 41.00	 21	 0.36	 
BMI_bf_119	 1	 4	 109.tif	 6.086759e+02	 12	 999000	 120	 999000	 999	 6.096922e+02	 383.33	 366.67	 9.00	 39	 0.78	 
BMI_bf_119	 1	 4	 120.tif	 6.146758e+02	 22	 1.039570e+03	 2200	 4.101072e+02	 98	 6.156922e+02	 383.33	 316.67	 36.00	 50	 0.42	 
BMI_bf_119	 1	 4	 030.tif	 6.166758e+02	 22	 9.435012e+02	 220	 3.585712e+02	 98	 6.176921e+02	 383.33	 333.33	 50.00	 30	 0.21	 
BMI_bf_119	 1	 4	 113.tif	 6.186758e+02	 11	 9.834253e+02	 110	 4.263740e+02	 98	 6.196921e+02	 400.00	 333.33	 7.00	 43	 0.79	 
BMI_bf_119	 1	 4	 103.tif	 6.206755e+02	 11	 9.515104e+02	 110	 4.435389e+02	 98	 6.216920e+02	 416.67	 333.33	 24.00	 33	 0.60	 
BMI_bf_119	 1	 4	 002.tif	 6.246755e+02	 22	 9.753490e+02	 220	 3.742524e+02	 98	 6.256921e+02	 416.67	 350.00	 47.00	 2	 0.27	 
BMI_bf_119	 1	 4	 110.tif	 6.286756e+02	 12	 999000	 120	 999000	 999	 6.296919e+02	 416.67	 350.00	 16.00	 40	 0.71	 
BMI_bf_119	 1	 4	 027.tif	 6.316756e+02	 22	 9.349224e+02	 220	 3.920953e+02	 98	 6.326920e+02	 416.67	 366.67	 42.00	 27	 0.35	 
BMI_bf_119	 1	 4	 104.tif	 6.356752e+02	 12	 999000	 120	 999000	 999	 6.366918e+02	 416.67	 366.67	 17.00	 34	 0.68	 
BMI_bf_119	 1	 4	 026.tif	 6.386754e+02	 24	 999000	 240	 999000	 999	 6.396918e+02	 416.67	 366.67	 54.00	 26	 0.16	 
BMI_bf_119	 1	 4	 015.tif	 6.406754e+02	 22	 9.745938e+02	 220	 4.085526e+02	 98	 6.416918e+02	 416.67	 383.33	 44.00	 15	 0.34	 
BMI_bf_119	 1	 4	 029.tif	 6.446754e+02	 24	 999000	 240	 999000	 999	 6.456917e+02	 416.67	 383.33	 35.00	 29	 0.43	 
BMI_bf_119	 1	 4	 017.tif	 6.466754e+02	 24	 999000	 240	 999000	 999	 6.476917e+02	 416.67	 383.33	 48.00	 17	 0.26	 
BMI_bf_119	 1	 4	 101.tif	 6.486753e+02	 12	 999000	 120	 999000	 999	 6.496917e+02	 416.67	 383.33	 5.00	 31	 0.81	 
BMI_bf_119	 1	 4	 108.tif	 6.526753e+02	 12	 999000	 120	 999000	 999	 6.536916e+02	 416.67	 383.33	 3.00	 38	 0.85	 
BMI_bf_119	 1	 4	 128.tif	 6.546752e+02	 12	 999000	 120	 999000	 999	 6.556916e+02	 416.67	 383.33	 19.00	 58	 0.66	 
BMI_bf_119	 1	 4	 001.tif	 6.586752e+02	 24	 999000	 240	 999000	 999	 6.596915e+02	 416.67	 383.33	 49.00	 1	 0.26	 
BMI_bf_119	 1	 4	 007.tif	 6.626751e+02	 24	 999000	 240	 999000	 999	 6.636915e+02	 416.67	 383.33	 32.00	 7	 0.51	 
BMI_bf_119	 1	 4	 004.tif	 6.656751e+02	 12	 999000	 120	 999000	 999	 6.666914e+02	 416.67	 383.33	 1.00	 4	 0.99	 
BMI_bf_119	 1	 4	 028.tif	 6.716750e+02	 12	 999000	 120	 999000	 999	 6.726913e+02	 416.67	 383.33	 8.00	 28	 0.78	 
BMI_bf_119	 1	 4	 117.tif	 6.736750e+02	 22	 1.133369e+03	 2200	 4.266252e+02	 98	 6.746913e+02	 416.67	 333.33	 37.00	 47	 0.41	 
BMI_bf_119	 1	 4	 020.tif	 6.776749e+02	 24	 999000	 240	 999000	 999	 6.786912e+02	 416.67	 333.33	 51.00	 20	 0.21	 
BMI_bf_119	 1	 4	 013.tif	 6.796749e+02	 12	 999000	 120	 999000	 999	 6.806912e+02	 416.67	 333.33	 14.00	 13	 0.72	 
BMI_bf_119	 1	 4	 124.tif	 6.816748e+02	 11	 1.005101e+03	 1100	 4.597064e+02	 98	 6.826912e+02	 366.67	 333.33	 21.00	 54	 0.63	 
BMI_bf_119	 1	 4	 006.tif	 6.836747e+02	 24	 999000	 240	 999000	 999	 6.846911e+02	 366.67	 333.33	 56.00	 6	 0.13	 
BMI_bf_119	 1	 4	 018.tif	 6.886747e+02	 24	 999000	 240	 999000	 999	 6.896911e+02	 366.67	 333.33	 34.00	 18	 0.46	 
BMI_bf_119	 1	 4	 122.tif	 6.906747e+02	 12	 999000	 120	 999000	 999	 6.916910e+02	 366.67	 333.33	 4.00	 52	 0.83	 
BMI_bf_119	 1	 4	 019.tif	 6.926747e+02	 22	 9.007547e+02	 220	 3.752486e+02	 98	 6.936910e+02	 366.67	 350.00	 52.00	 19	 0.20	 
BMI_bf_119	 1	 4	 130.tif	 6.956746e+02	 12	 999000	 120	 999000	 999	 6.966910e+02	 366.67	 350.00	 23.00	 60	 0.61	 
BMI_bf_119	 1	 4	 012.tif	 6.986746e+02	 24	 999000	 240	 999000	 999	 6.996909e+02	 366.67	 350.00	 58.00	 12	 0.11	 
BMI_bf_119	 1	 4	 115.tif	 7.026745e+02	 11	 9.964094e+02	 110	 4.086516e+02	 98	 7.036908e+02	 383.33	 350.00	 10.00	 45	 0.78	 
BMI_bf_119	 1	 4	 016.tif	 7.046745e+02	 24	 999000	 240	 999000	 999	 7.056908e+02	 383.33	 350.00	 60.00	 16	 0.09	 
BMI_bf_119	 1	 4	 129.tif	 7.066745e+02	 12	 999000	 120	 999000	 999	 7.076908e+02	 383.33	 350.00	 29.00	 59	 0.53	 
BMI_bf_119	 1	 4	 126.tif	 7.096744e+02	 12	 999000	 120	 999000	 999	 7.106908e+02	 383.33	 350.00	 22.00	 56	 0.63	 
BMI_bf_119	 1	 4	 014.tif	 7.126744e+02	 11	 1.099996e+03	 1100	 4.263016e+02	 98	 7.136907e+02	 333.33	 350.00	 20.00	 14	 0.66	 
BMI_bf_119	 1	 4	 119.tif	 7.146744e+02	 12	 999000	 120	 999000	 999	 7.156907e+02	 333.33	 350.00	 28.00	 49	 0.53	 
BMI_bf_119	 1	 4	 010.tif	 7.166743e+02	 11	 9.558873e+02	 110	 3.758888e+02	 98	 7.176907e+02	 350.00	 350.00	 18.00	 10	 0.66	 
BMI_bf_119	 1	 4	 112.tif	 7.186743e+02	 12	 999000	 120	 999000	 999	 7.196906e+02	 350.00	 350.00	 27.00	 42	 0.55	 
BMI_bf_119	 1	 4	 116.tif	 7.236742e+02	 11	 9.156372e+02	 110	 3.920561e+02	 98	 7.246906e+02	 366.67	 350.00	 13.00	 46	 0.74	 
BMI_bf_119	 1	 4	 024.tif	 7.256742e+02	 11	 9.315618e+02	 110	 4.078858e+02	 98	 7.266906e+02	 383.33	 350.00	 25.00	 24	 0.58	 
BMI_bf_119	 1	 4	 125.tif	 7.276742e+02	 24	 999000	 240	 999000	 999	 7.286905e+02	 383.33	 350.00	 33.00	 55	 0.50	 
BMI_bf_119	 1	 4	 123.tif	 7.296741e+02	 12	 999000	 120	 999000	 999	 7.306905e+02	 383.33	 350.00	 11.00	 53	 0.77	 
BMI_bf_119	 1	 4	 025.tif	 7.366740e+02	 24	 999000	 240	 999000	 999	 7.376904e+02	 383.33	 350.00	 43.00	 25	 0.35	 
BMI_bf_119	 1	 4	 102.tif	 7.386740e+02	 12	 999000	 120	 999000	 999	 7.396903e+02	 383.33	 350.00	 2.00	 32	 0.91	 
BMI_bf_119	 1	 4	 111.tif	 7.456739e+02	 11	 1.010772e+03	 1100	 4.246377e+02	 98	 7.466902e+02	 333.33	 350.00	 15.00	 41	 0.71	 
BMI_bf_119	 1	 4	 127.tif	 7.486739e+02	 11	 9.787241e+02	 110	 3.763220e+02	 98	 7.496903e+02	 350.00	 350.00	 12.00	 57	 0.75	 
BMI_bf_119	 1	 4	 008.tif	 7.516738e+02	 24	 999000	 240	 999000	 999	 7.526901e+02	 350.00	 350.00	 59.00	 8	 0.10	 
BMI_bf_119	 1	 4	 121.tif	 7.576737e+02	 12	 999000	 120	 999000	 999	 7.586900e+02	 350.00	 350.00	 6.00	 51	 0.81	 
BMI_bf_119	 1	 4	 023.tif	 7.596737e+02	 24	 999000	 240	 999000	 999	 7.606900e+02	 350.00	 350.00	 46.00	 23	 0.30	 
