subjectID	 order	 runNum	 itemName	 onsetTime	 shuff_trialType	 RT	 respInTime	 AudioTime	 response	 fixationTime	 ladder1	 ladder2	 bidIndex	 itemNameIndex	 bidValue	 
BMI_bf_130	 2	 12	 103.tif	 2.168946e+03	 12	 999000	 120	 999000	 999	 2.169963e+03	 450.00	 383.33	 15.00	 33	 0.67	 
BMI_bf_130	 2	 12	 013.tif	 2.173946e+03	 24	 999000	 240	 999000	 999	 2.174963e+03	 450.00	 383.33	 32.00	 13	 0.50	 
BMI_bf_130	 2	 12	 130.tif	 2.175946e+03	 12	 999000	 120	 999000	 999	 2.176963e+03	 450.00	 383.33	 20.00	 60	 0.62	 
BMI_bf_130	 2	 12	 006.tif	 2.177946e+03	 24	 999000	 240	 999000	 999	 2.178963e+03	 450.00	 383.33	 58.00	 6	 0.14	 
BMI_bf_130	 2	 12	 012.tif	 2.183946e+03	 24	 999000	 240	 999000	 999	 2.184962e+03	 450.00	 383.33	 60.00	 12	 0.05	 
BMI_bf_130	 2	 12	 023.tif	 2.185946e+03	 24	 999000	 240	 999000	 999	 2.186962e+03	 450.00	 383.33	 56.00	 23	 0.18	 
BMI_bf_130	 2	 12	 121.tif	 2.188946e+03	 12	 999000	 120	 999000	 999	 2.189962e+03	 450.00	 383.33	 7.00	 51	 0.82	 
BMI_bf_130	 2	 12	 116.tif	 2.190946e+03	 12	 999000	 120	 999000	 999	 2.191962e+03	 450.00	 383.33	 30.00	 46	 0.50	 
BMI_bf_130	 2	 12	 122.tif	 2.194946e+03	 24	 999000	 240	 999000	 999	 2.195962e+03	 450.00	 383.33	 39.00	 52	 0.41	 
BMI_bf_130	 2	 12	 104.tif	 2.196946e+03	 12	 999000	 120	 999000	 999	 2.197962e+03	 450.00	 383.33	 21.00	 34	 0.62	 
BMI_bf_130	 2	 12	 001.tif	 2.201946e+03	 24	 999000	 240	 999000	 999	 2.202962e+03	 450.00	 383.33	 44.00	 1	 0.34	 
BMI_bf_130	 2	 12	 117.tif	 2.208946e+03	 24	 999000	 240	 999000	 999	 2.209962e+03	 450.00	 383.33	 59.00	 47	 0.12	 
BMI_bf_130	 2	 12	 106.tif	 2.210946e+03	 12	 999000	 120	 999000	 999	 2.211962e+03	 450.00	 383.33	 13.00	 36	 0.68	 
BMI_bf_130	 2	 12	 119.tif	 2.213945e+03	 11	 9.977125e+02	 110	 4.916768e+02	 98	 2.214962e+03	 466.67	 383.33	 14.00	 49	 0.67	 
BMI_bf_130	 2	 12	 128.tif	 2.216945e+03	 24	 999000	 240	 999000	 999	 2.217962e+03	 466.67	 383.33	 33.00	 58	 0.49	 
BMI_bf_130	 2	 12	 019.tif	 2.220945e+03	 24	 999000	 240	 999000	 999	 2.221962e+03	 466.67	 383.33	 34.00	 19	 0.49	 
BMI_bf_130	 2	 12	 002.tif	 2.224945e+03	 24	 999000	 240	 999000	 999	 2.225961e+03	 466.67	 383.33	 55.00	 2	 0.19	 
BMI_bf_130	 2	 12	 118.tif	 2.228945e+03	 24	 999000	 240	 999000	 999	 2.229961e+03	 466.67	 383.33	 42.00	 48	 0.38	 
BMI_bf_130	 2	 12	 115.tif	 2.231945e+03	 11	 1.085124e+03	 1100	 5.089466e+02	 98	 2.232961e+03	 416.67	 383.33	 16.00	 45	 0.67	 
BMI_bf_130	 2	 12	 024.tif	 2.237945e+03	 11	 9.728994e+02	 110	 4.590909e+02	 98	 2.238961e+03	 433.33	 383.33	 19.00	 24	 0.63	 
BMI_bf_130	 2	 12	 021.tif	 2.239945e+03	 11	 9.731010e+02	 110	 4.754768e+02	 98	 2.240961e+03	 450.00	 383.33	 26.00	 21	 0.55	 
BMI_bf_130	 2	 12	 029.tif	 2.242945e+03	 12	 999000	 120	 999000	 999	 2.243961e+03	 450.00	 383.33	 12.00	 29	 0.70	 
BMI_bf_130	 2	 12	 025.tif	 2.244945e+03	 22	 9.166099e+02	 220	 4.260084e+02	 98	 2.245961e+03	 450.00	 400.00	 35.00	 25	 0.45	 
BMI_bf_130	 2	 12	 028.tif	 2.246945e+03	 24	 999000	 240	 999000	 999	 2.247961e+03	 450.00	 400.00	 53.00	 28	 0.23	 
BMI_bf_130	 2	 12	 005.tif	 2.248945e+03	 24	 999000	 240	 999000	 999	 2.249961e+03	 450.00	 400.00	 37.00	 5	 0.44	 
BMI_bf_130	 2	 12	 127.tif	 2.251945e+03	 11	 9.964073e+02	 110	 4.921410e+02	 98	 2.252961e+03	 466.67	 400.00	 8.00	 57	 0.77	 
BMI_bf_130	 2	 12	 010.tif	 2.255944e+03	 12	 999000	 120	 999000	 999	 2.256961e+03	 466.67	 400.00	 28.00	 10	 0.54	 
BMI_bf_130	 2	 12	 102.tif	 2.257944e+03	 12	 999000	 120	 999000	 999	 2.258961e+03	 466.67	 400.00	 10.00	 32	 0.74	 
BMI_bf_130	 2	 12	 110.tif	 2.259944e+03	 12	 8.120990e+02	 12	 999000	 98	 2.260961e+03	 466.67	 400.00	 24.00	 40	 0.57	 
BMI_bf_130	 2	 12	 125.tif	 2.261944e+03	 11	 1.004014e+03	 1100	 5.075816e+02	 98	 2.262961e+03	 416.67	 400.00	 22.00	 55	 0.60	 
BMI_bf_130	 2	 12	 105.tif	 2.263944e+03	 22	 1.003908e+03	 2200	 4.422404e+02	 98	 2.264961e+03	 416.67	 350.00	 40.00	 35	 0.40	 
BMI_bf_130	 2	 12	 129.tif	 2.265944e+03	 24	 999000	 240	 999000	 999	 2.266961e+03	 416.67	 350.00	 36.00	 59	 0.45	 
BMI_bf_130	 2	 12	 017.tif	 2.269944e+03	 24	 999000	 240	 999000	 999	 2.270960e+03	 416.67	 350.00	 47.00	 17	 0.29	 
BMI_bf_130	 2	 12	 113.tif	 2.273944e+03	 12	 999000	 120	 999000	 999	 2.274960e+03	 416.67	 350.00	 18.00	 43	 0.64	 
BMI_bf_130	 2	 12	 101.tif	 2.275944e+03	 12	 999000	 120	 999000	 999	 2.276960e+03	 416.67	 350.00	 3.00	 31	 0.87	 
BMI_bf_130	 2	 12	 026.tif	 2.277944e+03	 24	 999000	 240	 999000	 999	 2.278960e+03	 416.67	 350.00	 50.00	 26	 0.26	 
BMI_bf_130	 2	 12	 109.tif	 2.279944e+03	 12	 999000	 120	 999000	 999	 2.280960e+03	 416.67	 350.00	 4.00	 39	 0.84	 
BMI_bf_130	 2	 12	 014.tif	 2.281944e+03	 22	 8.913347e+02	 220	 3.933168e+02	 98	 2.282960e+03	 416.67	 366.67	 48.00	 14	 0.29	 
BMI_bf_130	 2	 12	 027.tif	 2.287944e+03	 24	 999000	 240	 999000	 999	 2.288960e+03	 416.67	 366.67	 57.00	 27	 0.17	 
BMI_bf_130	 2	 12	 020.tif	 2.289944e+03	 22	 8.910660e+02	 220	 4.085146e+02	 98	 2.290960e+03	 416.67	 383.33	 43.00	 20	 0.36	 
BMI_bf_130	 2	 12	 120.tif	 2.291944e+03	 22	 9.710056e+02	 220	 4.266190e+02	 98	 2.292960e+03	 416.67	 400.00	 41.00	 50	 0.40	 
BMI_bf_130	 2	 12	 114.tif	 2.293943e+03	 11	 9.390276e+02	 110	 4.581871e+02	 98	 2.294960e+03	 433.33	 400.00	 11.00	 44	 0.72	 
BMI_bf_130	 2	 12	 022.tif	 2.296943e+03	 24	 999000	 240	 999000	 999	 2.297960e+03	 433.33	 400.00	 31.00	 22	 0.50	 
BMI_bf_130	 2	 12	 030.tif	 2.298943e+03	 12	 999000	 120	 999000	 999	 2.299960e+03	 433.33	 400.00	 6.00	 30	 0.83	 
BMI_bf_130	 2	 12	 018.tif	 2.305943e+03	 22	 9.704915e+02	 220	 4.430216e+02	 98	 2.306960e+03	 433.33	 416.67	 49.00	 18	 0.28	 
BMI_bf_130	 2	 12	 007.tif	 2.307943e+03	 22	 9.386279e+02	 220	 4.591618e+02	 98	 2.308960e+03	 433.33	 433.33	 46.00	 7	 0.29	 
BMI_bf_130	 2	 12	 011.tif	 2.311943e+03	 12	 999000	 120	 999000	 999	 2.312959e+03	 433.33	 433.33	 25.00	 11	 0.56	 
BMI_bf_130	 2	 12	 015.tif	 2.315943e+03	 11	 9.621171e+02	 110	 4.737822e+02	 98	 2.316959e+03	 450.00	 433.33	 9.00	 15	 0.75	 
BMI_bf_130	 2	 12	 124.tif	 2.318943e+03	 11	 9.699820e+02	 110	 4.921942e+02	 98	 2.319959e+03	 466.67	 433.33	 23.00	 54	 0.57	 
BMI_bf_130	 2	 12	 016.tif	 2.320943e+03	 11	 9.859302e+02	 110	 5.089158e+02	 98	 2.321959e+03	 483.33	 433.33	 17.00	 16	 0.64	 
BMI_bf_130	 2	 12	 009.tif	 2.324943e+03	 12	 999000	 120	 999000	 999	 2.325959e+03	 483.33	 433.33	 27.00	 9	 0.54	 
BMI_bf_130	 2	 12	 123.tif	 2.326943e+03	 12	 999000	 120	 999000	 999	 2.327959e+03	 483.33	 433.33	 5.00	 53	 0.83	 
BMI_bf_130	 2	 12	 107.tif	 2.329959e+03	 22	 9.529214e+02	 220	 4.754668e+02	 98	 2.330976e+03	 483.33	 450.00	 51.00	 37	 0.26	 
BMI_bf_130	 2	 12	 004.tif	 2.333959e+03	 22	 9.767900e+02	 220	 4.919002e+02	 98	 2.334976e+03	 483.33	 466.67	 54.00	 4	 0.23	 
BMI_bf_130	 2	 12	 003.tif	 2.335959e+03	 24	 999000	 240	 999000	 999	 2.336976e+03	 483.33	 466.67	 52.00	 3	 0.25	 
BMI_bf_130	 2	 12	 126.tif	 2.340959e+03	 12	 999000	 120	 999000	 999	 2.341975e+03	 483.33	 466.67	 1.00	 56	 0.91	 
BMI_bf_130	 2	 12	 008.tif	 2.342959e+03	 24	 999000	 240	 999000	 999	 2.343975e+03	 483.33	 466.67	 45.00	 8	 0.30	 
BMI_bf_130	 2	 12	 108.tif	 2.346959e+03	 12	 999000	 120	 999000	 999	 2.347975e+03	 483.33	 466.67	 29.00	 38	 0.50	 
BMI_bf_130	 2	 12	 111.tif	 2.349959e+03	 12	 999000	 120	 999000	 999	 2.350975e+03	 483.33	 466.67	 2.00	 41	 0.87	 
BMI_bf_130	 2	 12	 112.tif	 2.352959e+03	 22	 1.008136e+03	 2200	 5.093027e+02	 98	 2.353975e+03	 483.33	 416.67	 38.00	 42	 0.42	 
