subjectID	 order	 runNum	 itemName	 onsetTime	 shuff_trialType	 RT	 respInTime	 AudioTime	 response	 fixationTime	 ladder1	 ladder2	 bidIndex	 itemNameIndex	 bidValue	 
BMI_bf_133	 1	 3	 122.tif	 3.878817e+02	 12	 999000	 120	 999000	 999	 3.888984e+02	 350.00	 350.00	 6.00	 52	 0.85	 
BMI_bf_133	 1	 3	 026.tif	 3.908820e+02	 24	 999000	 240	 999000	 999	 3.918984e+02	 350.00	 350.00	 38.00	 26	 0.42	 
BMI_bf_133	 1	 3	 101.tif	 3.928820e+02	 12	 999000	 120	 999000	 999	 3.938983e+02	 350.00	 350.00	 26.00	 31	 0.53	 
BMI_bf_133	 1	 3	 014.tif	 3.948820e+02	 22	 9.967300e+02	 220	 3.929215e+02	 98	 3.958984e+02	 350.00	 366.67	 36.00	 14	 0.43	 
BMI_bf_133	 1	 3	 115.tif	 3.968819e+02	 12	 999000	 120	 999000	 999	 3.978982e+02	 350.00	 366.67	 9.00	 45	 0.78	 
BMI_bf_133	 1	 3	 028.tif	 3.998819e+02	 11	 9.645229e+02	 110	 3.917780e+02	 98	 4.008982e+02	 366.67	 366.67	 24.00	 28	 0.57	 
BMI_bf_133	 1	 3	 017.tif	 4.018818e+02	 24	 999000	 240	 999000	 999	 4.028981e+02	 366.67	 366.67	 54.00	 17	 0.23	 
BMI_bf_133	 1	 3	 109.tif	 4.058817e+02	 11	 9.483016e+02	 110	 4.140250e+02	 98	 4.068981e+02	 383.33	 366.67	 20.00	 39	 0.63	 
BMI_bf_133	 1	 3	 114.tif	 4.078817e+02	 12	 999000	 120	 999000	 999	 4.088981e+02	 383.33	 366.67	 23.00	 44	 0.58	 
BMI_bf_133	 1	 3	 104.tif	 4.128817e+02	 11	 9.720995e+02	 110	 4.263330e+02	 98	 4.138980e+02	 400.00	 366.67	 18.00	 34	 0.65	 
BMI_bf_133	 1	 3	 027.tif	 4.148814e+02	 12	 999000	 120	 999000	 999	 4.158980e+02	 400.00	 366.67	 29.00	 27	 0.49	 
BMI_bf_133	 1	 3	 117.tif	 4.188816e+02	 12	 999000	 120	 999000	 999	 4.198979e+02	 400.00	 366.67	 4.00	 47	 0.85	 
BMI_bf_133	 1	 3	 125.tif	 4.208815e+02	 22	 9.957861e+02	 220	 4.090495e+02	 98	 4.218979e+02	 400.00	 383.33	 47.00	 55	 0.27	 
BMI_bf_133	 1	 3	 124.tif	 4.238815e+02	 22	 1.043659e+03	 2200	 4.256837e+02	 98	 4.248979e+02	 400.00	 333.33	 52.00	 54	 0.24	 
BMI_bf_133	 1	 3	 106.tif	 4.288814e+02	 24	 999000	 240	 999000	 999	 4.298978e+02	 400.00	 333.33	 33.00	 36	 0.46	 
BMI_bf_133	 1	 3	 021.tif	 4.308815e+02	 24	 999000	 240	 999000	 999	 4.318978e+02	 400.00	 333.33	 58.00	 21	 0.16	 
BMI_bf_133	 1	 3	 012.tif	 4.328815e+02	 24	 999000	 240	 999000	 999	 4.338977e+02	 400.00	 333.33	 31.00	 12	 0.48	 
BMI_bf_133	 1	 3	 118.tif	 4.368813e+02	 11	 9.951808e+02	 110	 4.429497e+02	 98	 4.378977e+02	 416.67	 333.33	 21.00	 48	 0.60	 
BMI_bf_133	 1	 3	 023.tif	 4.408813e+02	 24	 999000	 240	 999000	 999	 4.418976e+02	 416.67	 333.33	 43.00	 23	 0.36	 
BMI_bf_133	 1	 3	 004.tif	 4.448812e+02	 24	 999000	 240	 999000	 999	 4.458976e+02	 416.67	 333.33	 49.00	 4	 0.26	 
BMI_bf_133	 1	 3	 005.tif	 4.468812e+02	 24	 999000	 240	 999000	 999	 4.478975e+02	 416.67	 333.33	 35.00	 5	 0.43	 
BMI_bf_133	 1	 3	 105.tif	 4.488811e+02	 12	 999000	 120	 999000	 999	 4.498975e+02	 416.67	 333.33	 30.00	 35	 0.48	 
BMI_bf_133	 1	 3	 002.tif	 4.508811e+02	 24	 999000	 240	 999000	 999	 4.518974e+02	 416.67	 333.33	 41.00	 2	 0.37	 
BMI_bf_133	 1	 3	 011.tif	 4.528811e+02	 12	 999000	 120	 999000	 999	 4.538974e+02	 416.67	 333.33	 22.00	 11	 0.60	 
BMI_bf_133	 1	 3	 126.tif	 4.588810e+02	 24	 999000	 240	 999000	 999	 4.598973e+02	 416.67	 333.33	 32.00	 56	 0.47	 
BMI_bf_133	 1	 3	 020.tif	 4.618809e+02	 22	 9.863116e+02	 220	 3.768813e+02	 98	 4.628973e+02	 416.67	 350.00	 44.00	 20	 0.33	 
BMI_bf_133	 1	 3	 008.tif	 4.638809e+02	 24	 999000	 240	 999000	 999	 4.648972e+02	 416.67	 350.00	 56.00	 8	 0.18	 
BMI_bf_133	 1	 3	 107.tif	 4.658809e+02	 24	 999000	 240	 999000	 999	 4.668973e+02	 416.67	 350.00	 55.00	 37	 0.19	 
BMI_bf_133	 1	 3	 024.tif	 4.688809e+02	 24	 999000	 240	 999000	 999	 4.698972e+02	 416.67	 350.00	 57.00	 24	 0.18	 
BMI_bf_133	 1	 3	 103.tif	 4.708808e+02	 12	 999000	 120	 999000	 999	 4.718972e+02	 416.67	 350.00	 19.00	 33	 0.64	 
BMI_bf_133	 1	 3	 025.tif	 4.728808e+02	 22	 1.001853e+03	 2200	 3.913373e+02	 98	 4.738971e+02	 416.67	 300.00	 53.00	 25	 0.24	 
BMI_bf_133	 1	 3	 010.tif	 4.748808e+02	 24	 999000	 240	 999000	 999	 4.758971e+02	 416.67	 300.00	 46.00	 10	 0.32	 
BMI_bf_133	 1	 3	 110.tif	 4.778807e+02	 12	 999000	 120	 999000	 999	 4.788971e+02	 416.67	 300.00	 1.00	 40	 0.90	 
BMI_bf_133	 1	 3	 022.tif	 4.798807e+02	 11	 1.057599e+03	 1100	 4.599666e+02	 98	 4.808971e+02	 366.67	 300.00	 15.00	 22	 0.69	 
BMI_bf_133	 1	 3	 120.tif	 4.818805e+02	 12	 999000	 120	 999000	 999	 4.828970e+02	 366.67	 300.00	 16.00	 50	 0.66	 
BMI_bf_133	 1	 3	 029.tif	 4.838806e+02	 22	 9.535099e+02	 220	 3.431918e+02	 98	 4.848970e+02	 366.67	 316.67	 50.00	 29	 0.26	 
BMI_bf_133	 1	 3	 102.tif	 4.858807e+02	 12	 999000	 120	 999000	 999	 4.868969e+02	 366.67	 316.67	 5.00	 32	 0.85	 
BMI_bf_133	 1	 3	 112.tif	 4.918805e+02	 11	 9.451683e+02	 110	 4.086740e+02	 98	 4.928969e+02	 383.33	 316.67	 12.00	 42	 0.75	 
BMI_bf_133	 1	 3	 111.tif	 4.948805e+02	 12	 999000	 120	 999000	 999	 4.958968e+02	 383.33	 316.67	 2.00	 41	 0.88	 
BMI_bf_133	 1	 3	 130.tif	 4.988804e+02	 11	 9.529131e+02	 110	 4.267752e+02	 98	 4.998968e+02	 400.00	 316.67	 7.00	 60	 0.81	 
BMI_bf_133	 1	 3	 001.tif	 5.048804e+02	 24	 999000	 240	 999000	 999	 5.058966e+02	 400.00	 316.67	 34.00	 1	 0.43	 
BMI_bf_133	 1	 3	 018.tif	 5.068803e+02	 12	 999000	 120	 999000	 999	 5.078966e+02	 400.00	 316.67	 28.00	 18	 0.49	 
BMI_bf_133	 1	 3	 128.tif	 5.118802e+02	 11	 9.684633e+02	 110	 4.414796e+02	 98	 5.128966e+02	 416.67	 316.67	 25.00	 58	 0.53	 
BMI_bf_133	 1	 3	 030.tif	 5.148802e+02	 12	 999000	 120	 999000	 999	 5.158965e+02	 416.67	 316.67	 11.00	 30	 0.76	 
BMI_bf_133	 1	 3	 013.tif	 5.168801e+02	 24	 999000	 240	 999000	 999	 5.178965e+02	 416.67	 316.67	 48.00	 13	 0.27	 
BMI_bf_133	 1	 3	 009.tif	 5.198801e+02	 24	 999000	 240	 999000	 999	 5.208964e+02	 416.67	 316.67	 51.00	 9	 0.25	 
BMI_bf_133	 1	 3	 129.tif	 5.218801e+02	 24	 999000	 240	 999000	 999	 5.228964e+02	 416.67	 316.67	 40.00	 59	 0.39	 
BMI_bf_133	 1	 3	 003.tif	 5.258800e+02	 22	 9.599666e+02	 220	 3.600210e+02	 98	 5.268964e+02	 416.67	 333.33	 39.00	 3	 0.40	 
BMI_bf_133	 1	 3	 113.tif	 5.298800e+02	 12	 999000	 120	 999000	 999	 5.308963e+02	 416.67	 333.33	 3.00	 43	 0.88	 
BMI_bf_133	 1	 3	 016.tif	 5.318799e+02	 22	 9.597345e+02	 220	 3.757759e+02	 98	 5.328963e+02	 416.67	 350.00	 42.00	 16	 0.37	 
BMI_bf_133	 1	 3	 127.tif	 5.388798e+02	 12	 999000	 120	 999000	 999	 5.398961e+02	 416.67	 350.00	 27.00	 57	 0.52	 
BMI_bf_133	 1	 3	 015.tif	 5.408798e+02	 22	 9.754656e+02	 220	 3.932629e+02	 98	 5.418962e+02	 416.67	 366.67	 37.00	 15	 0.42	 
BMI_bf_133	 1	 3	 108.tif	 5.438797e+02	 11	 9.833244e+02	 110	 4.581162e+02	 98	 5.448961e+02	 433.33	 366.67	 13.00	 38	 0.74	 
BMI_bf_133	 1	 3	 116.tif	 5.478797e+02	 11	 1.055203e+03	 1100	 4.757028e+02	 98	 5.488961e+02	 383.33	 366.67	 10.00	 46	 0.78	 
BMI_bf_133	 1	 3	 019.tif	 5.518796e+02	 22	 9.350165e+02	 220	 4.089734e+02	 98	 5.528960e+02	 383.33	 383.33	 45.00	 19	 0.33	 
BMI_bf_133	 1	 3	 121.tif	 5.558796e+02	 12	 999000	 120	 999000	 999	 5.568959e+02	 383.33	 383.33	 8.00	 51	 0.80	 
BMI_bf_133	 1	 3	 123.tif	 5.588795e+02	 12	 999000	 120	 999000	 999	 5.598959e+02	 383.33	 383.33	 17.00	 53	 0.65	 
BMI_bf_133	 1	 3	 007.tif	 5.608795e+02	 24	 999000	 240	 999000	 999	 5.618959e+02	 383.33	 383.33	 59.00	 7	 0.09	 
BMI_bf_133	 1	 3	 119.tif	 5.648794e+02	 12	 999000	 120	 999000	 999	 5.658958e+02	 383.33	 383.33	 14.00	 49	 0.72	 
BMI_bf_133	 1	 3	 006.tif	 5.718793e+02	 24	 999000	 240	 999000	 999	 5.728957e+02	 383.33	 383.33	 60.00	 6	 0.09	 
