subjectID	 order	 runNum	 itemName	 onsetTime	 shuff_trialType	 RT	 respInTime	 AudioTime	 response	 fixationTime	 ladder1	 ladder2	 bidIndex	 itemNameIndex	 bidValue	 
BMI_bf_111	 1	 10	 020.tif	 1.739954e+03	 24	 999000	 240	 999000	 999	 1.740971e+03	 250.00	 316.67	 57.00	 20	 0.20	 
BMI_bf_111	 1	 10	 115.tif	 1.744954e+03	 11	 1.101242e+03	 1100	 2.922333e+02	 98	 1.745970e+03	 200.00	 316.67	 7.00	 45	 0.72	 
BMI_bf_111	 1	 10	 014.tif	 1.746954e+03	 24	 999000	 240	 999000	 999	 1.747970e+03	 200.00	 316.67	 58.00	 14	 0.19	 
BMI_bf_111	 1	 10	 009.tif	 1.748954e+03	 24	 999000	 240	 999000	 999	 1.749970e+03	 200.00	 316.67	 32.00	 9	 0.51	 
BMI_bf_111	 1	 10	 017.tif	 1.754954e+03	 24	 999000	 240	 999000	 999	 1.755970e+03	 200.00	 316.67	 40.00	 17	 0.38	 
BMI_bf_111	 1	 10	 024.tif	 1.756954e+03	 11	 8.449276e+02	 110	 2.422122e+02	 98	 1.757970e+03	 216.67	 316.67	 21.00	 24	 0.60	 
BMI_bf_111	 1	 10	 125.tif	 1.759954e+03	 24	 999000	 240	 999000	 999	 1.760970e+03	 216.67	 316.67	 35.00	 55	 0.45	 
BMI_bf_111	 1	 10	 104.tif	 1.761954e+03	 22	 9.887038e+02	 220	 3.587718e+02	 98	 1.762970e+03	 216.67	 333.33	 36.00	 34	 0.44	 
BMI_bf_111	 1	 10	 124.tif	 1.765954e+03	 12	 999000	 120	 999000	 999	 1.766970e+03	 216.67	 333.33	 2.00	 54	 0.84	 
BMI_bf_111	 1	 10	 118.tif	 1.767954e+03	 12	 999000	 120	 999000	 999	 1.768970e+03	 216.67	 333.33	 22.00	 48	 0.59	 
BMI_bf_111	 1	 10	 130.tif	 1.772954e+03	 12	 999000	 120	 999000	 999	 1.773970e+03	 216.67	 333.33	 17.00	 60	 0.66	 
BMI_bf_111	 1	 10	 008.tif	 1.779954e+03	 22	 1.036085e+03	 2200	 3.759467e+02	 98	 1.780970e+03	 216.67	 283.33	 53.00	 8	 0.25	 
BMI_bf_111	 1	 10	 101.tif	 1.781954e+03	 11	 8.520099e+02	 110	 2.606289e+02	 98	 1.782970e+03	 233.33	 283.33	 15.00	 31	 0.67	 
BMI_bf_111	 1	 10	 022.tif	 1.784954e+03	 24	 999000	 240	 999000	 999	 1.785970e+03	 233.33	 283.33	 43.00	 22	 0.36	 
BMI_bf_111	 1	 10	 006.tif	 1.787954e+03	 24	 999000	 240	 999000	 999	 1.788970e+03	 233.33	 283.33	 60.00	 6	 0.11	 
BMI_bf_111	 1	 10	 128.tif	 1.791954e+03	 11	 8.996680e+02	 110	 2.763401e+02	 98	 1.792970e+03	 250.00	 283.33	 13.00	 58	 0.67	 
BMI_bf_111	 1	 10	 120.tif	 1.795953e+03	 11	 8.755338e+02	 110	 2.930414e+02	 98	 1.796970e+03	 266.67	 283.33	 12.00	 50	 0.69	 
BMI_bf_111	 1	 10	 007.tif	 1.799953e+03	 24	 999000	 240	 999000	 999	 1.800970e+03	 266.67	 283.33	 56.00	 7	 0.21	 
BMI_bf_111	 1	 10	 027.tif	 1.802953e+03	 12	 999000	 120	 999000	 999	 1.803970e+03	 266.67	 283.33	 14.00	 27	 0.67	 
BMI_bf_111	 1	 10	 121.tif	 1.808953e+03	 12	 999000	 120	 999000	 999	 1.809970e+03	 266.67	 283.33	 8.00	 51	 0.72	 
BMI_bf_111	 1	 10	 026.tif	 1.810953e+03	 24	 999000	 240	 999000	 999	 1.811970e+03	 266.67	 283.33	 59.00	 26	 0.12	 
BMI_bf_111	 1	 10	 019.tif	 1.813953e+03	 22	 9.389112e+02	 220	 3.255060e+02	 98	 1.814970e+03	 266.67	 300.00	 50.00	 19	 0.31	 
BMI_bf_111	 1	 10	 030.tif	 1.815953e+03	 24	 999000	 240	 999000	 999	 1.816970e+03	 266.67	 300.00	 49.00	 30	 0.32	 
BMI_bf_111	 1	 10	 001.tif	 1.817953e+03	 22	 9.947558e+02	 220	 3.423169e+02	 98	 1.818970e+03	 266.67	 316.67	 47.00	 1	 0.33	 
BMI_bf_111	 1	 10	 106.tif	 1.819953e+03	 24	 999000	 240	 999000	 999	 1.820970e+03	 266.67	 316.67	 34.00	 36	 0.45	 
BMI_bf_111	 1	 10	 119.tif	 1.822953e+03	 12	 999000	 120	 999000	 999	 1.823969e+03	 266.67	 316.67	 19.00	 49	 0.63	 
BMI_bf_111	 1	 10	 111.tif	 1.826953e+03	 12	 999000	 120	 999000	 999	 1.827969e+03	 266.67	 316.67	 16.00	 41	 0.67	 
BMI_bf_111	 1	 10	 016.tif	 1.828953e+03	 12	 999000	 120	 999000	 999	 1.829969e+03	 266.67	 316.67	 29.00	 16	 0.56	 
BMI_bf_111	 1	 10	 011.tif	 1.830953e+03	 11	 9.142925e+02	 110	 3.094121e+02	 98	 1.831969e+03	 283.33	 316.67	 25.00	 11	 0.58	 
BMI_bf_111	 1	 10	 013.tif	 1.832953e+03	 22	 9.061743e+02	 220	 3.587108e+02	 98	 1.833969e+03	 283.33	 333.33	 42.00	 13	 0.37	 
BMI_bf_111	 1	 10	 103.tif	 1.834953e+03	 12	 999000	 120	 999000	 999	 1.835969e+03	 283.33	 333.33	 27.00	 33	 0.57	 
BMI_bf_111	 1	 10	 028.tif	 1.836953e+03	 12	 999000	 120	 999000	 999	 1.837969e+03	 283.33	 333.33	 28.00	 28	 0.57	 
BMI_bf_111	 1	 10	 123.tif	 1.840953e+03	 11	 8.819268e+02	 110	 3.251052e+02	 98	 1.841969e+03	 300.00	 333.33	 18.00	 53	 0.65	 
BMI_bf_111	 1	 10	 021.tif	 1.844953e+03	 24	 999000	 240	 999000	 999	 1.845969e+03	 300.00	 333.33	 51.00	 21	 0.28	 
BMI_bf_111	 1	 10	 003.tif	 1.846953e+03	 22	 9.297622e+02	 220	 3.751413e+02	 98	 1.847969e+03	 300.00	 350.00	 52.00	 3	 0.27	 
BMI_bf_111	 1	 10	 127.tif	 1.848953e+03	 12	 999000	 120	 999000	 999	 1.849969e+03	 300.00	 350.00	 1.00	 57	 0.95	 
BMI_bf_111	 1	 10	 105.tif	 1.850953e+03	 22	 9.136317e+02	 220	 3.921134e+02	 98	 1.851969e+03	 300.00	 366.67	 37.00	 35	 0.44	 
BMI_bf_111	 1	 10	 113.tif	 1.852953e+03	 11	 9.455585e+02	 110	 3.417645e+02	 98	 1.853969e+03	 316.67	 366.67	 10.00	 43	 0.71	 
BMI_bf_111	 1	 10	 112.tif	 1.858953e+03	 12	 999000	 120	 999000	 999	 1.859969e+03	 316.67	 366.67	 6.00	 42	 0.72	 
BMI_bf_111	 1	 10	 004.tif	 1.860953e+03	 12	 999000	 120	 999000	 999	 1.861969e+03	 316.67	 366.67	 5.00	 4	 0.74	 
BMI_bf_111	 1	 10	 114.tif	 1.862953e+03	 12	 999000	 120	 999000	 999	 1.863969e+03	 316.67	 366.67	 26.00	 44	 0.58	 
BMI_bf_111	 1	 10	 122.tif	 1.864953e+03	 12	 999000	 120	 999000	 999	 1.865969e+03	 316.67	 366.67	 4.00	 52	 0.75	 
BMI_bf_111	 1	 10	 025.tif	 1.867953e+03	 22	 1.041006e+03	 2200	 4.084337e+02	 98	 1.868969e+03	 316.67	 316.67	 45.00	 25	 0.36	 
BMI_bf_111	 1	 10	 110.tif	 1.869953e+03	 12	 999000	 120	 999000	 999	 1.870969e+03	 316.67	 316.67	 9.00	 40	 0.71	 
BMI_bf_111	 1	 10	 005.tif	 1.876952e+03	 24	 999000	 240	 999000	 999	 1.877969e+03	 316.67	 316.67	 38.00	 5	 0.39	 
BMI_bf_111	 1	 10	 002.tif	 1.878952e+03	 22	 5.606556e+02	 220	 3.588080e+02	 98	 1.879969e+03	 316.67	 333.33	 39.00	 2	 0.39	 
BMI_bf_111	 1	 10	 129.tif	 1.882952e+03	 24	 999000	 240	 999000	 999	 1.883969e+03	 316.67	 333.33	 31.00	 59	 0.51	 
BMI_bf_111	 1	 10	 010.tif	 1.886952e+03	 12	 999000	 120	 999000	 999	 1.887969e+03	 316.67	 333.33	 23.00	 10	 0.59	 
BMI_bf_111	 1	 10	 012.tif	 1.889952e+03	 24	 999000	 240	 999000	 999	 1.890969e+03	 316.67	 333.33	 55.00	 12	 0.21	 
BMI_bf_111	 1	 10	 107.tif	 1.891952e+03	 24	 999000	 240	 999000	 999	 1.892969e+03	 316.67	 333.33	 41.00	 37	 0.37	 
BMI_bf_111	 1	 10	 102.tif	 1.895952e+03	 12	 999000	 120	 999000	 999	 1.896969e+03	 316.67	 333.33	 11.00	 32	 0.70	 
BMI_bf_111	 1	 10	 023.tif	 1.897952e+03	 22	 9.759835e+02	 220	 3.744238e+02	 98	 1.898969e+03	 316.67	 350.00	 44.00	 23	 0.36	 
BMI_bf_111	 1	 10	 109.tif	 1.900952e+03	 11	 9.920490e+02	 110	 3.590224e+02	 98	 1.901969e+03	 333.33	 350.00	 20.00	 39	 0.61	 
BMI_bf_111	 1	 10	 126.tif	 1.904952e+03	 12	 999000	 120	 999000	 999	 1.905968e+03	 333.33	 350.00	 30.00	 56	 0.51	 
BMI_bf_111	 1	 10	 029.tif	 1.906952e+03	 24	 999000	 240	 999000	 999	 1.907968e+03	 333.33	 350.00	 46.00	 29	 0.35	 
BMI_bf_111	 1	 10	 108.tif	 1.911952e+03	 12	 999000	 120	 999000	 999	 1.912968e+03	 333.33	 350.00	 3.00	 38	 0.80	 
BMI_bf_111	 1	 10	 018.tif	 1.913952e+03	 11	 1.159409e+03	 1100	 3.754855e+02	 98	 1.914968e+03	 283.33	 350.00	 24.00	 18	 0.59	 
BMI_bf_111	 1	 10	 117.tif	 1.917952e+03	 24	 999000	 240	 999000	 999	 1.918968e+03	 283.33	 350.00	 48.00	 47	 0.33	 
BMI_bf_111	 1	 10	 116.tif	 1.920952e+03	 24	 999000	 240	 999000	 999	 1.921968e+03	 283.33	 350.00	 33.00	 46	 0.49	 
BMI_bf_111	 1	 10	 015.tif	 1.923952e+03	 24	 999000	 240	 999000	 999	 1.924968e+03	 283.33	 350.00	 54.00	 15	 0.24	 
