subjectID	 order	 runNum	 itemName	 onsetTime	 shuff_trialType	 RT	 respInTime	 AudioTime	 response	 fixationTime	 ladder1	 ladder2	 bidIndex	 itemNameIndex	 bidValue	 
BMI_bf_115	 1	 2	 026.tif	 1.887382e+02	 24	 999000	 240	 999000	 999	 1.897548e+02	 383.33	 316.67	 54.00	 26	 0.19	 
BMI_bf_115	 1	 2	 119.tif	 1.907218e+02	 11	 1.019475e+03	 1100	 4.248363e+02	 98	 1.917382e+02	 333.33	 316.67	 24.00	 49	 0.60	 
BMI_bf_115	 1	 2	 128.tif	 1.947217e+02	 12	 999000	 120	 999000	 999	 1.957380e+02	 333.33	 316.67	 30.00	 58	 0.50	 
BMI_bf_115	 1	 2	 125.tif	 1.977216e+02	 24	 999000	 240	 999000	 999	 1.987379e+02	 333.33	 316.67	 40.00	 55	 0.39	 
BMI_bf_115	 1	 2	 126.tif	 1.997215e+02	 12	 999000	 120	 999000	 999	 2.007378e+02	 333.33	 316.67	 8.00	 56	 0.83	 
BMI_bf_115	 1	 2	 014.tif	 2.027214e+02	 12	 999000	 120	 999000	 999	 2.037378e+02	 333.33	 316.67	 26.00	 14	 0.53	 
BMI_bf_115	 1	 2	 101.tif	 2.067213e+02	 24	 999000	 240	 999000	 999	 2.077376e+02	 333.33	 316.67	 46.00	 31	 0.29	 
BMI_bf_115	 1	 2	 011.tif	 2.107212e+02	 12	 999000	 120	 999000	 999	 2.117375e+02	 333.33	 316.67	 29.00	 11	 0.51	 
BMI_bf_115	 1	 2	 019.tif	 2.127211e+02	 22	 1.050693e+03	 2200	 3.593907e+02	 98	 2.137374e+02	 333.33	 266.67	 50.00	 19	 0.26	 
BMI_bf_115	 1	 2	 122.tif	 2.177376e+02	 11	 1.033770e+03	 1100	 3.756265e+02	 98	 2.187539e+02	 283.33	 266.67	 21.00	 52	 0.64	 
BMI_bf_115	 1	 2	 127.tif	 2.197209e+02	 12	 999000	 120	 999000	 999	 2.207372e+02	 283.33	 266.67	 3.00	 57	 0.86	 
BMI_bf_115	 1	 2	 115.tif	 2.217205e+02	 12	 999000	 120	 999000	 999	 2.227371e+02	 283.33	 266.67	 9.00	 45	 0.78	 
BMI_bf_115	 1	 2	 016.tif	 2.277373e+02	 11	 1.025414e+03	 1100	 3.261428e+02	 98	 2.287536e+02	 233.33	 266.67	 20.00	 16	 0.65	 
BMI_bf_115	 1	 2	 104.tif	 2.297371e+02	 12	 999000	 120	 999000	 999	 2.307536e+02	 233.33	 266.67	 19.00	 34	 0.66	 
BMI_bf_115	 1	 2	 020.tif	 2.317372e+02	 22	 9.293042e+02	 220	 3.106155e+02	 98	 2.327535e+02	 233.33	 283.33	 52.00	 20	 0.21	 
BMI_bf_115	 1	 2	 102.tif	 2.337202e+02	 12	 999000	 120	 999000	 999	 2.347368e+02	 233.33	 283.33	 11.00	 32	 0.76	 
BMI_bf_115	 1	 2	 010.tif	 2.377370e+02	 11	 9.050446e+02	 110	 2.749977e+02	 98	 2.387533e+02	 250.00	 283.33	 18.00	 10	 0.67	 
BMI_bf_115	 1	 2	 111.tif	 2.417369e+02	 12	 999000	 120	 999000	 999	 2.427532e+02	 250.00	 283.33	 6.00	 41	 0.85	 
BMI_bf_115	 1	 2	 124.tif	 2.447367e+02	 24	 999000	 240	 999000	 999	 2.457531e+02	 250.00	 283.33	 49.00	 54	 0.26	 
BMI_bf_115	 1	 2	 009.tif	 2.487366e+02	 24	 999000	 240	 999000	 999	 2.497529e+02	 250.00	 283.33	 31.00	 9	 0.49	 
BMI_bf_115	 1	 2	 021.tif	 2.517365e+02	 22	 9.285333e+02	 220	 3.261425e+02	 98	 2.527528e+02	 250.00	 300.00	 53.00	 21	 0.19	 
BMI_bf_115	 1	 2	 129.tif	 2.537363e+02	 24	 999000	 240	 999000	 999	 2.547528e+02	 250.00	 300.00	 41.00	 59	 0.34	 
BMI_bf_115	 1	 2	 105.tif	 2.577363e+02	 11	 9.603453e+02	 110	 2.926341e+02	 98	 2.587526e+02	 266.67	 300.00	 15.00	 35	 0.71	 
BMI_bf_115	 1	 2	 118.tif	 2.597360e+02	 12	 999000	 120	 999000	 999	 2.607526e+02	 266.67	 300.00	 22.00	 48	 0.63	 
BMI_bf_115	 1	 2	 015.tif	 2.617362e+02	 22	 9.522103e+02	 220	 3.416970e+02	 98	 2.627525e+02	 266.67	 316.67	 47.00	 15	 0.29	 
BMI_bf_115	 1	 2	 029.tif	 2.657360e+02	 24	 999000	 240	 999000	 999	 2.667524e+02	 266.67	 316.67	 57.00	 29	 0.15	 
BMI_bf_115	 1	 2	 030.tif	 2.677360e+02	 22	 9.999870e+02	 220	 3.602555e+02	 98	 2.687523e+02	 266.67	 333.33	 42.00	 30	 0.33	 
BMI_bf_115	 1	 2	 001.tif	 2.717359e+02	 24	 999000	 240	 999000	 999	 2.727522e+02	 266.67	 333.33	 59.00	 1	 0.07	 
BMI_bf_115	 1	 2	 012.tif	 2.757358e+02	 24	 999000	 240	 999000	 999	 2.767521e+02	 266.67	 333.33	 35.00	 12	 0.43	 
BMI_bf_115	 1	 2	 002.tif	 2.787357e+02	 11	 8.715166e+02	 110	 3.086323e+02	 98	 2.797520e+02	 283.33	 333.33	 25.00	 2	 0.53	 
BMI_bf_115	 1	 2	 103.tif	 2.847354e+02	 11	 9.993667e+02	 110	 3.260172e+02	 98	 2.857518e+02	 300.00	 333.33	 13.00	 33	 0.75	 
BMI_bf_115	 1	 2	 120.tif	 2.867352e+02	 12	 999000	 120	 999000	 999	 2.877517e+02	 300.00	 333.33	 16.00	 50	 0.69	 
BMI_bf_115	 1	 2	 107.tif	 2.907353e+02	 24	 999000	 240	 999000	 999	 2.917516e+02	 300.00	 333.33	 58.00	 37	 0.11	 
BMI_bf_115	 1	 2	 008.tif	 2.927350e+02	 12	 999000	 120	 999000	 999	 2.937515e+02	 300.00	 333.33	 28.00	 8	 0.52	 
BMI_bf_115	 1	 2	 112.tif	 2.947351e+02	 24	 999000	 240	 999000	 999	 2.957514e+02	 300.00	 333.33	 43.00	 42	 0.33	 
BMI_bf_115	 1	 2	 130.tif	 2.967351e+02	 12	 999000	 120	 999000	 999	 2.977514e+02	 300.00	 333.33	 2.00	 60	 0.92	 
BMI_bf_115	 1	 2	 116.tif	 3.017351e+02	 12	 999000	 120	 999000	 999	 3.027512e+02	 300.00	 333.33	 14.00	 46	 0.73	 
BMI_bf_115	 1	 2	 013.tif	 3.037348e+02	 24	 999000	 240	 999000	 999	 3.047512e+02	 300.00	 333.33	 38.00	 13	 0.40	 
BMI_bf_115	 1	 2	 006.tif	 3.057348e+02	 24	 999000	 240	 999000	 999	 3.067511e+02	 300.00	 333.33	 60.00	 6	 0.06	 
BMI_bf_115	 1	 2	 113.tif	 3.087347e+02	 11	 9.744303e+02	 110	 3.421540e+02	 98	 3.097510e+02	 316.67	 333.33	 7.00	 43	 0.83	 
BMI_bf_115	 1	 2	 025.tif	 3.117346e+02	 24	 999000	 240	 999000	 999	 3.127509e+02	 316.67	 333.33	 33.00	 25	 0.47	 
BMI_bf_115	 1	 2	 017.tif	 3.157344e+02	 24	 999000	 240	 999000	 999	 3.167508e+02	 316.67	 333.33	 51.00	 17	 0.22	 
BMI_bf_115	 1	 2	 109.tif	 3.177344e+02	 12	 999000	 120	 999000	 999	 3.187507e+02	 316.67	 333.33	 1.00	 39	 0.92	 
BMI_bf_115	 1	 2	 003.tif	 3.197343e+02	 22	 1.110047e+03	 2200	 3.763581e+02	 98	 3.207507e+02	 316.67	 283.33	 45.00	 3	 0.29	 
BMI_bf_115	 1	 2	 004.tif	 3.227342e+02	 12	 999000	 120	 999000	 999	 3.237506e+02	 316.67	 283.33	 27.00	 4	 0.52	 
BMI_bf_115	 1	 2	 110.tif	 3.257341e+02	 12	 999000	 120	 999000	 999	 3.267505e+02	 316.67	 283.33	 17.00	 40	 0.68	 
BMI_bf_115	 1	 2	 005.tif	 3.277341e+02	 12	 999000	 120	 999000	 999	 3.287504e+02	 316.67	 283.33	 4.00	 5	 0.86	 
BMI_bf_115	 1	 2	 024.tif	 3.297340e+02	 24	 999000	 240	 999000	 999	 3.307503e+02	 316.67	 283.33	 32.00	 24	 0.49	 
BMI_bf_115	 1	 2	 106.tif	 3.317339e+02	 12	 999000	 120	 999000	 999	 3.327503e+02	 316.67	 283.33	 23.00	 36	 0.63	 
BMI_bf_115	 1	 2	 108.tif	 3.367338e+02	 22	 8.454712e+02	 220	 3.256610e+02	 98	 3.377501e+02	 316.67	 300.00	 39.00	 38	 0.40	 
BMI_bf_115	 1	 2	 121.tif	 3.387337e+02	 12	 999000	 120	 999000	 999	 3.397500e+02	 316.67	 300.00	 5.00	 51	 0.86	 
BMI_bf_115	 1	 2	 023.tif	 3.407336e+02	 22	 9.974195e+02	 220	 3.420163e+02	 98	 3.417500e+02	 316.67	 316.67	 44.00	 23	 0.31	 
BMI_bf_115	 1	 2	 022.tif	 3.427336e+02	 24	 999000	 240	 999000	 999	 3.437499e+02	 316.67	 316.67	 55.00	 22	 0.17	 
BMI_bf_115	 1	 2	 117.tif	 3.497334e+02	 24	 999000	 240	 999000	 999	 3.507497e+02	 316.67	 316.67	 48.00	 47	 0.27	 
BMI_bf_115	 1	 2	 114.tif	 3.517333e+02	 11	 9.729184e+02	 110	 3.584323e+02	 98	 3.527496e+02	 333.33	 316.67	 10.00	 44	 0.78	 
BMI_bf_115	 1	 2	 028.tif	 3.587331e+02	 22	 1.108680e+03	 2200	 3.588096e+02	 98	 3.597494e+02	 333.33	 266.67	 37.00	 28	 0.42	 
BMI_bf_115	 1	 2	 123.tif	 3.617329e+02	 11	 1.212650e+03	 1100	 3.754257e+02	 98	 3.627493e+02	 283.33	 266.67	 12.00	 53	 0.76	 
BMI_bf_115	 1	 2	 007.tif	 3.647328e+02	 24	 999000	 240	 999000	 999	 3.657492e+02	 283.33	 266.67	 34.00	 7	 0.46	 
BMI_bf_115	 1	 2	 018.tif	 3.707327e+02	 24	 999000	 240	 999000	 999	 3.717490e+02	 283.33	 266.67	 56.00	 18	 0.15	 
BMI_bf_115	 1	 2	 027.tif	 3.727327e+02	 22	 9.321308e+02	 220	 3.084135e+02	 98	 3.737490e+02	 283.33	 283.33	 36.00	 27	 0.42	 
