subjectID	 order	 runNum	 itemName	 onsetTime	 shuff_trialType	 RT	 respInTime	 AudioTime	 response	 fixationTime	 ladder1	 ladder2	 bidIndex	 itemNameIndex	 bidValue	 
BMI_bf_107	 1	 4	 022.tif	 5.989372e+02	 24	 999000	 240	 999000	 999	 5.999538e+02	 316.67	 316.67	 38.00	 22	 0.41	 
BMI_bf_107	 1	 4	 111.tif	 6.019375e+02	 24	 999000	 240	 999000	 999	 6.029538e+02	 316.67	 316.67	 33.00	 41	 0.48	 
BMI_bf_107	 1	 4	 029.tif	 6.039374e+02	 24	 999000	 240	 999000	 999	 6.049537e+02	 316.67	 316.67	 59.00	 29	 0.10	 
BMI_bf_107	 1	 4	 008.tif	 6.059374e+02	 24	 999000	 240	 999000	 999	 6.069537e+02	 316.67	 316.67	 51.00	 8	 0.25	 
BMI_bf_107	 1	 4	 010.tif	 6.079373e+02	 22	 1.000939e+03	 2200	 3.590845e+02	 98	 6.089537e+02	 316.67	 266.67	 36.00	 10	 0.44	 
BMI_bf_107	 1	 4	 106.tif	 6.109373e+02	 24	 999000	 240	 999000	 999	 6.119536e+02	 316.67	 266.67	 31.00	 36	 0.49	 
BMI_bf_107	 1	 4	 003.tif	 6.129372e+02	 22	 9.448108e+02	 220	 3.085542e+02	 98	 6.139536e+02	 316.67	 283.33	 52.00	 3	 0.24	 
BMI_bf_107	 1	 4	 102.tif	 6.169372e+02	 12	 999000	 120	 999000	 999	 6.179535e+02	 316.67	 283.33	 1.00	 32	 0.86	 
BMI_bf_107	 1	 4	 015.tif	 6.189371e+02	 22	 8.885201e+02	 220	 3.261829e+02	 98	 6.199535e+02	 316.67	 300.00	 44.00	 15	 0.31	 
BMI_bf_107	 1	 4	 021.tif	 6.239370e+02	 22	 9.444120e+02	 220	 3.415819e+02	 98	 6.249534e+02	 316.67	 316.67	 45.00	 21	 0.29	 
BMI_bf_107	 1	 4	 024.tif	 6.259370e+02	 12	 999000	 120	 999000	 999	 6.269533e+02	 316.67	 316.67	 27.00	 24	 0.56	 
BMI_bf_107	 1	 4	 101.tif	 6.299369e+02	 12	 999000	 120	 999000	 999	 6.309533e+02	 316.67	 316.67	 8.00	 31	 0.80	 
BMI_bf_107	 1	 4	 113.tif	 6.319369e+02	 12	 999000	 120	 999000	 999	 6.329532e+02	 316.67	 316.67	 5.00	 43	 0.81	 
BMI_bf_107	 1	 4	 011.tif	 6.349368e+02	 12	 999000	 120	 999000	 999	 6.359532e+02	 316.67	 316.67	 17.00	 11	 0.71	 
BMI_bf_107	 1	 4	 009.tif	 6.399367e+02	 24	 999000	 240	 999000	 999	 6.409531e+02	 316.67	 316.67	 34.00	 9	 0.47	 
BMI_bf_107	 1	 4	 005.tif	 6.419368e+02	 12	 999000	 120	 999000	 999	 6.429531e+02	 316.67	 316.67	 30.00	 5	 0.51	 
BMI_bf_107	 1	 4	 020.tif	 6.439367e+02	 12	 999000	 120	 999000	 999	 6.449530e+02	 316.67	 316.67	 3.00	 20	 0.85	 
BMI_bf_107	 1	 4	 002.tif	 6.479366e+02	 11	 9.435641e+02	 110	 3.586915e+02	 98	 6.489530e+02	 333.33	 316.67	 13.00	 2	 0.73	 
BMI_bf_107	 1	 4	 127.tif	 6.519365e+02	 11	 9.914233e+02	 110	 3.759450e+02	 98	 6.529529e+02	 350.00	 316.67	 12.00	 57	 0.74	 
BMI_bf_107	 1	 4	 013.tif	 6.559364e+02	 24	 999000	 240	 999000	 999	 6.569528e+02	 350.00	 316.67	 35.00	 13	 0.46	 
BMI_bf_107	 1	 4	 016.tif	 6.579364e+02	 22	 9.512093e+02	 220	 3.588880e+02	 98	 6.589527e+02	 350.00	 333.33	 53.00	 16	 0.22	 
BMI_bf_107	 1	 4	 124.tif	 6.599364e+02	 22	 9.911000e+02	 220	 3.748318e+02	 98	 6.609527e+02	 350.00	 350.00	 37.00	 54	 0.43	 
BMI_bf_107	 1	 4	 116.tif	 6.619363e+02	 11	 1.023042e+03	 1100	 3.911590e+02	 98	 6.629527e+02	 300.00	 350.00	 10.00	 46	 0.74	 
BMI_bf_107	 1	 4	 023.tif	 6.639363e+02	 24	 999000	 240	 999000	 999	 6.649527e+02	 300.00	 350.00	 55.00	 23	 0.19	 
BMI_bf_107	 1	 4	 126.tif	 6.699362e+02	 11	 9.267730e+02	 110	 3.426701e+02	 98	 6.709525e+02	 316.67	 350.00	 21.00	 56	 0.64	 
BMI_bf_107	 1	 4	 026.tif	 6.729361e+02	 24	 999000	 240	 999000	 999	 6.739525e+02	 316.67	 350.00	 41.00	 26	 0.33	 
BMI_bf_107	 1	 4	 014.tif	 6.749361e+02	 12	 999000	 120	 999000	 999	 6.759524e+02	 316.67	 350.00	 14.00	 14	 0.73	 
BMI_bf_107	 1	 4	 118.tif	 6.769361e+02	 12	 999000	 120	 999000	 999	 6.779524e+02	 316.67	 350.00	 6.00	 48	 0.81	 
BMI_bf_107	 1	 4	 128.tif	 6.799361e+02	 12	 999000	 120	 999000	 999	 6.809523e+02	 316.67	 350.00	 28.00	 58	 0.56	 
BMI_bf_107	 1	 4	 130.tif	 6.819360e+02	 12	 999000	 120	 999000	 999	 6.829523e+02	 316.67	 350.00	 4.00	 60	 0.83	 
BMI_bf_107	 1	 4	 119.tif	 6.839359e+02	 22	 9.822644e+02	 220	 3.908109e+02	 98	 6.849523e+02	 316.67	 366.67	 50.00	 49	 0.26	 
BMI_bf_107	 1	 4	 121.tif	 6.859359e+02	 12	 999000	 120	 999000	 999	 6.869523e+02	 316.67	 366.67	 11.00	 51	 0.74	 
BMI_bf_107	 1	 4	 007.tif	 6.889358e+02	 12	 999000	 120	 999000	 999	 6.899522e+02	 316.67	 366.67	 26.00	 7	 0.59	 
BMI_bf_107	 1	 4	 006.tif	 6.909358e+02	 24	 999000	 240	 999000	 999	 6.919522e+02	 316.67	 366.67	 57.00	 6	 0.11	 
BMI_bf_107	 1	 4	 028.tif	 6.929358e+02	 22	 1.005927e+03	 2200	 4.084521e+02	 98	 6.939521e+02	 316.67	 316.67	 39.00	 28	 0.36	 
BMI_bf_107	 1	 4	 112.tif	 6.949357e+02	 24	 999000	 240	 999000	 999	 6.959521e+02	 316.67	 316.67	 32.00	 42	 0.49	 
BMI_bf_107	 1	 4	 109.tif	 6.969357e+02	 12	 999000	 120	 999000	 999	 6.979520e+02	 316.67	 316.67	 2.00	 39	 0.85	 
BMI_bf_107	 1	 4	 001.tif	 7.029356e+02	 24	 999000	 240	 999000	 999	 7.039519e+02	 316.67	 316.67	 46.00	 1	 0.28	 
BMI_bf_107	 1	 4	 105.tif	 7.059355e+02	 24	 999000	 240	 999000	 999	 7.069518e+02	 316.67	 316.67	 60.00	 35	 0.10	 
BMI_bf_107	 1	 4	 104.tif	 7.099354e+02	 12	 999000	 120	 999000	 999	 7.109518e+02	 316.67	 316.67	 19.00	 34	 0.66	 
BMI_bf_107	 1	 4	 123.tif	 7.159353e+02	 12	 999000	 120	 999000	 999	 7.169517e+02	 316.67	 316.67	 9.00	 53	 0.78	 
BMI_bf_107	 1	 4	 117.tif	 7.179353e+02	 22	 1.013010e+03	 2200	 3.599934e+02	 98	 7.189517e+02	 316.67	 266.67	 47.00	 47	 0.28	 
BMI_bf_107	 1	 4	 025.tif	 7.229352e+02	 22	 9.409162e+02	 220	 3.095907e+02	 98	 7.239515e+02	 316.67	 283.33	 42.00	 25	 0.31	 
BMI_bf_107	 1	 4	 108.tif	 7.259352e+02	 12	 999000	 120	 999000	 999	 7.269515e+02	 316.67	 283.33	 23.00	 38	 0.63	 
BMI_bf_107	 1	 4	 114.tif	 7.279351e+02	 11	 1.028740e+03	 1100	 3.589010e+02	 98	 7.289515e+02	 266.67	 283.33	 18.00	 44	 0.68	 
BMI_bf_107	 1	 4	 107.tif	 7.309351e+02	 24	 999000	 240	 999000	 999	 7.319514e+02	 266.67	 283.33	 58.00	 37	 0.11	 
BMI_bf_107	 1	 4	 027.tif	 7.329350e+02	 24	 999000	 240	 999000	 999	 7.339514e+02	 266.67	 283.33	 48.00	 27	 0.27	 
BMI_bf_107	 1	 4	 103.tif	 7.369350e+02	 11	 9.644442e+02	 110	 3.085650e+02	 98	 7.379514e+02	 283.33	 283.33	 20.00	 33	 0.64	 
BMI_bf_107	 1	 4	 019.tif	 7.409349e+02	 24	 999000	 240	 999000	 999	 7.419512e+02	 283.33	 283.33	 54.00	 19	 0.22	 
BMI_bf_107	 1	 4	 115.tif	 7.429348e+02	 11	 9.562186e+02	 110	 3.262798e+02	 98	 7.439512e+02	 300.00	 283.33	 15.00	 45	 0.73	 
BMI_bf_107	 1	 4	 122.tif	 7.499347e+02	 12	 999000	 120	 999000	 999	 7.509510e+02	 300.00	 283.33	 16.00	 52	 0.71	 
BMI_bf_107	 1	 4	 018.tif	 7.519347e+02	 24	 999000	 240	 999000	 999	 7.529510e+02	 300.00	 283.33	 49.00	 18	 0.26	 
BMI_bf_107	 1	 4	 012.tif	 7.549346e+02	 24	 999000	 240	 999000	 999	 7.559509e+02	 300.00	 283.33	 40.00	 12	 0.33	 
BMI_bf_107	 1	 4	 125.tif	 7.589346e+02	 12	 999000	 120	 999000	 999	 7.599509e+02	 300.00	 283.33	 22.00	 55	 0.63	 
BMI_bf_107	 1	 4	 017.tif	 7.629345e+02	 24	 999000	 240	 999000	 999	 7.639508e+02	 300.00	 283.33	 56.00	 17	 0.12	 
BMI_bf_107	 1	 4	 129.tif	 7.669345e+02	 11	 1.003247e+03	 1100	 3.419260e+02	 98	 7.679508e+02	 250.00	 283.33	 25.00	 59	 0.59	 
BMI_bf_107	 1	 4	 110.tif	 7.699344e+02	 11	 9.152608e+02	 110	 2.926789e+02	 98	 7.709507e+02	 266.67	 283.33	 7.00	 40	 0.80	 
BMI_bf_107	 1	 4	 120.tif	 7.719343e+02	 11	 8.832020e+02	 110	 3.091911e+02	 98	 7.729506e+02	 283.33	 283.33	 24.00	 50	 0.63	 
BMI_bf_107	 1	 4	 004.tif	 7.759342e+02	 24	 999000	 240	 999000	 999	 7.769506e+02	 283.33	 283.33	 43.00	 4	 0.31	 
BMI_bf_107	 1	 4	 030.tif	 7.829341e+02	 12	 999000	 120	 999000	 999	 7.839505e+02	 283.33	 283.33	 29.00	 30	 0.56	 
