subjectID	 order	 runNum	 itemName	 onsetTime	 shuff_trialType	 RT	 respInTime	 AudioTime	 response	 fixationTime	 ladder1	 ladder2	 bidIndex	 itemNameIndex	 bidValue	 
BMI_bf_124	 2	 1	 001.tif	 1.102446e+00	 12	 999000	 120	 999000	 999	 2.135198e+00	 750.00	 750.00	 6.00	 1	 0.81	 
BMI_bf_124	 2	 1	 121.tif	 6.085418e+00	 12	 999000	 120	 999000	 999	 7.118449e+00	 750.00	 750.00	 3.00	 51	 0.85	 
BMI_bf_124	 2	 1	 029.tif	 8.085388e+00	 22	 1.092579e+03	 2200	 7.811401e+02	 98	 9.135075e+00	 750.00	 700.00	 41.00	 29	 0.39	 
BMI_bf_124	 2	 1	 002.tif	 1.008536e+01	 24	 4.605367e+02	 24	 999000	 98	 1.111840e+01	 750.00	 700.00	 59.00	 2	 0.10	 
BMI_bf_124	 2	 1	 106.tif	 1.608525e+01	 12	 999000	 120	 999000	 999	 1.711827e+01	 750.00	 700.00	 30.00	 36	 0.51	 
BMI_bf_124	 2	 1	 120.tif	 1.808522e+01	 22	 1.044193e+03	 2200	 7.319144e+02	 98	 1.913497e+01	 750.00	 650.00	 43.00	 50	 0.35	 
BMI_bf_124	 2	 1	 023.tif	 2.108517e+01	 12	 999000	 120	 999000	 999	 2.211820e+01	 750.00	 650.00	 2.00	 23	 0.86	 
BMI_bf_124	 2	 1	 020.tif	 2.308511e+01	 22	 9.880214e+02	 220	 6.819893e+02	 98	 2.413480e+01	 750.00	 666.67	 48.00	 20	 0.26	 
BMI_bf_124	 2	 1	 115.tif	 2.708506e+01	 11	 1.067882e+03	 1100	 7.817981e+02	 98	 2.813478e+01	 700.00	 666.67	 17.00	 45	 0.69	 
BMI_bf_124	 2	 1	 126.tif	 2.908502e+01	 11	 1.035745e+03	 1100	 7.316104e+02	 98	 3.013481e+01	 650.00	 666.67	 22.00	 56	 0.61	 
BMI_bf_124	 2	 1	 107.tif	 3.408492e+01	 24	 2.676534e+02	 24	 999000	 98	 3.511793e+01	 650.00	 666.67	 36.00	 37	 0.42	 
BMI_bf_124	 2	 1	 028.tif	 4.108478e+01	 12	 999000	 120	 999000	 999	 4.211783e+01	 650.00	 666.67	 25.00	 28	 0.56	 
BMI_bf_124	 2	 1	 123.tif	 4.308476e+01	 12	 999000	 120	 999000	 999	 4.411778e+01	 650.00	 666.67	 20.00	 53	 0.66	 
BMI_bf_124	 2	 1	 014.tif	 4.608473e+01	 24	 999000	 240	 999000	 999	 4.711777e+01	 650.00	 666.67	 50.00	 14	 0.23	 
BMI_bf_124	 2	 1	 026.tif	 4.908465e+01	 24	 999000	 240	 999000	 999	 5.011769e+01	 650.00	 666.67	 60.00	 26	 0.01	 
BMI_bf_124	 2	 1	 011.tif	 5.308468e+01	 12	 999000	 120	 999000	 999	 5.411758e+01	 650.00	 666.67	 27.00	 11	 0.54	 
BMI_bf_124	 2	 1	 104.tif	 5.708450e+01	 12	 999000	 120	 999000	 999	 5.811751e+01	 650.00	 666.67	 10.00	 34	 0.76	 
BMI_bf_124	 2	 1	 003.tif	 6.108443e+01	 24	 999000	 240	 999000	 999	 6.211745e+01	 650.00	 666.67	 52.00	 3	 0.21	 
BMI_bf_124	 2	 1	 105.tif	 6.408437e+01	 22	 1.026513e+03	 2200	 6.990671e+02	 98	 6.513405e+01	 650.00	 616.67	 49.00	 35	 0.25	 
BMI_bf_124	 2	 1	 114.tif	 7.008426e+01	 12	 999000	 120	 999000	 999	 7.111729e+01	 650.00	 616.67	 15.00	 44	 0.70	 
BMI_bf_124	 2	 1	 021.tif	 7.208423e+01	 24	 999000	 240	 999000	 999	 7.311724e+01	 650.00	 616.67	 57.00	 21	 0.17	 
BMI_bf_124	 2	 1	 116.tif	 7.508417e+01	 12	 999000	 120	 999000	 999	 7.611722e+01	 650.00	 616.67	 1.00	 46	 0.88	 
BMI_bf_124	 2	 1	 030.tif	 7.708416e+01	 24	 999000	 240	 999000	 999	 7.811715e+01	 650.00	 616.67	 44.00	 30	 0.35	 
BMI_bf_124	 2	 1	 022.tif	 7.908413e+01	 12	 999000	 120	 999000	 999	 8.011711e+01	 650.00	 616.67	 18.00	 22	 0.67	 
BMI_bf_124	 2	 1	 108.tif	 8.108407e+01	 12	 999000	 120	 999000	 999	 8.211707e+01	 650.00	 616.67	 28.00	 38	 0.54	 
BMI_bf_124	 2	 1	 009.tif	 8.408402e+01	 24	 999000	 240	 999000	 999	 8.511705e+01	 650.00	 616.67	 39.00	 9	 0.40	 
BMI_bf_124	 2	 1	 024.tif	 8.808394e+01	 24	 999000	 240	 999000	 999	 8.911692e+01	 650.00	 616.67	 34.00	 24	 0.46	 
BMI_bf_124	 2	 1	 017.tif	 9.008390e+01	 24	 999000	 240	 999000	 999	 9.111697e+01	 650.00	 616.67	 32.00	 17	 0.48	 
BMI_bf_124	 2	 1	 005.tif	 9.208387e+01	 24	 999000	 240	 999000	 999	 9.311687e+01	 650.00	 616.67	 53.00	 5	 0.21	 
BMI_bf_124	 2	 1	 025.tif	 9.408384e+01	 24	 999000	 240	 999000	 999	 9.511686e+01	 650.00	 616.67	 56.00	 25	 0.19	 
BMI_bf_124	 2	 1	 016.tif	 9.608379e+01	 11	 1.025389e+03	 1100	 6.832435e+02	 98	 9.713346e+01	 600.00	 616.67	 8.00	 16	 0.80	 
BMI_bf_124	 2	 1	 006.tif	 9.808376e+01	 22	 9.773888e+02	 220	 6.483119e+02	 98	 9.913342e+01	 600.00	 633.33	 51.00	 6	 0.21	 
BMI_bf_124	 2	 1	 007.tif	 1.020837e+02	 24	 999000	 240	 999000	 999	 1.031167e+02	 600.00	 633.33	 45.00	 7	 0.34	 
BMI_bf_124	 2	 1	 015.tif	 1.060836e+02	 24	 999000	 240	 999000	 999	 1.071167e+02	 600.00	 633.33	 58.00	 15	 0.16	 
BMI_bf_124	 2	 1	 010.tif	 1.080836e+02	 24	 999000	 240	 999000	 999	 1.091166e+02	 600.00	 633.33	 31.00	 10	 0.50	 
BMI_bf_124	 2	 1	 013.tif	 1.100836e+02	 22	 9.849361e+02	 220	 6.663968e+02	 98	 1.111332e+02	 600.00	 650.00	 35.00	 13	 0.45	 
BMI_bf_124	 2	 1	 012.tif	 1.120835e+02	 12	 999000	 120	 999000	 999	 1.131165e+02	 600.00	 650.00	 12.00	 12	 0.76	 
BMI_bf_124	 2	 1	 118.tif	 1.140835e+02	 11	 9.288235e+02	 110	 6.319727e+02	 98	 1.151332e+02	 616.67	 650.00	 9.00	 48	 0.79	 
BMI_bf_124	 2	 1	 112.tif	 1.200833e+02	 11	 9.845869e+02	 110	 6.479787e+02	 98	 1.211497e+02	 633.33	 650.00	 11.00	 42	 0.76	 
BMI_bf_124	 2	 1	 027.tif	 1.220833e+02	 12	 999000	 120	 999000	 999	 1.231164e+02	 633.33	 650.00	 24.00	 27	 0.59	 
BMI_bf_124	 2	 1	 111.tif	 1.240833e+02	 12	 999000	 120	 999000	 999	 1.251163e+02	 633.33	 650.00	 21.00	 41	 0.62	 
BMI_bf_124	 2	 1	 125.tif	 1.260832e+02	 24	 999000	 240	 999000	 999	 1.271163e+02	 633.33	 650.00	 33.00	 55	 0.46	 
BMI_bf_124	 2	 1	 103.tif	 1.290832e+02	 22	 9.602671e+02	 220	 6.809913e+02	 98	 1.301329e+02	 633.33	 666.67	 46.00	 33	 0.31	 
BMI_bf_124	 2	 1	 130.tif	 1.310832e+02	 12	 999000	 120	 999000	 999	 1.321162e+02	 633.33	 666.67	 4.00	 60	 0.81	 
BMI_bf_124	 2	 1	 102.tif	 1.380830e+02	 11	 1.007908e+03	 1100	 6.659941e+02	 98	 1.391327e+02	 583.33	 666.67	 16.00	 32	 0.70	 
BMI_bf_124	 2	 1	 110.tif	 1.400830e+02	 12	 999000	 120	 999000	 999	 1.411160e+02	 583.33	 666.67	 7.00	 40	 0.80	 
BMI_bf_124	 2	 1	 008.tif	 1.440829e+02	 24	 999000	 240	 999000	 999	 1.451159e+02	 583.33	 666.67	 47.00	 8	 0.26	 
BMI_bf_124	 2	 1	 128.tif	 1.480828e+02	 11	 9.195683e+02	 110	 6.152742e+02	 98	 1.491325e+02	 600.00	 666.67	 23.00	 58	 0.60	 
BMI_bf_124	 2	 1	 119.tif	 1.510828e+02	 11	 9.355124e+02	 110	 6.342393e+02	 98	 1.521325e+02	 616.67	 666.67	 14.00	 49	 0.72	 
BMI_bf_124	 2	 1	 101.tif	 1.530827e+02	 22	 9.754131e+02	 220	 6.980345e+02	 98	 1.541325e+02	 616.67	 683.33	 40.00	 31	 0.40	 
BMI_bf_124	 2	 1	 117.tif	 1.570993e+02	 12	 999000	 120	 999000	 999	 1.581324e+02	 616.67	 683.33	 29.00	 47	 0.52	 
BMI_bf_124	 2	 1	 018.tif	 1.590826e+02	 22	 1.023251e+03	 2200	 7.166805e+02	 98	 1.601323e+02	 616.67	 633.33	 54.00	 18	 0.20	 
BMI_bf_124	 2	 1	 109.tif	 1.620826e+02	 22	 9.671054e+02	 220	 6.657714e+02	 98	 1.631322e+02	 616.67	 650.00	 38.00	 39	 0.40	 
BMI_bf_124	 2	 1	 127.tif	 1.660992e+02	 12	 999000	 120	 999000	 999	 1.671322e+02	 616.67	 650.00	 13.00	 57	 0.75	 
BMI_bf_124	 2	 1	 124.tif	 1.680991e+02	 24	 999000	 240	 999000	 999	 1.691322e+02	 616.67	 650.00	 42.00	 54	 0.37	 
BMI_bf_124	 2	 1	 004.tif	 1.730989e+02	 24	 999000	 240	 999000	 999	 1.741321e+02	 616.67	 650.00	 37.00	 4	 0.41	 
BMI_bf_124	 2	 1	 122.tif	 1.750990e+02	 11	 9.340149e+02	 110	 6.495411e+02	 98	 1.761487e+02	 633.33	 650.00	 19.00	 52	 0.66	 
BMI_bf_124	 2	 1	 113.tif	 1.790988e+02	 12	 999000	 120	 999000	 999	 1.801320e+02	 633.33	 650.00	 5.00	 43	 0.81	 
BMI_bf_124	 2	 1	 129.tif	 1.820987e+02	 11	 9.659094e+02	 110	 6.658414e+02	 98	 1.831485e+02	 650.00	 650.00	 26.00	 59	 0.55	 
BMI_bf_124	 2	 1	 019.tif	 1.850987e+02	 24	 999000	 240	 999000	 999	 1.861319e+02	 650.00	 650.00	 55.00	 19	 0.19	 
