subjectID	 order	 runNum	 itemName	 onsetTime	 shuff_trialType	 RT	 respInTime	 AudioTime	 response	 fixationTime	 ladder1	 ladder2	 bidIndex	 itemNameIndex	 bidValue	 
BMI_bf_129	 1	 9	 103.tif	 1.553749e+03	 24	 999000	 240	 999000	 999	 1.554766e+03	 16.67	 150.00	 32.00	 33	 0.49	 
BMI_bf_129	 1	 9	 016.tif	 1.555749e+03	 24	 999000	 240	 999000	 999	 1.556766e+03	 16.67	 150.00	 41.00	 16	 0.38	 
BMI_bf_129	 1	 9	 024.tif	 1.559749e+03	 22	 999000	 2	 1.923158e+02	 999	 1.560766e+03	 16.67	 100.00	 37.00	 24	 0.43	 
BMI_bf_129	 1	 9	 116.tif	 1.562749e+03	 11	 4.209290e+02	 110	 7.651912e+01	 98	 1.563765e+03	 33.33	 100.00	 21.00	 46	 0.61	 
BMI_bf_129	 1	 9	 115.tif	 1.564749e+03	 12	 999000	 120	 999000	 999	 1.565765e+03	 33.33	 100.00	 28.00	 45	 0.54	 
BMI_bf_129	 1	 9	 125.tif	 1.567749e+03	 24	 -1.314988e+03	 24	 999000	 98	 1.568765e+03	 33.33	 100.00	 57.00	 55	 0.12	 
BMI_bf_129	 1	 9	 120.tif	 1.571749e+03	 24	 999000	 240	 999000	 999	 1.572765e+03	 33.33	 100.00	 60.00	 50	 0.06	 
BMI_bf_129	 1	 9	 122.tif	 1.575749e+03	 24	 -1.979246e+03	 24	 999000	 98	 1.576765e+03	 33.33	 100.00	 34.00	 52	 0.46	 
BMI_bf_129	 1	 9	 019.tif	 1.577749e+03	 22	 999000	 2	 1.412384e+02	 999	 1.578765e+03	 33.33	 50.00	 44.00	 19	 0.34	 
BMI_bf_129	 1	 9	 104.tif	 1.582749e+03	 12	 999000	 120	 999000	 999	 1.583765e+03	 33.33	 50.00	 14.00	 34	 0.71	 
BMI_bf_129	 1	 9	 109.tif	 1.584749e+03	 11	 9.881011e+02	 110	 9.859933e+01	 98	 1.585765e+03	 50.00	 50.00	 12.00	 39	 0.73	 
BMI_bf_129	 1	 9	 012.tif	 1.586749e+03	 12	 1.356008e+03	 12	 999000	 98	 1.587765e+03	 50.00	 50.00	 29.00	 12	 0.52	 
BMI_bf_129	 1	 9	 129.tif	 1.592748e+03	 24	 999000	 240	 999000	 999	 1.593765e+03	 50.00	 50.00	 33.00	 59	 0.48	 
BMI_bf_129	 1	 9	 023.tif	 1.594748e+03	 12	 999000	 120	 999000	 999	 1.595765e+03	 50.00	 50.00	 30.00	 23	 0.52	 
BMI_bf_129	 1	 9	 006.tif	 1.596748e+03	 24	 999000	 240	 999000	 999	 1.597765e+03	 50.00	 50.00	 46.00	 6	 0.30	 
BMI_bf_129	 1	 9	 004.tif	 1.598748e+03	 24	 999000	 240	 999000	 999	 1.599765e+03	 50.00	 50.00	 31.00	 4	 0.50	 
BMI_bf_129	 1	 9	 027.tif	 1.602748e+03	 24	 999000	 240	 999000	 999	 1.603765e+03	 50.00	 50.00	 48.00	 27	 0.28	 
BMI_bf_129	 1	 9	 030.tif	 1.606748e+03	 22	 999000	 2	 1.003839e+02	 999	 1.607764e+03	 50.00	 -0.00	 45.00	 30	 0.33	 
BMI_bf_129	 1	 9	 118.tif	 1.609748e+03	 12	 -1.188524e+03	 12	 999000	 98	 1.610764e+03	 50.00	 -0.00	 5.00	 48	 0.84	 
BMI_bf_129	 1	 9	 010.tif	 1.613748e+03	 22	 7.070857e+02	 220	 1.149479e+02	 98	 1.614764e+03	 50.00	 16.67	 36.00	 10	 0.43	 
BMI_bf_129	 1	 9	 007.tif	 1.616748e+03	 24	 999000	 240	 999000	 999	 1.617764e+03	 50.00	 16.67	 49.00	 7	 0.28	 
BMI_bf_129	 1	 9	 022.tif	 1.618748e+03	 22	 7.148787e+02	 220	 9.280972e+01	 98	 1.619764e+03	 50.00	 33.33	 52.00	 22	 0.23	 
BMI_bf_129	 1	 9	 106.tif	 1.622748e+03	 11	 7.387317e+02	 110	 9.454962e+01	 98	 1.623764e+03	 66.67	 33.33	 10.00	 36	 0.75	 
BMI_bf_129	 1	 9	 008.tif	 1.624748e+03	 22	 7.546776e+02	 220	 1.003664e+02	 98	 1.625764e+03	 66.67	 50.00	 47.00	 8	 0.29	 
BMI_bf_129	 1	 9	 128.tif	 1.626748e+03	 11	 7.626101e+02	 110	 1.121500e+02	 98	 1.627764e+03	 83.33	 50.00	 13.00	 58	 0.71	 
BMI_bf_129	 1	 9	 108.tif	 1.630748e+03	 12	 999000	 120	 999000	 999	 1.631764e+03	 83.33	 50.00	 3.00	 38	 0.85	 
BMI_bf_129	 1	 9	 105.tif	 1.632748e+03	 22	 7.863601e+02	 220	 1.091537e+02	 98	 1.633764e+03	 83.33	 66.67	 53.00	 35	 0.18	 
BMI_bf_129	 1	 9	 114.tif	 1.636748e+03	 12	 999000	 120	 999000	 999	 1.637764e+03	 83.33	 66.67	 16.00	 44	 0.67	 
BMI_bf_129	 1	 9	 018.tif	 1.640747e+03	 12	 999000	 120	 999000	 999	 1.641764e+03	 83.33	 66.67	 23.00	 18	 0.58	 
BMI_bf_129	 1	 9	 124.tif	 1.643747e+03	 12	 999000	 120	 999000	 999	 1.644764e+03	 83.33	 66.67	 1.00	 54	 0.99	 
BMI_bf_129	 1	 9	 025.tif	 1.649747e+03	 11	 8.737108e+02	 110	 1.248605e+02	 98	 1.650764e+03	 100.00	 66.67	 24.00	 25	 0.58	 
BMI_bf_129	 1	 9	 107.tif	 1.651747e+03	 24	 999000	 240	 999000	 999	 1.652764e+03	 100.00	 66.67	 59.00	 37	 0.09	 
BMI_bf_129	 1	 9	 013.tif	 1.655747e+03	 11	 1.185528e+03	 1100	 1.414877e+02	 98	 1.656764e+03	 50.00	 66.67	 25.00	 13	 0.57	 
BMI_bf_129	 1	 9	 112.tif	 1.657747e+03	 24	 999000	 240	 999000	 999	 1.658763e+03	 50.00	 66.67	 51.00	 42	 0.25	 
BMI_bf_129	 1	 9	 127.tif	 1.659747e+03	 12	 999000	 120	 999000	 999	 1.660763e+03	 50.00	 66.67	 4.00	 57	 0.85	 
BMI_bf_129	 1	 9	 003.tif	 1.661747e+03	 24	 999000	 240	 999000	 999	 1.662763e+03	 50.00	 66.67	 35.00	 3	 0.44	 
BMI_bf_129	 1	 9	 005.tif	 1.666747e+03	 24	 999000	 240	 999000	 999	 1.667763e+03	 50.00	 66.67	 56.00	 5	 0.13	 
BMI_bf_129	 1	 9	 015.tif	 1.668747e+03	 22	 9.451092e+02	 220	 1.120093e+02	 98	 1.669763e+03	 50.00	 83.33	 42.00	 15	 0.38	 
BMI_bf_129	 1	 9	 101.tif	 1.670747e+03	 12	 999000	 120	 999000	 999	 1.671763e+03	 50.00	 83.33	 9.00	 31	 0.75	 
BMI_bf_129	 1	 9	 026.tif	 1.673747e+03	 12	 999000	 120	 999000	 999	 1.674763e+03	 50.00	 83.33	 8.00	 26	 0.75	 
BMI_bf_129	 1	 9	 130.tif	 1.676747e+03	 12	 999000	 120	 999000	 999	 1.677763e+03	 50.00	 83.33	 11.00	 60	 0.74	 
BMI_bf_129	 1	 9	 121.tif	 1.680747e+03	 12	 999000	 120	 999000	 999	 1.681763e+03	 50.00	 83.33	 22.00	 51	 0.59	 
BMI_bf_129	 1	 9	 029.tif	 1.682747e+03	 11	 9.605570e+02	 110	 9.537550e+01	 98	 1.683763e+03	 66.67	 83.33	 20.00	 29	 0.61	 
BMI_bf_129	 1	 9	 110.tif	 1.684746e+03	 24	 999000	 240	 999000	 999	 1.685763e+03	 66.67	 83.33	 40.00	 40	 0.41	 
BMI_bf_129	 1	 9	 126.tif	 1.687746e+03	 11	 8.883949e+02	 110	 1.095932e+02	 98	 1.688763e+03	 83.33	 83.33	 18.00	 56	 0.65	 
BMI_bf_129	 1	 9	 009.tif	 1.690746e+03	 12	 999000	 120	 999000	 999	 1.691763e+03	 83.33	 83.33	 27.00	 9	 0.55	 
BMI_bf_129	 1	 9	 102.tif	 1.692746e+03	 12	 999000	 120	 999000	 999	 1.693763e+03	 83.33	 83.33	 6.00	 32	 0.83	 
BMI_bf_129	 1	 9	 020.tif	 1.694746e+03	 12	 999000	 120	 999000	 999	 1.695763e+03	 83.33	 83.33	 2.00	 20	 0.95	 
BMI_bf_129	 1	 9	 014.tif	 1.696746e+03	 12	 999000	 120	 999000	 999	 1.697763e+03	 83.33	 83.33	 19.00	 14	 0.64	 
BMI_bf_129	 1	 9	 001.tif	 1.701746e+03	 24	 999000	 240	 999000	 999	 1.702762e+03	 83.33	 83.33	 55.00	 1	 0.16	 
BMI_bf_129	 1	 9	 011.tif	 1.703746e+03	 24	 999000	 240	 999000	 999	 1.704762e+03	 83.33	 83.33	 43.00	 11	 0.37	 
BMI_bf_129	 1	 9	 002.tif	 1.705763e+03	 11	 7.991063e+02	 110	 1.258346e+02	 98	 1.706779e+03	 100.00	 83.33	 15.00	 2	 0.69	 
BMI_bf_129	 1	 9	 111.tif	 1.707746e+03	 22	 7.997245e+02	 220	 1.250091e+02	 98	 1.708762e+03	 100.00	 100.00	 39.00	 41	 0.41	 
BMI_bf_129	 1	 9	 028.tif	 1.714763e+03	 22	 7.908122e+02	 220	 1.432312e+02	 98	 1.715779e+03	 100.00	 116.67	 50.00	 28	 0.28	 
BMI_bf_129	 1	 9	 123.tif	 1.716746e+03	 12	 999000	 120	 999000	 999	 1.717762e+03	 100.00	 116.67	 17.00	 53	 0.65	 
BMI_bf_129	 1	 9	 021.tif	 1.723762e+03	 24	 999000	 240	 999000	 999	 1.724779e+03	 100.00	 116.67	 38.00	 21	 0.42	 
BMI_bf_129	 1	 9	 017.tif	 1.726762e+03	 24	 999000	 240	 999000	 999	 1.727779e+03	 100.00	 116.67	 58.00	 17	 0.10	 
BMI_bf_129	 1	 9	 113.tif	 1.729762e+03	 11	 7.423075e+02	 110	 1.440933e+02	 98	 1.730779e+03	 116.67	 116.67	 7.00	 43	 0.81	 
BMI_bf_129	 1	 9	 117.tif	 1.735762e+03	 24	 999000	 240	 999000	 999	 1.736778e+03	 116.67	 116.67	 54.00	 47	 0.17	 
BMI_bf_129	 1	 9	 119.tif	 1.737762e+03	 12	 999000	 120	 999000	 999	 1.738778e+03	 116.67	 116.67	 26.00	 49	 0.55	 
