subjectID	 order	 runNum	 itemName	 onsetTime	 shuff_trialType	 RT	 respInTime	 AudioTime	 response	 fixationTime	 ladder1	 ladder2	 bidIndex	 itemNameIndex	 bidValue	 
BMI_bf_124	 2	 3	 110.tif	 3.915947e+02	 12	 999000	 120	 999000	 999	 3.926281e+02	 683.33	 683.33	 7.00	 40	 0.80	 
BMI_bf_124	 2	 3	 124.tif	 3.945950e+02	 24	 999000	 240	 999000	 999	 3.956280e+02	 683.33	 683.33	 42.00	 54	 0.37	 
BMI_bf_124	 2	 3	 116.tif	 3.965950e+02	 12	 999000	 120	 999000	 999	 3.976280e+02	 683.33	 683.33	 1.00	 46	 0.88	 
BMI_bf_124	 2	 3	 104.tif	 3.985948e+02	 12	 999000	 120	 999000	 999	 3.996280e+02	 683.33	 683.33	 10.00	 34	 0.76	 
BMI_bf_124	 2	 3	 125.tif	 4.005949e+02	 24	 999000	 240	 999000	 999	 4.016279e+02	 683.33	 683.33	 33.00	 55	 0.46	 
BMI_bf_124	 2	 3	 127.tif	 4.035949e+02	 12	 999000	 120	 999000	 999	 4.046279e+02	 683.33	 683.33	 13.00	 57	 0.75	 
BMI_bf_124	 2	 3	 121.tif	 4.055948e+02	 12	 999000	 120	 999000	 999	 4.066278e+02	 683.33	 683.33	 3.00	 51	 0.85	 
BMI_bf_124	 2	 3	 025.tif	 4.095947e+02	 24	 999000	 240	 999000	 999	 4.106278e+02	 683.33	 683.33	 56.00	 25	 0.19	 
BMI_bf_124	 2	 3	 018.tif	 4.115947e+02	 22	 9.776635e+02	 220	 7.174312e+02	 98	 4.126444e+02	 683.33	 700.00	 54.00	 18	 0.20	 
BMI_bf_124	 2	 3	 021.tif	 4.165946e+02	 24	 999000	 240	 999000	 999	 4.176277e+02	 683.33	 700.00	 57.00	 21	 0.17	 
BMI_bf_124	 2	 3	 006.tif	 4.185946e+02	 22	 9.693678e+02	 220	 7.321800e+02	 98	 4.196442e+02	 683.33	 716.67	 51.00	 6	 0.21	 
BMI_bf_124	 2	 3	 129.tif	 4.225945e+02	 11	 9.292084e+02	 110	 7.165317e+02	 98	 4.236442e+02	 700.00	 716.67	 26.00	 59	 0.55	 
BMI_bf_124	 2	 3	 023.tif	 4.245944e+02	 12	 999000	 120	 999000	 999	 4.256275e+02	 700.00	 716.67	 2.00	 23	 0.86	 
BMI_bf_124	 2	 3	 027.tif	 4.275944e+02	 12	 999000	 120	 999000	 999	 4.286274e+02	 700.00	 716.67	 24.00	 27	 0.59	 
BMI_bf_124	 2	 3	 017.tif	 4.325943e+02	 24	 999000	 240	 999000	 999	 4.336273e+02	 700.00	 716.67	 32.00	 17	 0.48	 
BMI_bf_124	 2	 3	 019.tif	 4.345942e+02	 24	 999000	 240	 999000	 999	 4.356273e+02	 700.00	 716.67	 55.00	 19	 0.19	 
BMI_bf_124	 2	 3	 114.tif	 4.365942e+02	 12	 999000	 120	 999000	 999	 4.376272e+02	 700.00	 716.67	 15.00	 44	 0.70	 
BMI_bf_124	 2	 3	 106.tif	 4.405942e+02	 12	 999000	 120	 999000	 999	 4.416272e+02	 700.00	 716.67	 30.00	 36	 0.51	 
BMI_bf_124	 2	 3	 009.tif	 4.445940e+02	 24	 999000	 240	 999000	 999	 4.456271e+02	 700.00	 716.67	 39.00	 9	 0.40	 
BMI_bf_124	 2	 3	 026.tif	 4.485940e+02	 24	 999000	 240	 999000	 999	 4.496270e+02	 700.00	 716.67	 60.00	 26	 0.01	 
BMI_bf_124	 2	 3	 001.tif	 4.505940e+02	 12	 999000	 120	 999000	 999	 4.516270e+02	 700.00	 716.67	 6.00	 1	 0.81	 
BMI_bf_124	 2	 3	 118.tif	 4.525939e+02	 11	 9.682135e+02	 110	 7.320885e+02	 98	 4.536436e+02	 716.67	 716.67	 9.00	 48	 0.79	 
BMI_bf_124	 2	 3	 112.tif	 4.545939e+02	 11	 1.016060e+03	 1100	 7.483834e+02	 98	 4.556436e+02	 666.67	 716.67	 11.00	 42	 0.76	 
BMI_bf_124	 2	 3	 024.tif	 4.565938e+02	 24	 999000	 240	 999000	 999	 4.576269e+02	 666.67	 716.67	 34.00	 24	 0.46	 
BMI_bf_124	 2	 3	 117.tif	 4.625938e+02	 12	 999000	 120	 999000	 999	 4.636268e+02	 666.67	 716.67	 29.00	 47	 0.52	 
BMI_bf_124	 2	 3	 105.tif	 4.655937e+02	 22	 9.837359e+02	 220	 7.490061e+02	 98	 4.666434e+02	 666.67	 733.33	 49.00	 35	 0.25	 
BMI_bf_124	 2	 3	 016.tif	 4.675936e+02	 11	 9.436825e+02	 110	 6.993889e+02	 98	 4.686600e+02	 683.33	 733.33	 8.00	 16	 0.80	 
BMI_bf_124	 2	 3	 122.tif	 4.695936e+02	 11	 9.596003e+02	 110	 7.146194e+02	 98	 4.706434e+02	 700.00	 733.33	 19.00	 52	 0.66	 
BMI_bf_124	 2	 3	 022.tif	 4.725935e+02	 12	 999000	 120	 999000	 999	 4.736266e+02	 700.00	 733.33	 18.00	 22	 0.67	 
BMI_bf_124	 2	 3	 126.tif	 4.745935e+02	 11	 7.674351e+02	 110	 7.335634e+02	 98	 4.756432e+02	 716.67	 733.33	 22.00	 56	 0.61	 
BMI_bf_124	 2	 3	 015.tif	 4.765933e+02	 24	 999000	 240	 999000	 999	 4.776265e+02	 716.67	 733.33	 58.00	 15	 0.16	 
BMI_bf_124	 2	 3	 020.tif	 4.785934e+02	 22	 9.992937e+02	 220	 7.666397e+02	 98	 4.796432e+02	 716.67	 750.00	 48.00	 20	 0.26	 
BMI_bf_124	 2	 3	 012.tif	 4.815934e+02	 12	 999000	 120	 999000	 999	 4.826264e+02	 716.67	 750.00	 12.00	 12	 0.76	 
BMI_bf_124	 2	 3	 008.tif	 4.835934e+02	 24	 999000	 240	 999000	 999	 4.846264e+02	 716.67	 750.00	 47.00	 8	 0.26	 
BMI_bf_124	 2	 3	 120.tif	 4.855933e+02	 22	 9.830078e+02	 220	 7.829844e+02	 98	 4.866430e+02	 716.67	 766.67	 43.00	 50	 0.35	 
BMI_bf_124	 2	 3	 130.tif	 4.875933e+02	 12	 999000	 120	 999000	 999	 4.886263e+02	 716.67	 766.67	 4.00	 60	 0.81	 
BMI_bf_124	 2	 3	 103.tif	 4.895932e+02	 22	 9.188746e+02	 220	 7.990318e+02	 98	 4.906429e+02	 716.67	 783.33	 46.00	 33	 0.31	 
BMI_bf_124	 2	 3	 109.tif	 4.955931e+02	 22	 1.054688e+03	 2200	 8.153952e+02	 98	 4.966429e+02	 716.67	 733.33	 38.00	 39	 0.40	 
BMI_bf_124	 2	 3	 115.tif	 4.985931e+02	 11	 8.785863e+02	 110	 7.489234e+02	 98	 4.996427e+02	 733.33	 733.33	 17.00	 45	 0.69	 
BMI_bf_124	 2	 3	 004.tif	 5.025930e+02	 24	 999000	 240	 999000	 999	 5.036260e+02	 733.33	 733.33	 37.00	 4	 0.41	 
BMI_bf_124	 2	 3	 102.tif	 5.085929e+02	 11	 1.014156e+03	 1100	 7.657148e+02	 98	 5.096426e+02	 683.33	 733.33	 16.00	 32	 0.70	 
BMI_bf_124	 2	 3	 028.tif	 5.105929e+02	 12	 999000	 120	 999000	 999	 5.116260e+02	 683.33	 733.33	 25.00	 28	 0.56	 
BMI_bf_124	 2	 3	 002.tif	 5.155928e+02	 24	 999000	 240	 999000	 999	 5.166258e+02	 683.33	 733.33	 59.00	 2	 0.10	 
BMI_bf_124	 2	 3	 111.tif	 5.185927e+02	 12	 999000	 120	 999000	 999	 5.196257e+02	 683.33	 733.33	 21.00	 41	 0.62	 
BMI_bf_124	 2	 3	 013.tif	 5.205927e+02	 22	 1.005741e+03	 2200	 7.656989e+02	 98	 5.216424e+02	 683.33	 683.33	 35.00	 13	 0.45	 
BMI_bf_124	 2	 3	 014.tif	 5.235926e+02	 24	 999000	 240	 999000	 999	 5.246257e+02	 683.33	 683.33	 50.00	 14	 0.23	 
BMI_bf_124	 2	 3	 123.tif	 5.255926e+02	 12	 1.021571e+03	 12	 999000	 98	 5.266256e+02	 683.33	 683.33	 20.00	 53	 0.66	 
BMI_bf_124	 2	 3	 029.tif	 5.295925e+02	 22	 9.654606e+02	 220	 7.155676e+02	 98	 5.306422e+02	 683.33	 700.00	 41.00	 29	 0.39	 
BMI_bf_124	 2	 3	 107.tif	 5.335924e+02	 24	 999000	 240	 999000	 999	 5.346255e+02	 683.33	 700.00	 36.00	 37	 0.42	 
BMI_bf_124	 2	 3	 030.tif	 5.355924e+02	 24	 999000	 240	 999000	 999	 5.366255e+02	 683.33	 700.00	 44.00	 30	 0.35	 
BMI_bf_124	 2	 3	 108.tif	 5.425923e+02	 12	 999000	 120	 999000	 999	 5.436253e+02	 683.33	 700.00	 28.00	 38	 0.54	 
BMI_bf_124	 2	 3	 005.tif	 5.445922e+02	 24	 999000	 240	 999000	 999	 5.456252e+02	 683.33	 700.00	 53.00	 5	 0.21	 
BMI_bf_124	 2	 3	 101.tif	 5.475922e+02	 22	 1.044780e+03	 2200	 7.331423e+02	 98	 5.486419e+02	 683.33	 650.00	 40.00	 31	 0.40	 
BMI_bf_124	 2	 3	 007.tif	 5.515921e+02	 24	 999000	 240	 999000	 999	 5.526251e+02	 683.33	 650.00	 45.00	 7	 0.34	 
BMI_bf_124	 2	 3	 119.tif	 5.555921e+02	 11	 9.405434e+02	 110	 7.153297e+02	 98	 5.566417e+02	 700.00	 650.00	 14.00	 49	 0.72	 
BMI_bf_124	 2	 3	 011.tif	 5.595920e+02	 12	 999000	 120	 999000	 999	 5.606250e+02	 700.00	 650.00	 27.00	 11	 0.54	 
BMI_bf_124	 2	 3	 010.tif	 5.625919e+02	 24	 2.523477e+02	 24	 999000	 98	 5.636249e+02	 700.00	 650.00	 31.00	 10	 0.50	 
BMI_bf_124	 2	 3	 003.tif	 5.645919e+02	 24	 999000	 240	 999000	 999	 5.656249e+02	 700.00	 650.00	 52.00	 3	 0.21	 
BMI_bf_124	 2	 3	 113.tif	 5.685918e+02	 12	 999000	 120	 999000	 999	 5.696248e+02	 700.00	 650.00	 5.00	 43	 0.81	 
BMI_bf_124	 2	 3	 128.tif	 5.755917e+02	 11	 1.035798e+03	 1100	 7.317169e+02	 98	 5.766413e+02	 650.00	 650.00	 23.00	 58	 0.60	 
