subjectID	 order	 runNum	 itemName	 onsetTime	 shuff_trialType	 RT	 respInTime	 AudioTime	 response	 fixationTime	 ladder1	 ladder2	 bidIndex	 itemNameIndex	 bidValue	 
BMI_bf_123	 1	 4	 105.tif	 5.937446e+02	 12	 999000	 120	 999000	 999	 5.947780e+02	 583.33	 650.00	 4.00	 35	 0.83	 
BMI_bf_123	 1	 4	 005.tif	 5.987448e+02	 24	 999000	 240	 999000	 999	 5.997779e+02	 583.33	 650.00	 55.00	 5	 0.16	 
BMI_bf_123	 1	 4	 017.tif	 6.007448e+02	 12	 999000	 120	 999000	 999	 6.017778e+02	 583.33	 650.00	 16.00	 17	 0.67	 
BMI_bf_123	 1	 4	 023.tif	 6.027447e+02	 24	 999000	 240	 999000	 999	 6.037778e+02	 583.33	 650.00	 58.00	 23	 0.13	 
BMI_bf_123	 1	 4	 128.tif	 6.087446e+02	 11	 9.320917e+02	 110	 6.149721e+02	 98	 6.097942e+02	 600.00	 650.00	 24.00	 58	 0.58	 
BMI_bf_123	 1	 4	 101.tif	 6.107445e+02	 24	 999000	 240	 999000	 999	 6.117775e+02	 600.00	 650.00	 48.00	 31	 0.29	 
BMI_bf_123	 1	 4	 114.tif	 6.137444e+02	 12	 999000	 120	 999000	 999	 6.147774e+02	 600.00	 650.00	 14.00	 44	 0.70	 
BMI_bf_123	 1	 4	 029.tif	 6.157444e+02	 24	 999000	 240	 999000	 999	 6.167774e+02	 600.00	 650.00	 51.00	 29	 0.22	 
BMI_bf_123	 1	 4	 124.tif	 6.197442e+02	 24	 999000	 240	 999000	 999	 6.207772e+02	 600.00	 650.00	 57.00	 54	 0.14	 
BMI_bf_123	 1	 4	 112.tif	 6.217442e+02	 24	 999000	 240	 999000	 999	 6.227772e+02	 600.00	 650.00	 35.00	 42	 0.49	 
BMI_bf_123	 1	 4	 001.tif	 6.267440e+02	 12	 999000	 120	 999000	 999	 6.277770e+02	 600.00	 650.00	 28.00	 1	 0.55	 
BMI_bf_123	 1	 4	 019.tif	 6.337439e+02	 12	 999000	 120	 999000	 999	 6.347769e+02	 600.00	 650.00	 6.00	 19	 0.80	 
BMI_bf_123	 1	 4	 027.tif	 6.357438e+02	 12	 999000	 120	 999000	 999	 6.367769e+02	 600.00	 650.00	 11.00	 27	 0.72	 
BMI_bf_123	 1	 4	 028.tif	 6.387437e+02	 24	 999000	 240	 999000	 999	 6.397768e+02	 600.00	 650.00	 43.00	 28	 0.36	 
BMI_bf_123	 1	 4	 117.tif	 6.417437e+02	 22	 1.090964e+03	 2200	 6.836429e+02	 98	 6.427934e+02	 600.00	 600.00	 39.00	 47	 0.41	 
BMI_bf_123	 1	 4	 123.tif	 6.457436e+02	 24	 999000	 240	 999000	 999	 6.467766e+02	 600.00	 600.00	 40.00	 53	 0.40	 
BMI_bf_123	 1	 4	 115.tif	 6.497435e+02	 11	 9.626775e+02	 110	 6.332307e+02	 98	 6.507931e+02	 616.67	 600.00	 12.00	 45	 0.72	 
BMI_bf_123	 1	 4	 110.tif	 6.537433e+02	 24	 999000	 240	 999000	 999	 6.547763e+02	 616.67	 600.00	 33.00	 40	 0.50	 
BMI_bf_123	 1	 4	 116.tif	 6.567433e+02	 24	 999000	 240	 999000	 999	 6.577762e+02	 616.67	 600.00	 46.00	 46	 0.34	 
BMI_bf_123	 1	 4	 003.tif	 6.627431e+02	 12	 999000	 120	 999000	 999	 6.637761e+02	 616.67	 600.00	 30.00	 3	 0.52	 
BMI_bf_123	 1	 4	 107.tif	 6.647431e+02	 24	 999000	 240	 999000	 999	 6.657760e+02	 616.67	 600.00	 41.00	 37	 0.40	 
BMI_bf_123	 1	 4	 018.tif	 6.677430e+02	 11	 9.220348e+02	 110	 6.503987e+02	 98	 6.687926e+02	 633.33	 600.00	 10.00	 18	 0.73	 
BMI_bf_123	 1	 4	 026.tif	 6.697429e+02	 12	 999000	 120	 999000	 999	 6.707759e+02	 633.33	 600.00	 29.00	 26	 0.52	 
BMI_bf_123	 1	 4	 126.tif	 6.717429e+02	 12	 999000	 120	 999000	 999	 6.727758e+02	 633.33	 600.00	 19.00	 56	 0.61	 
BMI_bf_123	 1	 4	 119.tif	 6.737427e+02	 22	 9.938467e+02	 220	 6.316119e+02	 98	 6.747925e+02	 633.33	 616.67	 52.00	 49	 0.20	 
BMI_bf_123	 1	 4	 012.tif	 6.767427e+02	 11	 1.065727e+03	 1100	 6.689522e+02	 98	 6.777925e+02	 583.33	 616.67	 20.00	 12	 0.61	 
BMI_bf_123	 1	 4	 015.tif	 6.807426e+02	 12	 999000	 120	 999000	 999	 6.817756e+02	 583.33	 616.67	 3.00	 15	 0.88	 
BMI_bf_123	 1	 4	 102.tif	 6.827426e+02	 24	 999000	 240	 999000	 999	 6.837755e+02	 583.33	 616.67	 56.00	 32	 0.14	 
BMI_bf_123	 1	 4	 104.tif	 6.847425e+02	 24	 999000	 240	 999000	 999	 6.857755e+02	 583.33	 616.67	 31.00	 34	 0.52	 
BMI_bf_123	 1	 4	 129.tif	 6.867424e+02	 24	 999000	 240	 999000	 999	 6.877755e+02	 583.33	 616.67	 49.00	 59	 0.25	 
BMI_bf_123	 1	 4	 009.tif	 6.887424e+02	 12	 999000	 120	 999000	 999	 6.897754e+02	 583.33	 616.67	 22.00	 9	 0.58	 
BMI_bf_123	 1	 4	 108.tif	 6.907423e+02	 12	 999000	 120	 999000	 999	 6.917754e+02	 583.33	 616.67	 9.00	 38	 0.75	 
BMI_bf_123	 1	 4	 016.tif	 6.947422e+02	 22	 1.089092e+03	 2200	 6.485097e+02	 98	 6.957919e+02	 583.33	 566.67	 53.00	 16	 0.20	 
BMI_bf_123	 1	 4	 006.tif	 6.987421e+02	 24	 999000	 240	 999000	 999	 6.997751e+02	 583.33	 566.67	 59.00	 6	 0.12	 
BMI_bf_123	 1	 4	 020.tif	 7.007421e+02	 12	 999000	 120	 999000	 999	 7.017750e+02	 583.33	 566.67	 2.00	 20	 0.91	 
BMI_bf_123	 1	 4	 010.tif	 7.027420e+02	 11	 1.000777e+03	 1100	 6.164956e+02	 98	 7.037917e+02	 533.33	 566.67	 15.00	 10	 0.69	 
BMI_bf_123	 1	 4	 127.tif	 7.047419e+02	 12	 999000	 120	 999000	 999	 7.057750e+02	 533.33	 566.67	 5.00	 57	 0.80	 
BMI_bf_123	 1	 4	 008.tif	 7.067419e+02	 22	 8.966908e+02	 220	 5.984151e+02	 98	 7.077916e+02	 533.33	 583.33	 45.00	 8	 0.35	 
BMI_bf_123	 1	 4	 125.tif	 7.127417e+02	 12	 999000	 120	 999000	 999	 7.137747e+02	 533.33	 583.33	 26.00	 55	 0.57	 
BMI_bf_123	 1	 4	 004.tif	 7.147417e+02	 22	 1.024362e+03	 2200	 6.149878e+02	 98	 7.157914e+02	 533.33	 533.33	 36.00	 4	 0.49	 
BMI_bf_123	 1	 4	 109.tif	 7.167416e+02	 24	 999000	 240	 999000	 999	 7.177746e+02	 533.33	 533.33	 60.00	 39	 0.05	 
BMI_bf_123	 1	 4	 111.tif	 7.187416e+02	 12	 999000	 120	 999000	 999	 7.197746e+02	 533.33	 533.33	 8.00	 41	 0.76	 
BMI_bf_123	 1	 4	 030.tif	 7.217415e+02	 12	 999000	 120	 999000	 999	 7.227745e+02	 533.33	 533.33	 17.00	 30	 0.63	 
BMI_bf_123	 1	 4	 024.tif	 7.237414e+02	 22	 8.961103e+02	 220	 5.665733e+02	 98	 7.247911e+02	 533.33	 550.00	 37.00	 24	 0.46	 
BMI_bf_123	 1	 4	 120.tif	 7.307413e+02	 11	 9.358085e+02	 110	 5.669748e+02	 98	 7.317910e+02	 550.00	 550.00	 25.00	 50	 0.57	 
BMI_bf_123	 1	 4	 106.tif	 7.327412e+02	 24	 999000	 240	 999000	 999	 7.337742e+02	 550.00	 550.00	 32.00	 36	 0.51	 
BMI_bf_123	 1	 4	 122.tif	 7.367411e+02	 11	 9.836256e+02	 110	 5.838681e+02	 98	 7.377908e+02	 566.67	 550.00	 18.00	 52	 0.63	 
BMI_bf_123	 1	 4	 121.tif	 7.407410e+02	 12	 999000	 120	 999000	 999	 7.417741e+02	 566.67	 550.00	 1.00	 51	 0.92	 
BMI_bf_123	 1	 4	 014.tif	 7.437409e+02	 12	 999000	 120	 999000	 999	 7.447739e+02	 566.67	 550.00	 27.00	 14	 0.57	 
BMI_bf_123	 1	 4	 002.tif	 7.457409e+02	 11	 1.039298e+03	 1100	 5.987876e+02	 98	 7.467905e+02	 516.67	 550.00	 7.00	 2	 0.77	 
BMI_bf_123	 1	 4	 025.tif	 7.497408e+02	 22	 9.272020e+02	 220	 5.827696e+02	 98	 7.507904e+02	 516.67	 566.67	 47.00	 25	 0.29	 
BMI_bf_123	 1	 4	 007.tif	 7.517407e+02	 24	 999000	 240	 999000	 999	 7.527737e+02	 516.67	 566.67	 54.00	 7	 0.18	 
BMI_bf_123	 1	 4	 118.tif	 7.547406e+02	 22	 9.429908e+02	 220	 6.000451e+02	 98	 7.557903e+02	 516.67	 583.33	 44.00	 48	 0.35	 
BMI_bf_123	 1	 4	 130.tif	 7.587405e+02	 24	 999000	 240	 999000	 999	 7.597735e+02	 516.67	 583.33	 38.00	 60	 0.45	 
BMI_bf_123	 1	 4	 022.tif	 7.607569e+02	 11	 8.942086e+02	 110	 5.487328e+02	 98	 7.618068e+02	 533.33	 583.33	 13.00	 22	 0.71	 
BMI_bf_123	 1	 4	 103.tif	 7.657570e+02	 22	 9.738926e+02	 220	 6.159308e+02	 98	 7.668067e+02	 533.33	 600.00	 50.00	 33	 0.25	 
BMI_bf_123	 1	 4	 013.tif	 7.677569e+02	 12	 999000	 120	 999000	 999	 7.687899e+02	 533.33	 600.00	 23.00	 13	 0.58	 
BMI_bf_123	 1	 4	 021.tif	 7.717568e+02	 22	 1.021631e+03	 2200	 6.324595e+02	 98	 7.728065e+02	 533.33	 550.00	 42.00	 21	 0.37	 
BMI_bf_123	 1	 4	 113.tif	 7.747567e+02	 24	 999000	 240	 999000	 999	 7.757897e+02	 533.33	 550.00	 34.00	 43	 0.49	 
BMI_bf_123	 1	 4	 011.tif	 7.777567e+02	 11	 8.694910e+02	 110	 5.664478e+02	 98	 7.788063e+02	 550.00	 550.00	 21.00	 11	 0.59	 
