subjectID	 order	 runNum	 itemName	 onsetTime	 shuff_trialType	 RT	 respInTime	 AudioTime	 response	 fixationTime	 ladder1	 ladder2	 bidIndex	 itemNameIndex	 bidValue	 
BMI_bf_126	 2	 2	 010.tif	 1.887084e+02	 12	 999000	 120	 999000	 999	 1.897251e+02	 450.00	 383.33	 13.00	 10	 0.69	 
BMI_bf_126	 2	 2	 121.tif	 1.907087e+02	 12	 999000	 120	 999000	 999	 1.917250e+02	 450.00	 383.33	 30.00	 51	 0.53	 
BMI_bf_126	 2	 2	 116.tif	 1.947086e+02	 24	 999000	 240	 999000	 999	 1.957249e+02	 450.00	 383.33	 53.00	 46	 0.23	 
BMI_bf_126	 2	 2	 110.tif	 1.977085e+02	 11	 9.783901e+02	 110	 4.919564e+02	 98	 1.987249e+02	 466.67	 383.33	 23.00	 40	 0.65	 
BMI_bf_126	 2	 2	 028.tif	 1.997085e+02	 12	 999000	 120	 999000	 999	 2.007248e+02	 466.67	 383.33	 21.00	 28	 0.65	 
BMI_bf_126	 2	 2	 025.tif	 2.027084e+02	 22	 9.382036e+02	 220	 4.270757e+02	 98	 2.037248e+02	 466.67	 400.00	 54.00	 25	 0.23	 
BMI_bf_126	 2	 2	 112.tif	 2.067083e+02	 24	 999000	 240	 999000	 999	 2.077247e+02	 466.67	 400.00	 57.00	 42	 0.20	 
BMI_bf_126	 2	 2	 105.tif	 2.107082e+02	 24	 999000	 240	 999000	 999	 2.117246e+02	 466.67	 400.00	 55.00	 35	 0.21	 
BMI_bf_126	 2	 2	 101.tif	 2.127082e+02	 12	 999000	 120	 999000	 999	 2.137245e+02	 466.67	 400.00	 18.00	 31	 0.67	 
BMI_bf_126	 2	 2	 120.tif	 2.177081e+02	 24	 999000	 240	 999000	 999	 2.187245e+02	 466.67	 400.00	 45.00	 50	 0.34	 
BMI_bf_126	 2	 2	 020.tif	 2.197080e+02	 12	 999000	 120	 999000	 999	 2.207244e+02	 466.67	 400.00	 12.00	 20	 0.70	 
BMI_bf_126	 2	 2	 124.tif	 2.217080e+02	 12	 999000	 120	 999000	 999	 2.227244e+02	 466.67	 400.00	 3.00	 54	 0.85	 
BMI_bf_126	 2	 2	 125.tif	 2.277079e+02	 24	 999000	 240	 999000	 999	 2.287242e+02	 466.67	 400.00	 34.00	 55	 0.45	 
BMI_bf_126	 2	 2	 011.tif	 2.297078e+02	 11	 1.089323e+03	 1100	 5.094620e+02	 98	 2.307242e+02	 416.67	 400.00	 17.00	 11	 0.67	 
BMI_bf_126	 2	 2	 030.tif	 2.317078e+02	 11	 9.852308e+02	 110	 4.590194e+02	 98	 2.327241e+02	 433.33	 400.00	 26.00	 30	 0.62	 
BMI_bf_126	 2	 2	 017.tif	 2.337075e+02	 24	 999000	 240	 999000	 999	 2.347241e+02	 433.33	 400.00	 33.00	 17	 0.48	 
BMI_bf_126	 2	 2	 002.tif	 2.377076e+02	 12	 999000	 120	 999000	 999	 2.387240e+02	 433.33	 400.00	 15.00	 2	 0.68	 
BMI_bf_126	 2	 2	 104.tif	 2.417076e+02	 12	 999000	 120	 999000	 999	 2.427240e+02	 433.33	 400.00	 2.00	 34	 0.87	 
BMI_bf_126	 2	 2	 018.tif	 2.447075e+02	 22	 9.447458e+02	 220	 4.418322e+02	 98	 2.457239e+02	 433.33	 416.67	 40.00	 18	 0.38	 
BMI_bf_126	 2	 2	 024.tif	 2.487075e+02	 11	 1.000558e+03	 1100	 4.761404e+02	 98	 2.497238e+02	 383.33	 416.67	 11.00	 24	 0.71	 
BMI_bf_126	 2	 2	 119.tif	 2.517074e+02	 12	 999000	 120	 999000	 999	 2.527237e+02	 383.33	 416.67	 28.00	 49	 0.56	 
BMI_bf_126	 2	 2	 027.tif	 2.537073e+02	 22	 9.684270e+02	 220	 4.595844e+02	 98	 2.547237e+02	 383.33	 433.33	 48.00	 27	 0.27	 
BMI_bf_126	 2	 2	 007.tif	 2.577073e+02	 12	 999000	 120	 999000	 999	 2.587236e+02	 383.33	 433.33	 10.00	 7	 0.71	 
BMI_bf_126	 2	 2	 016.tif	 2.597072e+02	 11	 9.202060e+02	 110	 4.253331e+02	 98	 2.607236e+02	 400.00	 433.33	 19.00	 16	 0.66	 
BMI_bf_126	 2	 2	 019.tif	 2.617072e+02	 24	 999000	 240	 999000	 999	 2.627235e+02	 400.00	 433.33	 58.00	 19	 0.19	 
BMI_bf_126	 2	 2	 103.tif	 2.657071e+02	 24	 999000	 240	 999000	 999	 2.667234e+02	 400.00	 433.33	 36.00	 33	 0.41	 
BMI_bf_126	 2	 2	 130.tif	 2.677071e+02	 24	 999000	 240	 999000	 999	 2.687233e+02	 400.00	 433.33	 31.00	 60	 0.51	 
BMI_bf_126	 2	 2	 127.tif	 2.717070e+02	 11	 9.597562e+02	 110	 4.430448e+02	 98	 2.727234e+02	 416.67	 433.33	 9.00	 57	 0.71	 
BMI_bf_126	 2	 2	 107.tif	 2.757069e+02	 24	 999000	 240	 999000	 999	 2.767232e+02	 416.67	 433.33	 52.00	 37	 0.24	 
BMI_bf_126	 2	 2	 008.tif	 2.787068e+02	 22	 9.835072e+02	 220	 4.762104e+02	 98	 2.797232e+02	 416.67	 450.00	 41.00	 8	 0.37	 
BMI_bf_126	 2	 2	 128.tif	 2.847067e+02	 22	 1.103364e+03	 2200	 4.922052e+02	 98	 2.857230e+02	 416.67	 400.00	 51.00	 58	 0.24	 
BMI_bf_126	 2	 2	 005.tif	 2.867066e+02	 12	 999000	 120	 999000	 999	 2.877230e+02	 416.67	 400.00	 5.00	 5	 0.72	 
BMI_bf_126	 2	 2	 118.tif	 2.907065e+02	 24	 999000	 240	 999000	 999	 2.917229e+02	 416.67	 400.00	 39.00	 48	 0.40	 
BMI_bf_126	 2	 2	 123.tif	 2.927065e+02	 22	 1.031034e+03	 2200	 4.431749e+02	 98	 2.937229e+02	 416.67	 350.00	 35.00	 53	 0.44	 
BMI_bf_126	 2	 2	 022.tif	 2.947063e+02	 12	 999000	 120	 999000	 999	 2.957228e+02	 416.67	 350.00	 20.00	 22	 0.66	 
BMI_bf_126	 2	 2	 102.tif	 2.967064e+02	 12	 999000	 120	 999000	 999	 2.977228e+02	 416.67	 350.00	 1.00	 32	 0.87	 
BMI_bf_126	 2	 2	 108.tif	 3.017063e+02	 12	 999000	 120	 999000	 999	 3.027227e+02	 416.67	 350.00	 7.00	 38	 0.72	 
BMI_bf_126	 2	 2	 126.tif	 3.037063e+02	 12	 999000	 120	 999000	 999	 3.047226e+02	 416.67	 350.00	 27.00	 56	 0.59	 
BMI_bf_126	 2	 2	 109.tif	 3.057062e+02	 11	 9.345650e+02	 110	 4.590151e+02	 98	 3.067226e+02	 433.33	 350.00	 8.00	 39	 0.72	 
BMI_bf_126	 2	 2	 021.tif	 3.087062e+02	 22	 9.264545e+02	 220	 3.926191e+02	 98	 3.097225e+02	 433.33	 366.67	 38.00	 21	 0.40	 
BMI_bf_126	 2	 2	 004.tif	 3.117061e+02	 12	 999000	 120	 999000	 999	 3.127224e+02	 433.33	 366.67	 4.00	 4	 0.76	 
BMI_bf_126	 2	 2	 014.tif	 3.157060e+02	 12	 999000	 120	 999000	 999	 3.167224e+02	 433.33	 366.67	 25.00	 14	 0.63	 
BMI_bf_126	 2	 2	 114.tif	 3.177060e+02	 24	 999000	 240	 999000	 999	 3.187223e+02	 433.33	 366.67	 32.00	 44	 0.50	 
BMI_bf_126	 2	 2	 129.tif	 3.197059e+02	 22	 9.340694e+02	 220	 4.088937e+02	 98	 3.207223e+02	 433.33	 383.33	 43.00	 59	 0.34	 
BMI_bf_126	 2	 2	 009.tif	 3.227059e+02	 22	 9.099677e+02	 220	 4.251341e+02	 98	 3.237223e+02	 433.33	 400.00	 46.00	 9	 0.32	 
BMI_bf_126	 2	 2	 003.tif	 3.257058e+02	 24	 999000	 240	 999000	 999	 3.267222e+02	 433.33	 400.00	 47.00	 3	 0.27	 
BMI_bf_126	 2	 2	 015.tif	 3.277058e+02	 24	 999000	 240	 999000	 999	 3.287221e+02	 433.33	 400.00	 37.00	 15	 0.40	 
BMI_bf_126	 2	 2	 029.tif	 3.297057e+02	 22	 1.021734e+03	 2200	 4.434692e+02	 98	 3.307221e+02	 433.33	 350.00	 49.00	 29	 0.25	 
BMI_bf_126	 2	 2	 106.tif	 3.317056e+02	 12	 999000	 120	 999000	 999	 3.327220e+02	 433.33	 350.00	 29.00	 36	 0.54	 
BMI_bf_126	 2	 2	 012.tif	 3.367056e+02	 24	 999000	 240	 999000	 999	 3.377219e+02	 433.33	 350.00	 59.00	 12	 0.14	 
BMI_bf_126	 2	 2	 001.tif	 3.387055e+02	 12	 999000	 120	 999000	 999	 3.397219e+02	 433.33	 350.00	 6.00	 1	 0.72	 
BMI_bf_126	 2	 2	 013.tif	 3.407055e+02	 11	 1.013304e+03	 1100	 4.777532e+02	 98	 3.417218e+02	 383.33	 350.00	 14.00	 13	 0.69	 
BMI_bf_126	 2	 2	 113.tif	 3.427052e+02	 11	 9.414954e+02	 110	 4.249313e+02	 98	 3.437218e+02	 400.00	 350.00	 16.00	 43	 0.67	 
BMI_bf_126	 2	 2	 023.tif	 3.497054e+02	 24	 999000	 240	 999000	 999	 3.507217e+02	 400.00	 350.00	 60.00	 23	 0.13	 
BMI_bf_126	 2	 2	 111.tif	 3.517053e+02	 11	 9.808991e+02	 110	 4.423554e+02	 98	 3.527216e+02	 416.67	 350.00	 22.00	 41	 0.65	 
BMI_bf_126	 2	 2	 122.tif	 3.587051e+02	 24	 999000	 240	 999000	 999	 3.597214e+02	 416.67	 350.00	 42.00	 52	 0.36	 
BMI_bf_126	 2	 2	 026.tif	 3.617050e+02	 24	 999000	 240	 999000	 999	 3.627214e+02	 416.67	 350.00	 56.00	 26	 0.21	 
BMI_bf_126	 2	 2	 117.tif	 3.647050e+02	 24	 999000	 240	 999000	 999	 3.657213e+02	 416.67	 350.00	 44.00	 47	 0.34	 
BMI_bf_126	 2	 2	 006.tif	 3.707049e+02	 24	 999000	 240	 999000	 999	 3.717212e+02	 416.67	 350.00	 50.00	 6	 0.25	 
BMI_bf_126	 2	 2	 115.tif	 3.727048e+02	 12	 999000	 120	 999000	 999	 3.737212e+02	 416.67	 350.00	 24.00	 45	 0.64	 
