subjectID	 order	 runNum	 itemName	 onsetTime	 shuff_trialType	 RT	 respInTime	 AudioTime	 response	 fixationTime	 ladder1	 ladder2	 bidIndex	 itemNameIndex	 bidValue	 
BMI_bf_112	 2	 3	 130.tif	 3.963646e+02	 12	 999000	 120	 999000	 999	 3.973813e+02	 350.00	 350.00	 15.00	 60	 0.72	 
BMI_bf_112	 2	 3	 108.tif	 4.013648e+02	 12	 999000	 120	 999000	 999	 4.023811e+02	 350.00	 350.00	 20.00	 38	 0.66	 
BMI_bf_112	 2	 3	 125.tif	 4.033648e+02	 24	 999000	 240	 999000	 999	 4.043811e+02	 350.00	 350.00	 37.00	 55	 0.40	 
BMI_bf_112	 2	 3	 126.tif	 4.053647e+02	 11	 9.482316e+02	 110	 3.933198e+02	 98	 4.063810e+02	 366.67	 350.00	 14.00	 56	 0.73	 
BMI_bf_112	 2	 3	 117.tif	 4.113646e+02	 24	 999000	 240	 999000	 999	 4.123809e+02	 366.67	 350.00	 56.00	 47	 0.19	 
BMI_bf_112	 2	 3	 015.tif	 4.133645e+02	 12	 999000	 120	 999000	 999	 4.143808e+02	 366.67	 350.00	 18.00	 15	 0.67	 
BMI_bf_112	 2	 3	 022.tif	 4.163644e+02	 11	 9.398581e+02	 110	 4.088273e+02	 98	 4.173808e+02	 383.33	 350.00	 17.00	 22	 0.67	 
BMI_bf_112	 2	 3	 121.tif	 4.183643e+02	 12	 999000	 120	 999000	 999	 4.193807e+02	 383.33	 350.00	 5.00	 51	 0.83	 
BMI_bf_112	 2	 3	 116.tif	 4.223641e+02	 11	 9.557786e+02	 110	 4.253303e+02	 98	 4.233806e+02	 400.00	 350.00	 9.00	 46	 0.78	 
BMI_bf_112	 2	 3	 122.tif	 4.243640e+02	 12	 999000	 120	 999000	 999	 4.253805e+02	 400.00	 350.00	 7.00	 52	 0.80	 
BMI_bf_112	 2	 3	 112.tif	 4.293640e+02	 24	 999000	 240	 999000	 999	 4.303804e+02	 400.00	 350.00	 34.00	 42	 0.45	 
BMI_bf_112	 2	 3	 120.tif	 4.363639e+02	 24	 999000	 240	 999000	 999	 4.373802e+02	 400.00	 350.00	 36.00	 50	 0.42	 
BMI_bf_112	 2	 3	 103.tif	 4.383638e+02	 11	 9.870595e+02	 110	 4.437598e+02	 98	 4.393802e+02	 416.67	 350.00	 19.00	 33	 0.66	 
BMI_bf_112	 2	 3	 023.tif	 4.413637e+02	 11	 1.042989e+03	 1100	 4.596259e+02	 98	 4.423801e+02	 366.67	 350.00	 23.00	 23	 0.59	 
BMI_bf_112	 2	 3	 127.tif	 4.443637e+02	 24	 999000	 240	 999000	 999	 4.453800e+02	 366.67	 350.00	 33.00	 57	 0.46	 
BMI_bf_112	 2	 3	 124.tif	 4.483635e+02	 24	 999000	 240	 999000	 999	 4.493799e+02	 366.67	 350.00	 45.00	 54	 0.32	 
BMI_bf_112	 2	 3	 006.tif	 4.523634e+02	 22	 9.705930e+02	 220	 3.924116e+02	 98	 4.533798e+02	 366.67	 366.67	 54.00	 6	 0.20	 
BMI_bf_112	 2	 3	 016.tif	 4.563633e+02	 22	 9.304267e+02	 220	 4.085460e+02	 98	 4.573797e+02	 366.67	 383.33	 40.00	 16	 0.36	 
BMI_bf_112	 2	 3	 014.tif	 4.593633e+02	 24	 999000	 240	 999000	 999	 4.603796e+02	 366.67	 383.33	 47.00	 14	 0.27	 
BMI_bf_112	 2	 3	 114.tif	 4.653631e+02	 12	 999000	 120	 999000	 999	 4.663794e+02	 366.67	 383.33	 21.00	 44	 0.63	 
BMI_bf_112	 2	 3	 007.tif	 4.673630e+02	 24	 999000	 240	 999000	 999	 4.683794e+02	 366.67	 383.33	 52.00	 7	 0.21	 
BMI_bf_112	 2	 3	 020.tif	 4.703629e+02	 22	 1.017916e+03	 2200	 4.266199e+02	 98	 4.713793e+02	 366.67	 333.33	 51.00	 20	 0.22	 
BMI_bf_112	 2	 3	 106.tif	 4.723627e+02	 11	 9.700306e+02	 110	 4.089583e+02	 98	 4.733793e+02	 383.33	 333.33	 22.00	 36	 0.61	 
BMI_bf_112	 2	 3	 012.tif	 4.743628e+02	 12	 999000	 120	 999000	 999	 4.753792e+02	 383.33	 333.33	 27.00	 12	 0.52	 
BMI_bf_112	 2	 3	 024.tif	 4.763628e+02	 24	 999000	 240	 999000	 999	 4.773791e+02	 383.33	 333.33	 58.00	 24	 0.17	 
BMI_bf_112	 2	 3	 008.tif	 4.793627e+02	 24	 999000	 240	 999000	 999	 4.803790e+02	 383.33	 333.33	 60.00	 8	 0.10	 
BMI_bf_112	 2	 3	 021.tif	 4.833626e+02	 22	 9.214876e+02	 220	 3.756982e+02	 98	 4.843789e+02	 383.33	 350.00	 41.00	 21	 0.35	 
BMI_bf_112	 2	 3	 019.tif	 4.853626e+02	 24	 999000	 240	 999000	 999	 4.863789e+02	 383.33	 350.00	 50.00	 19	 0.25	 
BMI_bf_112	 2	 3	 027.tif	 4.873625e+02	 12	 999000	 120	 999000	 999	 4.883788e+02	 383.33	 350.00	 24.00	 27	 0.59	 
BMI_bf_112	 2	 3	 009.tif	 4.893625e+02	 22	 9.052318e+02	 220	 3.920273e+02	 98	 4.903788e+02	 383.33	 366.67	 38.00	 9	 0.40	 
BMI_bf_112	 2	 3	 026.tif	 4.913624e+02	 12	 999000	 120	 999000	 999	 4.923787e+02	 383.33	 366.67	 12.00	 26	 0.75	 
BMI_bf_112	 2	 3	 028.tif	 4.933623e+02	 12	 999000	 120	 999000	 999	 4.943787e+02	 383.33	 366.67	 13.00	 28	 0.75	 
BMI_bf_112	 2	 3	 123.tif	 4.973622e+02	 11	 1.000953e+03	 1100	 4.260161e+02	 98	 4.983786e+02	 333.33	 366.67	 8.00	 53	 0.79	 
BMI_bf_112	 2	 3	 102.tif	 5.013621e+02	 12	 999000	 120	 999000	 999	 5.023785e+02	 333.33	 366.67	 1.00	 32	 0.91	 
BMI_bf_112	 2	 3	 107.tif	 5.033621e+02	 24	 999000	 240	 999000	 999	 5.043784e+02	 333.33	 366.67	 59.00	 37	 0.11	 
BMI_bf_112	 2	 3	 004.tif	 5.053620e+02	 11	 9.046389e+02	 110	 3.745514e+02	 98	 5.063784e+02	 350.00	 366.67	 11.00	 4	 0.76	 
BMI_bf_112	 2	 3	 011.tif	 5.073620e+02	 12	 999000	 120	 999000	 999	 5.083783e+02	 350.00	 366.67	 2.00	 11	 0.85	 
BMI_bf_112	 2	 3	 104.tif	 5.093619e+02	 11	 9.205781e+02	 110	 3.916304e+02	 98	 5.103783e+02	 366.67	 366.67	 16.00	 34	 0.70	 
BMI_bf_112	 2	 3	 005.tif	 5.153617e+02	 24	 999000	 240	 999000	 999	 5.163781e+02	 366.67	 366.67	 57.00	 5	 0.19	 
BMI_bf_112	 2	 3	 002.tif	 5.173617e+02	 22	 9.362951e+02	 220	 4.083444e+02	 98	 5.183780e+02	 366.67	 383.33	 49.00	 2	 0.26	 
BMI_bf_112	 2	 3	 110.tif	 5.193616e+02	 12	 999000	 120	 999000	 999	 5.203780e+02	 366.67	 383.33	 4.00	 40	 0.83	 
BMI_bf_112	 2	 3	 128.tif	 5.213616e+02	 11	 9.440853e+02	 110	 4.091488e+02	 98	 5.223779e+02	 383.33	 383.33	 26.00	 58	 0.57	 
BMI_bf_112	 2	 3	 118.tif	 5.243615e+02	 12	 999000	 120	 999000	 999	 5.253778e+02	 383.33	 383.33	 10.00	 48	 0.77	 
BMI_bf_112	 2	 3	 029.tif	 5.263615e+02	 12	 999000	 120	 999000	 999	 5.273778e+02	 383.33	 383.33	 29.00	 29	 0.51	 
BMI_bf_112	 2	 3	 109.tif	 5.333613e+02	 24	 999000	 240	 999000	 999	 5.343776e+02	 383.33	 383.33	 55.00	 39	 0.20	 
BMI_bf_112	 2	 3	 003.tif	 5.353612e+02	 24	 999000	 240	 999000	 999	 5.363775e+02	 383.33	 383.33	 53.00	 3	 0.21	 
BMI_bf_112	 2	 3	 010.tif	 5.393611e+02	 22	 9.274329e+02	 220	 4.252968e+02	 98	 5.403775e+02	 383.33	 400.00	 46.00	 10	 0.28	 
BMI_bf_112	 2	 3	 105.tif	 5.433610e+02	 22	 1.007305e+03	 2200	 4.419043e+02	 98	 5.443773e+02	 383.33	 350.00	 43.00	 35	 0.34	 
BMI_bf_112	 2	 3	 017.tif	 5.463609e+02	 12	 999000	 120	 999000	 999	 5.473773e+02	 383.33	 350.00	 25.00	 17	 0.59	 
BMI_bf_112	 2	 3	 115.tif	 5.483609e+02	 12	 999000	 120	 999000	 999	 5.493772e+02	 383.33	 350.00	 6.00	 45	 0.82	 
BMI_bf_112	 2	 3	 018.tif	 5.523607e+02	 12	 999000	 120	 999000	 999	 5.533771e+02	 383.33	 350.00	 30.00	 18	 0.51	 
BMI_bf_112	 2	 3	 013.tif	 5.543607e+02	 22	 9.029332e+02	 220	 3.921166e+02	 98	 5.553770e+02	 383.33	 366.67	 48.00	 13	 0.26	 
BMI_bf_112	 2	 3	 030.tif	 5.573606e+02	 24	 999000	 240	 999000	 999	 5.583770e+02	 383.33	 366.67	 39.00	 30	 0.38	 
BMI_bf_112	 2	 3	 001.tif	 5.613770e+02	 24	 999000	 240	 999000	 999	 5.623935e+02	 383.33	 366.67	 32.00	 1	 0.47	 
BMI_bf_112	 2	 3	 129.tif	 5.633771e+02	 12	 999000	 120	 999000	 999	 5.643935e+02	 383.33	 366.67	 28.00	 59	 0.52	 
BMI_bf_112	 2	 3	 119.tif	 5.683770e+02	 22	 9.017324e+02	 220	 4.090003e+02	 98	 5.693933e+02	 383.33	 383.33	 35.00	 49	 0.45	 
BMI_bf_112	 2	 3	 025.tif	 5.703601e+02	 24	 999000	 240	 999000	 999	 5.713766e+02	 383.33	 383.33	 42.00	 25	 0.34	 
BMI_bf_112	 2	 3	 111.tif	 5.743768e+02	 24	 999000	 240	 999000	 999	 5.753931e+02	 383.33	 383.33	 31.00	 41	 0.49	 
BMI_bf_112	 2	 3	 113.tif	 5.773767e+02	 12	 999000	 120	 999000	 999	 5.783931e+02	 383.33	 383.33	 3.00	 43	 0.84	 
BMI_bf_112	 2	 3	 101.tif	 5.803767e+02	 24	 999000	 240	 999000	 999	 5.813930e+02	 383.33	 383.33	 44.00	 31	 0.32	 
