subjectID	 order	 runNum	 itemName	 onsetTime	 shuff_trialType	 RT	 respInTime	 AudioTime	 response	 fixationTime	 ladder1	 ladder2	 bidIndex	 itemNameIndex	 bidValue	 
BMI_bf_129	 1	 10	 102.tif	 1.741378e+03	 12	 999000	 120	 999000	 999	 1.742395e+03	 116.67	 116.67	 6.00	 32	 0.83	 
BMI_bf_129	 1	 10	 108.tif	 1.746379e+03	 12	 999000	 120	 999000	 999	 1.747395e+03	 116.67	 116.67	 3.00	 38	 0.85	 
BMI_bf_129	 1	 10	 115.tif	 1.748379e+03	 12	 999000	 120	 999000	 999	 1.749395e+03	 116.67	 116.67	 28.00	 45	 0.54	 
BMI_bf_129	 1	 10	 023.tif	 1.750378e+03	 12	 999000	 120	 999000	 999	 1.751395e+03	 116.67	 116.67	 30.00	 23	 0.52	 
BMI_bf_129	 1	 10	 113.tif	 1.756378e+03	 11	 9.246391e+02	 110	 1.595798e+02	 98	 1.757395e+03	 133.33	 116.67	 7.00	 43	 0.81	 
BMI_bf_129	 1	 10	 013.tif	 1.758378e+03	 11	 8.125957e+02	 110	 1.749265e+02	 98	 1.759395e+03	 150.00	 116.67	 25.00	 13	 0.57	 
BMI_bf_129	 1	 10	 109.tif	 1.761378e+03	 11	 8.444606e+02	 110	 1.915603e+02	 98	 1.762395e+03	 166.67	 116.67	 12.00	 39	 0.73	 
BMI_bf_129	 1	 10	 014.tif	 1.763378e+03	 12	 999000	 120	 999000	 999	 1.764395e+03	 166.67	 116.67	 19.00	 14	 0.64	 
BMI_bf_129	 1	 10	 107.tif	 1.767378e+03	 24	 999000	 240	 999000	 999	 1.768394e+03	 166.67	 116.67	 59.00	 37	 0.09	 
BMI_bf_129	 1	 10	 005.tif	 1.769378e+03	 24	 999000	 240	 999000	 999	 1.770394e+03	 166.67	 116.67	 56.00	 5	 0.13	 
BMI_bf_129	 1	 10	 025.tif	 1.774378e+03	 11	 9.800177e+02	 110	 2.083402e+02	 98	 1.775394e+03	 183.33	 116.67	 24.00	 25	 0.58	 
BMI_bf_129	 1	 10	 022.tif	 1.781378e+03	 22	 9.477408e+02	 220	 1.593947e+02	 98	 1.782394e+03	 183.33	 133.33	 52.00	 22	 0.23	 
BMI_bf_129	 1	 10	 122.tif	 1.783378e+03	 24	 999000	 240	 999000	 999	 1.784394e+03	 183.33	 133.33	 34.00	 52	 0.46	 
BMI_bf_129	 1	 10	 103.tif	 1.786378e+03	 24	 999000	 240	 999000	 999	 1.787394e+03	 183.33	 133.33	 32.00	 33	 0.49	 
BMI_bf_129	 1	 10	 117.tif	 1.789378e+03	 24	 999000	 240	 999000	 999	 1.790394e+03	 183.33	 133.33	 54.00	 47	 0.17	 
BMI_bf_129	 1	 10	 112.tif	 1.793378e+03	 24	 999000	 240	 999000	 999	 1.794394e+03	 183.33	 133.33	 51.00	 42	 0.25	 
BMI_bf_129	 1	 10	 121.tif	 1.797377e+03	 12	 999000	 120	 999000	 999	 1.798394e+03	 183.33	 133.33	 22.00	 51	 0.59	 
BMI_bf_129	 1	 10	 020.tif	 1.801377e+03	 12	 999000	 120	 999000	 999	 1.802394e+03	 183.33	 133.33	 2.00	 20	 0.95	 
BMI_bf_129	 1	 10	 004.tif	 1.804377e+03	 24	 999000	 240	 999000	 999	 1.805394e+03	 183.33	 133.33	 31.00	 4	 0.50	 
BMI_bf_129	 1	 10	 126.tif	 1.810377e+03	 11	 1.378762e+03	 1100	 2.261781e+02	 98	 1.811394e+03	 133.33	 133.33	 18.00	 56	 0.65	 
BMI_bf_129	 1	 10	 008.tif	 1.812377e+03	 22	 8.506797e+02	 220	 1.762133e+02	 98	 1.813394e+03	 133.33	 150.00	 47.00	 8	 0.29	 
BMI_bf_129	 1	 10	 111.tif	 1.815377e+03	 22	 8.585518e+02	 220	 1.931417e+02	 98	 1.816393e+03	 133.33	 166.67	 39.00	 41	 0.41	 
BMI_bf_129	 1	 10	 110.tif	 1.817377e+03	 24	 999000	 240	 999000	 999	 1.818393e+03	 133.33	 166.67	 40.00	 40	 0.41	 
BMI_bf_129	 1	 10	 007.tif	 1.819377e+03	 24	 999000	 240	 999000	 999	 1.820393e+03	 133.33	 166.67	 49.00	 7	 0.28	 
BMI_bf_129	 1	 10	 124.tif	 1.821377e+03	 12	 999000	 120	 999000	 999	 1.822393e+03	 133.33	 166.67	 1.00	 54	 0.99	 
BMI_bf_129	 1	 10	 009.tif	 1.824377e+03	 12	 999000	 120	 999000	 999	 1.825393e+03	 133.33	 166.67	 27.00	 9	 0.55	 
BMI_bf_129	 1	 10	 027.tif	 1.828377e+03	 24	 999000	 240	 999000	 999	 1.829393e+03	 133.33	 166.67	 48.00	 27	 0.28	 
BMI_bf_129	 1	 10	 010.tif	 1.830377e+03	 22	 1.018008e+03	 2200	 2.101407e+02	 98	 1.831393e+03	 133.33	 116.67	 36.00	 10	 0.43	 
BMI_bf_129	 1	 10	 015.tif	 1.832377e+03	 22	 9.459387e+02	 220	 1.586042e+02	 98	 1.833393e+03	 133.33	 133.33	 42.00	 15	 0.38	 
BMI_bf_129	 1	 10	 012.tif	 1.834377e+03	 12	 999000	 120	 999000	 999	 1.835393e+03	 133.33	 133.33	 29.00	 12	 0.52	 
BMI_bf_129	 1	 10	 118.tif	 1.836377e+03	 12	 999000	 120	 999000	 999	 1.837393e+03	 133.33	 133.33	 5.00	 48	 0.84	 
BMI_bf_129	 1	 10	 021.tif	 1.838377e+03	 24	 999000	 240	 999000	 999	 1.839393e+03	 133.33	 133.33	 38.00	 21	 0.42	 
BMI_bf_129	 1	 10	 106.tif	 1.842377e+03	 11	 1.233575e+03	 1100	 1.763760e+02	 98	 1.843393e+03	 83.33	 133.33	 10.00	 36	 0.75	 
BMI_bf_129	 1	 10	 119.tif	 1.846376e+03	 12	 999000	 120	 999000	 999	 1.847393e+03	 83.33	 133.33	 26.00	 49	 0.55	 
BMI_bf_129	 1	 10	 026.tif	 1.848376e+03	 12	 999000	 120	 999000	 999	 1.849393e+03	 83.33	 133.33	 8.00	 26	 0.75	 
BMI_bf_129	 1	 10	 018.tif	 1.850376e+03	 12	 999000	 120	 999000	 999	 1.851393e+03	 83.33	 133.33	 23.00	 18	 0.58	 
BMI_bf_129	 1	 10	 003.tif	 1.852376e+03	 24	 999000	 240	 999000	 999	 1.853393e+03	 83.33	 133.33	 35.00	 3	 0.44	 
BMI_bf_129	 1	 10	 129.tif	 1.854393e+03	 24	 999000	 240	 999000	 999	 1.855409e+03	 83.33	 133.33	 33.00	 59	 0.48	 
BMI_bf_129	 1	 10	 105.tif	 1.860393e+03	 22	 8.003156e+02	 220	 1.759440e+02	 98	 1.861409e+03	 83.33	 150.00	 53.00	 35	 0.18	 
BMI_bf_129	 1	 10	 125.tif	 1.862393e+03	 24	 999000	 240	 999000	 999	 1.863409e+03	 83.33	 150.00	 57.00	 55	 0.12	 
BMI_bf_129	 1	 10	 104.tif	 1.864393e+03	 12	 999000	 120	 999000	 999	 1.865409e+03	 83.33	 150.00	 14.00	 34	 0.71	 
BMI_bf_129	 1	 10	 114.tif	 1.866393e+03	 12	 999000	 120	 999000	 999	 1.867409e+03	 83.33	 150.00	 16.00	 44	 0.67	 
BMI_bf_129	 1	 10	 024.tif	 1.869393e+03	 22	 9.439694e+02	 220	 1.919174e+02	 98	 1.870409e+03	 83.33	 166.67	 37.00	 24	 0.43	 
BMI_bf_129	 1	 10	 006.tif	 1.871393e+03	 24	 999000	 240	 999000	 999	 1.872409e+03	 83.33	 166.67	 46.00	 6	 0.30	 
BMI_bf_129	 1	 10	 130.tif	 1.878392e+03	 12	 999000	 120	 999000	 999	 1.879409e+03	 83.33	 166.67	 11.00	 60	 0.74	 
BMI_bf_129	 1	 10	 128.tif	 1.880392e+03	 11	 8.395910e+02	 110	 1.259593e+02	 98	 1.881409e+03	 100.00	 166.67	 13.00	 58	 0.71	 
BMI_bf_129	 1	 10	 002.tif	 1.884392e+03	 11	 9.674330e+02	 110	 1.420950e+02	 98	 1.885409e+03	 116.67	 166.67	 15.00	 2	 0.69	 
BMI_bf_129	 1	 10	 101.tif	 1.888392e+03	 12	 999000	 120	 999000	 999	 1.889409e+03	 116.67	 166.67	 9.00	 31	 0.75	 
BMI_bf_129	 1	 10	 019.tif	 1.891392e+03	 22	 9.431954e+02	 220	 2.084090e+02	 98	 1.892409e+03	 116.67	 183.33	 44.00	 19	 0.34	 
BMI_bf_129	 1	 10	 016.tif	 1.893392e+03	 24	 999000	 240	 999000	 999	 1.894408e+03	 116.67	 183.33	 41.00	 16	 0.38	 
BMI_bf_129	 1	 10	 028.tif	 1.897392e+03	 22	 9.829623e+02	 220	 2.255674e+02	 98	 1.898408e+03	 116.67	 200.00	 50.00	 28	 0.28	 
BMI_bf_129	 1	 10	 120.tif	 1.899392e+03	 24	 999000	 240	 999000	 999	 1.900408e+03	 116.67	 200.00	 60.00	 50	 0.06	 
BMI_bf_129	 1	 10	 127.tif	 1.902392e+03	 12	 999000	 120	 999000	 999	 1.903408e+03	 116.67	 200.00	 4.00	 57	 0.85	 
BMI_bf_129	 1	 10	 017.tif	 1.906392e+03	 24	 999000	 240	 999000	 999	 1.907408e+03	 116.67	 200.00	 58.00	 17	 0.10	 
BMI_bf_129	 1	 10	 030.tif	 1.908392e+03	 22	 9.347890e+02	 220	 2.423962e+02	 98	 1.909408e+03	 116.67	 216.67	 45.00	 30	 0.33	 
BMI_bf_129	 1	 10	 116.tif	 1.913392e+03	 11	 8.624207e+02	 110	 1.605053e+02	 98	 1.914408e+03	 133.33	 216.67	 21.00	 46	 0.61	 
BMI_bf_129	 1	 10	 029.tif	 1.915392e+03	 11	 8.063346e+02	 110	 1.750264e+02	 98	 1.916408e+03	 150.00	 216.67	 20.00	 29	 0.61	 
BMI_bf_129	 1	 10	 011.tif	 1.919392e+03	 24	 999000	 240	 999000	 999	 1.920408e+03	 150.00	 216.67	 43.00	 11	 0.37	 
BMI_bf_129	 1	 10	 001.tif	 1.922391e+03	 24	 999000	 240	 999000	 999	 1.923408e+03	 150.00	 216.67	 55.00	 1	 0.16	 
BMI_bf_129	 1	 10	 123.tif	 1.925391e+03	 12	 999000	 120	 999000	 999	 1.926408e+03	 150.00	 216.67	 17.00	 53	 0.65	 
