subjectID	 order	 runNum	 itemName	 onsetTime	 shuff_trialType	 RT	 respInTime	 AudioTime	 response	 fixationTime	 ladder1	 ladder2	 bidIndex	 itemNameIndex	 bidValue	 
BMI_bf_116	 2	 2	 110.tif	 1.887233e+02	 12	 999000	 120	 999000	 999	 1.897400e+02	 316.67	 316.67	 10.00	 40	 0.77	 
BMI_bf_116	 2	 2	 022.tif	 1.937235e+02	 12	 999000	 120	 999000	 999	 1.947398e+02	 316.67	 316.67	 4.00	 22	 0.83	 
BMI_bf_116	 2	 2	 104.tif	 1.957236e+02	 12	 999000	 120	 999000	 999	 1.967398e+02	 316.67	 316.67	 27.00	 34	 0.53	 
BMI_bf_116	 2	 2	 119.tif	 1.977235e+02	 12	 999000	 120	 999000	 999	 1.987398e+02	 316.67	 316.67	 7.00	 49	 0.80	 
BMI_bf_116	 2	 2	 103.tif	 2.037234e+02	 12	 999000	 120	 999000	 999	 2.047397e+02	 316.67	 316.67	 12.00	 33	 0.74	 
BMI_bf_116	 2	 2	 020.tif	 2.057233e+02	 12	 999000	 120	 999000	 999	 2.067396e+02	 316.67	 316.67	 29.00	 20	 0.50	 
BMI_bf_116	 2	 2	 107.tif	 2.087233e+02	 24	 999000	 240	 999000	 999	 2.097396e+02	 316.67	 316.67	 58.00	 37	 0.08	 
BMI_bf_116	 2	 2	 019.tif	 2.107233e+02	 22	 9.809968e+02	 220	 3.588770e+02	 98	 2.117396e+02	 316.67	 333.33	 51.00	 19	 0.23	 
BMI_bf_116	 2	 2	 123.tif	 2.147232e+02	 11	 1.028812e+03	 1100	 3.596654e+02	 98	 2.157396e+02	 266.67	 333.33	 23.00	 53	 0.61	 
BMI_bf_116	 2	 2	 014.tif	 2.167232e+02	 24	 999000	 240	 999000	 999	 2.177395e+02	 266.67	 333.33	 32.00	 14	 0.48	 
BMI_bf_116	 2	 2	 117.tif	 2.217231e+02	 24	 999000	 240	 999000	 999	 2.227394e+02	 266.67	 333.33	 50.00	 47	 0.24	 
BMI_bf_116	 2	 2	 108.tif	 2.287230e+02	 11	 8.922939e+02	 110	 3.097897e+02	 98	 2.297393e+02	 283.33	 333.33	 16.00	 38	 0.69	 
BMI_bf_116	 2	 2	 021.tif	 2.307230e+02	 24	 999000	 240	 999000	 999	 2.317393e+02	 283.33	 333.33	 52.00	 21	 0.23	 
BMI_bf_116	 2	 2	 003.tif	 2.337229e+02	 24	 999000	 240	 999000	 999	 2.347392e+02	 283.33	 333.33	 37.00	 3	 0.39	 
BMI_bf_116	 2	 2	 025.tif	 2.367229e+02	 12	 999000	 120	 999000	 999	 2.377392e+02	 283.33	 333.33	 5.00	 25	 0.82	 
BMI_bf_116	 2	 2	 122.tif	 2.407228e+02	 12	 999000	 120	 999000	 999	 2.417391e+02	 283.33	 333.33	 2.00	 52	 0.90	 
BMI_bf_116	 2	 2	 030.tif	 2.447228e+02	 12	 999000	 120	 999000	 999	 2.457391e+02	 283.33	 333.33	 20.00	 30	 0.64	 
BMI_bf_116	 2	 2	 125.tif	 2.487227e+02	 22	 1.099630e+03	 2200	 3.763247e+02	 98	 2.497390e+02	 283.33	 283.33	 48.00	 55	 0.26	 
BMI_bf_116	 2	 2	 017.tif	 2.517226e+02	 12	 999000	 120	 999000	 999	 2.527390e+02	 283.33	 283.33	 25.00	 17	 0.59	 
BMI_bf_116	 2	 2	 127.tif	 2.577225e+02	 12	 999000	 120	 999000	 999	 2.587389e+02	 283.33	 283.33	 1.00	 57	 0.93	 
BMI_bf_116	 2	 2	 023.tif	 2.597225e+02	 24	 999000	 240	 999000	 999	 2.607389e+02	 283.33	 283.33	 45.00	 23	 0.34	 
BMI_bf_116	 2	 2	 011.tif	 2.627225e+02	 22	 9.631546e+02	 220	 3.253103e+02	 98	 2.637388e+02	 283.33	 300.00	 35.00	 11	 0.43	 
BMI_bf_116	 2	 2	 028.tif	 2.647224e+02	 22	 9.630646e+02	 220	 3.417704e+02	 98	 2.657555e+02	 283.33	 316.67	 38.00	 28	 0.39	 
BMI_bf_116	 2	 2	 113.tif	 2.667224e+02	 12	 999000	 120	 999000	 999	 2.677388e+02	 283.33	 316.67	 13.00	 43	 0.73	 
BMI_bf_116	 2	 2	 001.tif	 2.687224e+02	 22	 1.026868e+03	 2200	 3.594046e+02	 98	 2.697388e+02	 283.33	 266.67	 46.00	 1	 0.34	 
BMI_bf_116	 2	 2	 029.tif	 2.717223e+02	 12	 999000	 120	 999000	 999	 2.727386e+02	 283.33	 266.67	 18.00	 29	 0.66	 
BMI_bf_116	 2	 2	 105.tif	 2.757223e+02	 24	 999000	 240	 999000	 999	 2.767386e+02	 283.33	 266.67	 31.00	 35	 0.48	 
BMI_bf_116	 2	 2	 101.tif	 2.777222e+02	 11	 9.865785e+02	 110	 3.264233e+02	 98	 2.787386e+02	 300.00	 266.67	 19.00	 31	 0.64	 
BMI_bf_116	 2	 2	 102.tif	 2.797222e+02	 11	 9.625418e+02	 110	 3.410676e+02	 98	 2.807386e+02	 316.67	 266.67	 14.00	 32	 0.71	 
BMI_bf_116	 2	 2	 002.tif	 2.817222e+02	 12	 999000	 120	 999000	 999	 2.827385e+02	 316.67	 266.67	 3.00	 2	 0.89	 
BMI_bf_116	 2	 2	 010.tif	 2.837222e+02	 22	 9.863805e+02	 220	 3.105190e+02	 98	 2.847385e+02	 316.67	 283.33	 40.00	 10	 0.37	 
BMI_bf_116	 2	 2	 124.tif	 2.857221e+02	 11	 9.703340e+02	 110	 3.598055e+02	 98	 2.867384e+02	 333.33	 283.33	 8.00	 54	 0.77	 
BMI_bf_116	 2	 2	 027.tif	 2.897221e+02	 24	 999000	 240	 999000	 999	 2.907384e+02	 333.33	 283.33	 36.00	 27	 0.42	 
BMI_bf_116	 2	 2	 007.tif	 2.937220e+02	 24	 999000	 240	 999000	 999	 2.947383e+02	 333.33	 283.33	 53.00	 7	 0.22	 
BMI_bf_116	 2	 2	 016.tif	 2.957220e+02	 24	 999000	 240	 999000	 999	 2.967383e+02	 333.33	 283.33	 59.00	 16	 0.07	 
BMI_bf_116	 2	 2	 106.tif	 2.977220e+02	 11	 9.458756e+02	 110	 3.764771e+02	 98	 2.987383e+02	 350.00	 283.33	 26.00	 36	 0.58	 
BMI_bf_116	 2	 2	 120.tif	 2.997218e+02	 24	 999000	 240	 999000	 999	 3.007383e+02	 350.00	 283.33	 55.00	 50	 0.20	 
BMI_bf_116	 2	 2	 013.tif	 3.017219e+02	 24	 999000	 240	 999000	 999	 3.027382e+02	 350.00	 283.33	 44.00	 13	 0.35	 
BMI_bf_116	 2	 2	 118.tif	 3.077218e+02	 11	 9.134922e+02	 110	 3.921071e+02	 98	 3.087382e+02	 366.67	 283.33	 9.00	 48	 0.77	 
BMI_bf_116	 2	 2	 012.tif	 3.097218e+02	 24	 999000	 240	 999000	 999	 3.107381e+02	 366.67	 283.33	 60.00	 12	 0.07	 
BMI_bf_116	 2	 2	 128.tif	 3.117217e+02	 12	 999000	 120	 999000	 999	 3.127381e+02	 366.67	 283.33	 28.00	 58	 0.51	 
BMI_bf_116	 2	 2	 024.tif	 3.137217e+02	 24	 999000	 240	 999000	 999	 3.147380e+02	 366.67	 283.33	 42.00	 24	 0.37	 
BMI_bf_116	 2	 2	 015.tif	 3.167217e+02	 24	 999000	 240	 999000	 999	 3.177380e+02	 366.67	 283.33	 47.00	 15	 0.28	 
BMI_bf_116	 2	 2	 018.tif	 3.187217e+02	 22	 9.930394e+02	 220	 3.254555e+02	 98	 3.197380e+02	 366.67	 300.00	 49.00	 18	 0.25	 
BMI_bf_116	 2	 2	 115.tif	 3.257215e+02	 11	 1.000873e+03	 1100	 4.096127e+02	 98	 3.267379e+02	 316.67	 300.00	 22.00	 45	 0.62	 
BMI_bf_116	 2	 2	 114.tif	 3.277215e+02	 22	 9.928623e+02	 220	 3.430418e+02	 98	 3.287378e+02	 316.67	 316.67	 43.00	 44	 0.36	 
BMI_bf_116	 2	 2	 121.tif	 3.317214e+02	 12	 999000	 120	 999000	 999	 3.327378e+02	 316.67	 316.67	 24.00	 51	 0.61	 
BMI_bf_116	 2	 2	 005.tif	 3.357214e+02	 22	 1.000564e+03	 2200	 3.604693e+02	 98	 3.367377e+02	 316.67	 266.67	 41.00	 5	 0.37	 
BMI_bf_116	 2	 2	 126.tif	 3.387213e+02	 12	 999000	 120	 999000	 999	 3.397377e+02	 316.67	 266.67	 15.00	 56	 0.69	 
BMI_bf_116	 2	 2	 112.tif	 3.407213e+02	 24	 999000	 240	 999000	 999	 3.417376e+02	 316.67	 266.67	 56.00	 42	 0.19	 
BMI_bf_116	 2	 2	 008.tif	 3.447212e+02	 12	 999000	 120	 999000	 999	 3.457376e+02	 316.67	 266.67	 30.00	 8	 0.50	 
BMI_bf_116	 2	 2	 130.tif	 3.467212e+02	 11	 1.040138e+03	 1100	 3.592268e+02	 98	 3.477375e+02	 266.67	 266.67	 17.00	 60	 0.68	 
BMI_bf_116	 2	 2	 006.tif	 3.497211e+02	 24	 999000	 240	 999000	 999	 3.507375e+02	 266.67	 266.67	 39.00	 6	 0.39	 
BMI_bf_116	 2	 2	 004.tif	 3.537211e+02	 22	 9.279150e+02	 220	 3.093849e+02	 98	 3.547374e+02	 266.67	 283.33	 54.00	 4	 0.20	 
BMI_bf_116	 2	 2	 009.tif	 3.557211e+02	 24	 999000	 240	 999000	 999	 3.567374e+02	 266.67	 283.33	 57.00	 9	 0.18	 
BMI_bf_116	 2	 2	 116.tif	 3.607210e+02	 12	 999000	 120	 999000	 999	 3.617373e+02	 266.67	 283.33	 21.00	 46	 0.63	 
BMI_bf_116	 2	 2	 026.tif	 3.627210e+02	 24	 999000	 240	 999000	 999	 3.637373e+02	 266.67	 283.33	 34.00	 26	 0.44	 
BMI_bf_116	 2	 2	 129.tif	 3.667209e+02	 24	 999000	 240	 999000	 999	 3.677372e+02	 266.67	 283.33	 33.00	 59	 0.45	 
BMI_bf_116	 2	 2	 111.tif	 3.697209e+02	 11	 8.872979e+02	 110	 3.098298e+02	 98	 3.707372e+02	 283.33	 283.33	 11.00	 41	 0.76	 
BMI_bf_116	 2	 2	 109.tif	 3.727208e+02	 12	 999000	 120	 999000	 999	 3.737371e+02	 283.33	 283.33	 6.00	 39	 0.81	 
