subjectID	 order	 runNum	 itemName	 onsetTime	 shuff_trialType	 RT	 respInTime	 AudioTime	 response	 fixationTime	 ladder1	 ladder2	 bidIndex	 itemNameIndex	 bidValue	 
BMI_bf_133	 1	 9	 013.tif	 1.565948e+03	 24	 999000	 240	 999000	 999	 1.566964e+03	 350.00	 350.00	 48.00	 13	 0.27	 
BMI_bf_133	 1	 9	 028.tif	 1.570948e+03	 11	 9.351285e+02	 110	 3.933848e+02	 98	 1.571964e+03	 366.67	 350.00	 24.00	 28	 0.57	 
BMI_bf_133	 1	 9	 009.tif	 1.572948e+03	 24	 999000	 240	 999000	 999	 1.573964e+03	 366.67	 350.00	 51.00	 9	 0.25	 
BMI_bf_133	 1	 9	 106.tif	 1.574948e+03	 24	 999000	 240	 999000	 999	 1.575964e+03	 366.67	 350.00	 33.00	 36	 0.46	 
BMI_bf_133	 1	 9	 003.tif	 1.580948e+03	 22	 9.748483e+02	 220	 3.991473e+02	 98	 1.581964e+03	 366.67	 366.67	 39.00	 3	 0.40	 
BMI_bf_133	 1	 9	 125.tif	 1.582948e+03	 22	 9.987582e+02	 220	 4.094630e+02	 98	 1.583964e+03	 366.67	 383.33	 47.00	 55	 0.27	 
BMI_bf_133	 1	 9	 001.tif	 1.585948e+03	 24	 999000	 240	 999000	 999	 1.586964e+03	 366.67	 383.33	 34.00	 1	 0.43	 
BMI_bf_133	 1	 9	 027.tif	 1.587948e+03	 12	 999000	 120	 999000	 999	 1.588964e+03	 366.67	 383.33	 29.00	 27	 0.49	 
BMI_bf_133	 1	 9	 112.tif	 1.591948e+03	 11	 9.023881e+02	 110	 4.105165e+02	 98	 1.592964e+03	 383.33	 383.33	 12.00	 42	 0.75	 
BMI_bf_133	 1	 9	 024.tif	 1.593948e+03	 24	 999000	 240	 999000	 999	 1.594964e+03	 383.33	 383.33	 57.00	 24	 0.18	 
BMI_bf_133	 1	 9	 030.tif	 1.598948e+03	 12	 999000	 120	 999000	 999	 1.599964e+03	 383.33	 383.33	 11.00	 30	 0.76	 
BMI_bf_133	 1	 9	 127.tif	 1.605947e+03	 12	 999000	 120	 999000	 999	 1.606964e+03	 383.33	 383.33	 27.00	 57	 0.52	 
BMI_bf_133	 1	 9	 104.tif	 1.607947e+03	 11	 9.258373e+02	 110	 4.266874e+02	 98	 1.608964e+03	 400.00	 383.33	 18.00	 34	 0.65	 
BMI_bf_133	 1	 9	 103.tif	 1.610947e+03	 12	 999000	 120	 999000	 999	 1.611964e+03	 400.00	 383.33	 19.00	 33	 0.64	 
BMI_bf_133	 1	 9	 012.tif	 1.613947e+03	 24	 999000	 240	 999000	 999	 1.614964e+03	 400.00	 383.33	 31.00	 12	 0.48	 
BMI_bf_133	 1	 9	 122.tif	 1.617947e+03	 12	 999000	 120	 999000	 999	 1.618964e+03	 400.00	 383.33	 6.00	 52	 0.85	 
BMI_bf_133	 1	 9	 109.tif	 1.621947e+03	 11	 9.493316e+02	 110	 4.420015e+02	 98	 1.622964e+03	 416.67	 383.33	 20.00	 39	 0.63	 
BMI_bf_133	 1	 9	 118.tif	 1.625947e+03	 11	 9.971767e+02	 110	 4.600312e+02	 98	 1.626963e+03	 433.33	 383.33	 21.00	 48	 0.60	 
BMI_bf_133	 1	 9	 113.tif	 1.628947e+03	 12	 999000	 120	 999000	 999	 1.629963e+03	 433.33	 383.33	 3.00	 43	 0.88	 
BMI_bf_133	 1	 9	 014.tif	 1.634947e+03	 22	 1.004856e+03	 2200	 4.260290e+02	 98	 1.635963e+03	 433.33	 333.33	 36.00	 14	 0.43	 
BMI_bf_133	 1	 9	 015.tif	 1.636947e+03	 22	 8.847976e+02	 220	 3.757002e+02	 98	 1.637963e+03	 433.33	 350.00	 37.00	 15	 0.42	 
BMI_bf_133	 1	 9	 005.tif	 1.639947e+03	 24	 999000	 240	 999000	 999	 1.640963e+03	 433.33	 350.00	 35.00	 5	 0.43	 
BMI_bf_133	 1	 9	 130.tif	 1.641947e+03	 11	 1.004590e+03	 1100	 4.760919e+02	 98	 1.642963e+03	 383.33	 350.00	 7.00	 60	 0.81	 
BMI_bf_133	 1	 9	 126.tif	 1.643947e+03	 24	 999000	 240	 999000	 999	 1.644963e+03	 383.33	 350.00	 32.00	 56	 0.47	 
BMI_bf_133	 1	 9	 108.tif	 1.645947e+03	 11	 9.564968e+02	 110	 4.245158e+02	 98	 1.646963e+03	 400.00	 350.00	 13.00	 38	 0.74	 
BMI_bf_133	 1	 9	 121.tif	 1.648947e+03	 12	 999000	 120	 999000	 999	 1.649963e+03	 400.00	 350.00	 8.00	 51	 0.80	 
BMI_bf_133	 1	 9	 026.tif	 1.652947e+03	 24	 999000	 240	 999000	 999	 1.653963e+03	 400.00	 350.00	 38.00	 26	 0.42	 
BMI_bf_133	 1	 9	 123.tif	 1.654947e+03	 12	 999000	 120	 999000	 999	 1.655963e+03	 400.00	 350.00	 17.00	 53	 0.65	 
BMI_bf_133	 1	 9	 124.tif	 1.656947e+03	 22	 9.480979e+02	 220	 3.924288e+02	 98	 1.657963e+03	 400.00	 366.67	 52.00	 54	 0.24	 
BMI_bf_133	 1	 9	 023.tif	 1.658947e+03	 24	 999000	 240	 999000	 999	 1.659963e+03	 400.00	 366.67	 43.00	 23	 0.36	 
BMI_bf_133	 1	 9	 117.tif	 1.660947e+03	 12	 3.640201e+02	 12	 999000	 98	 1.661963e+03	 400.00	 366.67	 4.00	 47	 0.85	 
BMI_bf_133	 1	 9	 128.tif	 1.662947e+03	 11	 1.067898e+03	 1100	 4.405466e+02	 98	 1.663963e+03	 350.00	 366.67	 25.00	 58	 0.53	 
BMI_bf_133	 1	 9	 010.tif	 1.666947e+03	 24	 999000	 240	 999000	 999	 1.667963e+03	 350.00	 366.67	 46.00	 10	 0.32	 
BMI_bf_133	 1	 9	 025.tif	 1.670946e+03	 22	 1.035584e+03	 2200	 4.077316e+02	 98	 1.671963e+03	 350.00	 316.67	 53.00	 25	 0.24	 
BMI_bf_133	 1	 9	 006.tif	 1.672946e+03	 24	 999000	 240	 999000	 999	 1.673963e+03	 350.00	 316.67	 60.00	 6	 0.09	 
BMI_bf_133	 1	 9	 129.tif	 1.674946e+03	 24	 999000	 240	 999000	 999	 1.675963e+03	 350.00	 316.67	 40.00	 59	 0.39	 
BMI_bf_133	 1	 9	 119.tif	 1.676946e+03	 12	 999000	 120	 999000	 999	 1.677963e+03	 350.00	 316.67	 14.00	 49	 0.72	 
BMI_bf_133	 1	 9	 008.tif	 1.678946e+03	 24	 999000	 240	 999000	 999	 1.679963e+03	 350.00	 316.67	 56.00	 8	 0.18	 
BMI_bf_133	 1	 9	 007.tif	 1.684946e+03	 24	 999000	 240	 999000	 999	 1.685963e+03	 350.00	 316.67	 59.00	 7	 0.09	 
BMI_bf_133	 1	 9	 110.tif	 1.686946e+03	 12	 999000	 120	 999000	 999	 1.687963e+03	 350.00	 316.67	 1.00	 40	 0.90	 
BMI_bf_133	 1	 9	 116.tif	 1.688946e+03	 11	 1.002935e+03	 1100	 3.962465e+02	 98	 1.689963e+03	 300.00	 316.67	 10.00	 46	 0.78	 
BMI_bf_133	 1	 9	 020.tif	 1.690946e+03	 22	 1.106873e+03	 2200	 3.571470e+02	 98	 1.691962e+03	 300.00	 266.67	 44.00	 20	 0.33	 
BMI_bf_133	 1	 9	 002.tif	 1.693946e+03	 24	 999000	 240	 999000	 999	 1.694962e+03	 300.00	 266.67	 41.00	 2	 0.37	 
BMI_bf_133	 1	 9	 101.tif	 1.695946e+03	 12	 999000	 120	 999000	 999	 1.696962e+03	 300.00	 266.67	 26.00	 31	 0.53	 
BMI_bf_133	 1	 9	 105.tif	 1.702946e+03	 12	 999000	 120	 999000	 999	 1.703962e+03	 300.00	 266.67	 30.00	 35	 0.48	 
BMI_bf_133	 1	 9	 011.tif	 1.704946e+03	 12	 999000	 120	 999000	 999	 1.705962e+03	 300.00	 266.67	 22.00	 11	 0.60	 
BMI_bf_133	 1	 9	 114.tif	 1.708946e+03	 12	 999000	 120	 999000	 999	 1.709962e+03	 300.00	 266.67	 23.00	 44	 0.58	 
BMI_bf_133	 1	 9	 016.tif	 1.712946e+03	 22	 8.180974e+02	 220	 3.093070e+02	 98	 1.713962e+03	 300.00	 283.33	 42.00	 16	 0.37	 
BMI_bf_133	 1	 9	 022.tif	 1.715946e+03	 11	 8.899947e+02	 110	 3.428703e+02	 98	 1.716962e+03	 316.67	 283.33	 15.00	 22	 0.69	 
BMI_bf_133	 1	 9	 120.tif	 1.717946e+03	 12	 999000	 120	 999000	 999	 1.718962e+03	 316.67	 283.33	 16.00	 50	 0.66	 
BMI_bf_133	 1	 9	 107.tif	 1.721946e+03	 24	 999000	 240	 999000	 999	 1.722962e+03	 316.67	 283.33	 55.00	 37	 0.19	 
BMI_bf_133	 1	 9	 021.tif	 1.723946e+03	 24	 999000	 240	 999000	 999	 1.724962e+03	 316.67	 283.33	 58.00	 21	 0.16	 
BMI_bf_133	 1	 9	 029.tif	 1.726946e+03	 22	 9.055684e+02	 220	 3.249753e+02	 98	 1.727962e+03	 316.67	 300.00	 50.00	 29	 0.26	 
BMI_bf_133	 1	 9	 115.tif	 1.730946e+03	 12	 999000	 120	 999000	 999	 1.731962e+03	 316.67	 300.00	 9.00	 45	 0.78	 
BMI_bf_133	 1	 9	 111.tif	 1.732946e+03	 12	 999000	 120	 999000	 999	 1.733962e+03	 316.67	 300.00	 2.00	 41	 0.88	 
BMI_bf_133	 1	 9	 004.tif	 1.737945e+03	 24	 999000	 240	 999000	 999	 1.738962e+03	 316.67	 300.00	 49.00	 4	 0.26	 
BMI_bf_133	 1	 9	 018.tif	 1.739945e+03	 12	 999000	 120	 999000	 999	 1.740962e+03	 316.67	 300.00	 28.00	 18	 0.49	 
BMI_bf_133	 1	 9	 102.tif	 1.743945e+03	 12	 999000	 120	 999000	 999	 1.744962e+03	 316.67	 300.00	 5.00	 32	 0.85	 
BMI_bf_133	 1	 9	 019.tif	 1.746945e+03	 22	 9.208736e+02	 220	 3.422183e+02	 98	 1.747962e+03	 316.67	 316.67	 45.00	 19	 0.33	 
BMI_bf_133	 1	 9	 017.tif	 1.749945e+03	 24	 999000	 240	 999000	 999	 1.750962e+03	 316.67	 316.67	 54.00	 17	 0.23	 
