subjectID	 order	 runNum	 itemName	 onsetTime	 shuff_trialType	 RT	 respInTime	 AudioTime	 response	 fixationTime	 ladder1	 ladder2	 bidIndex	 itemNameIndex	 bidValue	 
BMI_bf_108	 2	 10	 007.tif	 1.758420e+03	 11	 8.514034e+02	 110	 6.263948e+02	 98	 1.759436e+03	 600.00	 583.33	 19.00	 7	 0.62	 
BMI_bf_108	 2	 10	 011.tif	 1.761420e+03	 12	 999000	 120	 999000	 999	 1.762436e+03	 600.00	 583.33	 7.00	 11	 0.73	 
BMI_bf_108	 2	 10	 129.tif	 1.765420e+03	 12	 999000	 120	 999000	 999	 1.766436e+03	 600.00	 583.33	 10.00	 59	 0.70	 
BMI_bf_108	 2	 10	 008.tif	 1.767420e+03	 12	 999000	 120	 999000	 999	 1.768436e+03	 600.00	 583.33	 1.00	 8	 0.93	 
BMI_bf_108	 2	 10	 016.tif	 1.769420e+03	 22	 8.667137e+02	 220	 6.264338e+02	 98	 1.770436e+03	 600.00	 600.00	 48.00	 16	 0.34	 
BMI_bf_108	 2	 10	 125.tif	 1.773420e+03	 24	 999000	 240	 999000	 999	 1.774436e+03	 600.00	 600.00	 59.00	 55	 0.11	 
BMI_bf_108	 2	 10	 012.tif	 1.775420e+03	 12	 999000	 120	 999000	 999	 1.776436e+03	 600.00	 600.00	 15.00	 12	 0.65	 
BMI_bf_108	 2	 10	 122.tif	 1.780420e+03	 24	 999000	 240	 999000	 999	 1.781436e+03	 600.00	 600.00	 32.00	 52	 0.49	 
BMI_bf_108	 2	 10	 114.tif	 1.782420e+03	 24	 999000	 240	 999000	 999	 1.783436e+03	 600.00	 600.00	 31.00	 44	 0.51	 
BMI_bf_108	 2	 10	 116.tif	 1.785420e+03	 24	 999000	 240	 999000	 999	 1.786436e+03	 600.00	 600.00	 45.00	 46	 0.36	 
BMI_bf_108	 2	 10	 127.tif	 1.788420e+03	 12	 999000	 120	 999000	 999	 1.789436e+03	 600.00	 600.00	 27.00	 57	 0.55	 
BMI_bf_108	 2	 10	 120.tif	 1.792420e+03	 12	 999000	 120	 999000	 999	 1.793436e+03	 600.00	 600.00	 29.00	 50	 0.52	 
BMI_bf_108	 2	 10	 013.tif	 1.795419e+03	 24	 999000	 240	 999000	 999	 1.796436e+03	 600.00	 600.00	 44.00	 13	 0.37	 
BMI_bf_108	 2	 10	 022.tif	 1.797419e+03	 22	 8.577111e+02	 220	 6.433647e+02	 98	 1.798436e+03	 600.00	 616.67	 51.00	 22	 0.25	 
BMI_bf_108	 2	 10	 027.tif	 1.800419e+03	 24	 999000	 240	 999000	 999	 1.801436e+03	 600.00	 616.67	 55.00	 27	 0.21	 
BMI_bf_108	 2	 10	 021.tif	 1.804419e+03	 22	 8.815731e+02	 220	 6.589407e+02	 98	 1.805436e+03	 600.00	 633.33	 54.00	 21	 0.22	 
BMI_bf_108	 2	 10	 009.tif	 1.807419e+03	 12	 999000	 120	 999000	 999	 1.808436e+03	 600.00	 633.33	 28.00	 9	 0.53	 
BMI_bf_108	 2	 10	 112.tif	 1.809419e+03	 12	 999000	 120	 999000	 999	 1.810436e+03	 600.00	 633.33	 18.00	 42	 0.62	 
BMI_bf_108	 2	 10	 010.tif	 1.811419e+03	 24	 999000	 240	 999000	 999	 1.812436e+03	 600.00	 633.33	 47.00	 10	 0.35	 
BMI_bf_108	 2	 10	 107.tif	 1.816419e+03	 24	 999000	 240	 999000	 999	 1.817436e+03	 600.00	 633.33	 57.00	 37	 0.19	 
BMI_bf_108	 2	 10	 003.tif	 1.820419e+03	 12	 999000	 120	 999000	 999	 1.821436e+03	 600.00	 633.33	 21.00	 3	 0.60	 
BMI_bf_108	 2	 10	 023.tif	 1.824419e+03	 11	 7.288341e+02	 110	 6.416266e+02	 98	 1.825435e+03	 616.67	 633.33	 16.00	 23	 0.64	 
BMI_bf_108	 2	 10	 109.tif	 1.830419e+03	 24	 999000	 240	 999000	 999	 1.831435e+03	 616.67	 633.33	 34.00	 39	 0.48	 
BMI_bf_108	 2	 10	 030.tif	 1.832419e+03	 24	 999000	 240	 999000	 999	 1.833435e+03	 616.67	 633.33	 36.00	 30	 0.46	 
BMI_bf_108	 2	 10	 029.tif	 1.834419e+03	 12	 999000	 120	 999000	 999	 1.835435e+03	 616.67	 633.33	 5.00	 29	 0.76	 
BMI_bf_108	 2	 10	 101.tif	 1.836419e+03	 24	 999000	 240	 999000	 999	 1.837435e+03	 616.67	 633.33	 33.00	 31	 0.49	 
BMI_bf_108	 2	 10	 118.tif	 1.838419e+03	 12	 999000	 120	 999000	 999	 1.839435e+03	 616.67	 633.33	 20.00	 48	 0.61	 
BMI_bf_108	 2	 10	 110.tif	 1.842419e+03	 22	 9.681508e+02	 220	 6.750618e+02	 98	 1.843435e+03	 616.67	 650.00	 46.00	 40	 0.35	 
BMI_bf_108	 2	 10	 117.tif	 1.844419e+03	 22	 1.152075e+03	 2200	 6.905239e+02	 98	 1.845435e+03	 616.67	 600.00	 49.00	 47	 0.34	 
BMI_bf_108	 2	 10	 018.tif	 1.848419e+03	 24	 999000	 240	 999000	 999	 1.849435e+03	 616.67	 600.00	 58.00	 18	 0.18	 
BMI_bf_108	 2	 10	 028.tif	 1.850419e+03	 12	 999000	 120	 999000	 999	 1.851435e+03	 616.67	 600.00	 24.00	 28	 0.58	 
BMI_bf_108	 2	 10	 025.tif	 1.852419e+03	 24	 999000	 240	 999000	 999	 1.853435e+03	 616.67	 600.00	 39.00	 25	 0.44	 
BMI_bf_108	 2	 10	 102.tif	 1.854419e+03	 12	 999000	 120	 999000	 999	 1.855435e+03	 616.67	 600.00	 13.00	 32	 0.68	 
BMI_bf_108	 2	 10	 106.tif	 1.859419e+03	 11	 1.031568e+03	 1100	 6.587683e+02	 98	 1.860435e+03	 566.67	 600.00	 8.00	 36	 0.72	 
BMI_bf_108	 2	 10	 108.tif	 1.861419e+03	 24	 999000	 240	 999000	 999	 1.862435e+03	 566.67	 600.00	 37.00	 38	 0.45	 
BMI_bf_108	 2	 10	 024.tif	 1.863419e+03	 12	 999000	 120	 999000	 999	 1.864435e+03	 566.67	 600.00	 6.00	 24	 0.76	 
BMI_bf_108	 2	 10	 128.tif	 1.866419e+03	 22	 8.153678e+02	 220	 6.410791e+02	 98	 1.867435e+03	 566.67	 616.67	 38.00	 58	 0.44	 
BMI_bf_108	 2	 10	 017.tif	 1.873419e+03	 11	 8.950459e+02	 110	 6.091257e+02	 98	 1.874435e+03	 583.33	 616.67	 11.00	 17	 0.70	 
BMI_bf_108	 2	 10	 113.tif	 1.877418e+03	 12	 999000	 120	 999000	 999	 1.878435e+03	 583.33	 616.67	 25.00	 43	 0.57	 
BMI_bf_108	 2	 10	 104.tif	 1.884418e+03	 11	 7.907321e+02	 110	 6.258786e+02	 98	 1.885435e+03	 600.00	 616.67	 23.00	 34	 0.58	 
BMI_bf_108	 2	 10	 026.tif	 1.886418e+03	 22	 7.746101e+02	 220	 6.589685e+02	 98	 1.887435e+03	 600.00	 633.33	 40.00	 26	 0.42	 
BMI_bf_108	 2	 10	 105.tif	 1.890418e+03	 24	 999000	 240	 999000	 999	 1.891435e+03	 600.00	 633.33	 56.00	 35	 0.20	 
BMI_bf_108	 2	 10	 014.tif	 1.894418e+03	 12	 999000	 120	 999000	 999	 1.895435e+03	 600.00	 633.33	 3.00	 14	 0.81	 
BMI_bf_108	 2	 10	 006.tif	 1.896418e+03	 24	 999000	 240	 999000	 999	 1.897435e+03	 600.00	 633.33	 60.00	 6	 0.10	 
BMI_bf_108	 2	 10	 015.tif	 1.900418e+03	 22	 7.341652e+02	 220	 6.760987e+02	 98	 1.901435e+03	 600.00	 650.00	 43.00	 15	 0.37	 
BMI_bf_108	 2	 10	 126.tif	 1.902418e+03	 11	 7.981159e+02	 110	 6.411539e+02	 98	 1.903434e+03	 616.67	 650.00	 14.00	 56	 0.68	 
BMI_bf_108	 2	 10	 130.tif	 1.904418e+03	 12	 999000	 120	 999000	 999	 1.905434e+03	 616.67	 650.00	 4.00	 60	 0.77	 
BMI_bf_108	 2	 10	 020.tif	 1.910418e+03	 11	 8.537616e+02	 110	 6.593415e+02	 98	 1.911434e+03	 633.33	 650.00	 9.00	 20	 0.71	 
BMI_bf_108	 2	 10	 111.tif	 1.912418e+03	 22	 9.016962e+02	 220	 6.919532e+02	 98	 1.913434e+03	 633.33	 666.67	 41.00	 41	 0.42	 
BMI_bf_108	 2	 10	 123.tif	 1.915418e+03	 22	 9.575993e+02	 220	 7.079557e+02	 98	 1.916434e+03	 633.33	 683.33	 35.00	 53	 0.46	 
BMI_bf_108	 2	 10	 001.tif	 1.918418e+03	 24	 999000	 240	 999000	 999	 1.919434e+03	 633.33	 683.33	 52.00	 1	 0.24	 
BMI_bf_108	 2	 10	 004.tif	 1.920418e+03	 11	 1.125421e+03	 1100	 6.749477e+02	 98	 1.921434e+03	 583.33	 683.33	 17.00	 4	 0.63	 
BMI_bf_108	 2	 10	 124.tif	 1.922418e+03	 12	 999000	 120	 999000	 999	 1.923434e+03	 583.33	 683.33	 12.00	 54	 0.70	 
BMI_bf_108	 2	 10	 019.tif	 1.924418e+03	 24	 999000	 240	 999000	 999	 1.925434e+03	 583.33	 683.33	 50.00	 19	 0.28	 
BMI_bf_108	 2	 10	 002.tif	 1.930418e+03	 12	 999000	 120	 999000	 999	 1.931434e+03	 583.33	 683.33	 2.00	 2	 0.82	 
BMI_bf_108	 2	 10	 121.tif	 1.932418e+03	 12	 999000	 120	 999000	 999	 1.933434e+03	 583.33	 683.33	 30.00	 51	 0.51	 
BMI_bf_108	 2	 10	 005.tif	 1.934418e+03	 24	 999000	 240	 999000	 999	 1.935434e+03	 583.33	 683.33	 53.00	 5	 0.22	 
BMI_bf_108	 2	 10	 103.tif	 1.936418e+03	 24	 999000	 240	 999000	 999	 1.937434e+03	 583.33	 683.33	 42.00	 33	 0.41	 
BMI_bf_108	 2	 10	 119.tif	 1.939418e+03	 11	 9.007613e+02	 110	 6.253652e+02	 98	 1.940434e+03	 600.00	 683.33	 22.00	 49	 0.59	 
BMI_bf_108	 2	 10	 115.tif	 1.942418e+03	 11	 1.012674e+03	 1100	 6.415693e+02	 98	 1.943434e+03	 550.00	 683.33	 26.00	 45	 0.56	 
