subjectID	 order	 runNum	 itemName	 onsetTime	 shuff_trialType	 RT	 respInTime	 AudioTime	 response	 fixationTime	 ladder1	 ladder2	 bidIndex	 itemNameIndex	 bidValue	 
BMI_bf_128	 2	 8	 118.tif	 1.653169e+03	 11	 9.200900e+02	 110	 3.589653e+02	 98	 1.654186e+03	 333.33	 316.67	 16.00	 48	 0.67	 
BMI_bf_128	 2	 8	 017.tif	 1.658169e+03	 24	 999000	 240	 999000	 999	 1.659185e+03	 333.33	 316.67	 39.00	 17	 0.38	 
BMI_bf_128	 2	 8	 105.tif	 1.660169e+03	 24	 999000	 240	 999000	 999	 1.661185e+03	 333.33	 316.67	 57.00	 35	 0.17	 
BMI_bf_128	 2	 8	 013.tif	 1.662169e+03	 12	 999000	 120	 999000	 999	 1.663185e+03	 333.33	 316.67	 28.00	 13	 0.53	 
BMI_bf_128	 2	 8	 101.tif	 1.668169e+03	 12	 999000	 120	 999000	 999	 1.669185e+03	 333.33	 316.67	 18.00	 31	 0.64	 
BMI_bf_128	 2	 8	 005.tif	 1.670169e+03	 24	 999000	 240	 999000	 999	 1.671185e+03	 333.33	 316.67	 42.00	 5	 0.37	 
BMI_bf_128	 2	 8	 120.tif	 1.673169e+03	 22	 9.030886e+02	 220	 3.592023e+02	 98	 1.674185e+03	 333.33	 333.33	 46.00	 50	 0.34	 
BMI_bf_128	 2	 8	 010.tif	 1.675169e+03	 24	 999000	 240	 999000	 999	 1.676185e+03	 333.33	 333.33	 32.00	 10	 0.44	 
BMI_bf_128	 2	 8	 023.tif	 1.679169e+03	 24	 999000	 240	 999000	 999	 1.680185e+03	 333.33	 333.33	 59.00	 23	 0.14	 
BMI_bf_128	 2	 8	 029.tif	 1.681168e+03	 12	 999000	 120	 999000	 999	 1.682185e+03	 333.33	 333.33	 30.00	 29	 0.46	 
BMI_bf_128	 2	 8	 129.tif	 1.686168e+03	 12	 999000	 120	 999000	 999	 1.687185e+03	 333.33	 333.33	 2.00	 59	 0.85	 
BMI_bf_128	 2	 8	 025.tif	 1.693168e+03	 12	 999000	 120	 999000	 999	 1.694185e+03	 333.33	 333.33	 15.00	 25	 0.68	 
BMI_bf_128	 2	 8	 011.tif	 1.695168e+03	 11	 9.743341e+02	 110	 3.753165e+02	 98	 1.696184e+03	 350.00	 333.33	 23.00	 11	 0.59	 
BMI_bf_128	 2	 8	 125.tif	 1.698168e+03	 24	 999000	 240	 999000	 999	 1.699184e+03	 350.00	 333.33	 36.00	 55	 0.39	 
BMI_bf_128	 2	 8	 014.tif	 1.701168e+03	 22	 1.006026e+03	 2200	 3.758566e+02	 98	 1.702184e+03	 350.00	 283.33	 41.00	 14	 0.37	 
BMI_bf_128	 2	 8	 117.tif	 1.705168e+03	 24	 999000	 240	 999000	 999	 1.706184e+03	 350.00	 283.33	 44.00	 47	 0.35	 
BMI_bf_128	 2	 8	 108.tif	 1.709168e+03	 11	 1.013791e+03	 1100	 3.925507e+02	 98	 1.710184e+03	 300.00	 283.33	 8.00	 38	 0.78	 
BMI_bf_128	 2	 8	 027.tif	 1.713168e+03	 22	 8.856685e+02	 220	 3.253033e+02	 98	 1.714184e+03	 300.00	 300.00	 51.00	 27	 0.30	 
BMI_bf_128	 2	 8	 102.tif	 1.716168e+03	 12	 999000	 120	 999000	 999	 1.717184e+03	 300.00	 300.00	 5.00	 32	 0.82	 
BMI_bf_128	 2	 8	 111.tif	 1.722167e+03	 12	 999000	 120	 999000	 999	 1.723184e+03	 300.00	 300.00	 21.00	 41	 0.60	 
BMI_bf_128	 2	 8	 122.tif	 1.724167e+03	 11	 9.653017e+02	 110	 3.433023e+02	 98	 1.725184e+03	 316.67	 300.00	 22.00	 52	 0.59	 
BMI_bf_128	 2	 8	 127.tif	 1.727167e+03	 12	 999000	 120	 999000	 999	 1.728184e+03	 316.67	 300.00	 13.00	 57	 0.71	 
BMI_bf_128	 2	 8	 008.tif	 1.729167e+03	 24	 999000	 240	 999000	 999	 1.730184e+03	 316.67	 300.00	 56.00	 8	 0.17	 
BMI_bf_128	 2	 8	 004.tif	 1.731167e+03	 22	 9.330412e+02	 220	 3.426917e+02	 98	 1.732184e+03	 316.67	 316.67	 49.00	 4	 0.32	 
BMI_bf_128	 2	 8	 110.tif	 1.733167e+03	 12	 999000	 120	 999000	 999	 1.734184e+03	 316.67	 316.67	 12.00	 40	 0.72	 
BMI_bf_128	 2	 8	 003.tif	 1.736167e+03	 24	 999000	 240	 999000	 999	 1.737184e+03	 316.67	 316.67	 50.00	 3	 0.30	 
BMI_bf_128	 2	 8	 103.tif	 1.740167e+03	 24	 999000	 240	 999000	 999	 1.741183e+03	 316.67	 316.67	 33.00	 33	 0.44	 
BMI_bf_128	 2	 8	 016.tif	 1.742167e+03	 24	 999000	 240	 999000	 999	 1.743183e+03	 316.67	 316.67	 52.00	 16	 0.29	 
BMI_bf_128	 2	 8	 109.tif	 1.744167e+03	 11	 8.605300e+02	 110	 3.591833e+02	 98	 1.745183e+03	 333.33	 316.67	 9.00	 39	 0.78	 
BMI_bf_128	 2	 8	 121.tif	 1.746167e+03	 11	 9.645250e+02	 110	 3.739645e+02	 98	 1.747183e+03	 350.00	 316.67	 19.00	 51	 0.61	 
BMI_bf_128	 2	 8	 119.tif	 1.748167e+03	 24	 999000	 240	 999000	 999	 1.749183e+03	 350.00	 316.67	 47.00	 49	 0.34	 
BMI_bf_128	 2	 8	 107.tif	 1.750167e+03	 24	 999000	 240	 999000	 999	 1.751183e+03	 350.00	 316.67	 45.00	 37	 0.34	 
BMI_bf_128	 2	 8	 030.tif	 1.754167e+03	 24	 999000	 240	 999000	 999	 1.755183e+03	 350.00	 316.67	 55.00	 30	 0.26	 
BMI_bf_128	 2	 8	 116.tif	 1.758167e+03	 11	 9.721001e+02	 110	 3.912590e+02	 98	 1.759183e+03	 366.67	 316.67	 14.00	 46	 0.70	 
BMI_bf_128	 2	 8	 001.tif	 1.760167e+03	 22	 1.044015e+03	 2200	 3.589309e+02	 98	 1.761183e+03	 366.67	 266.67	 54.00	 1	 0.27	 
BMI_bf_128	 2	 8	 028.tif	 1.762167e+03	 22	 8.359146e+02	 220	 3.094583e+02	 98	 1.763183e+03	 366.67	 283.33	 38.00	 28	 0.38	 
BMI_bf_128	 2	 8	 113.tif	 1.764166e+03	 12	 999000	 120	 999000	 999	 1.765183e+03	 366.67	 283.33	 6.00	 43	 0.82	 
BMI_bf_128	 2	 8	 019.tif	 1.766166e+03	 24	 999000	 240	 999000	 999	 1.767183e+03	 366.67	 283.33	 34.00	 19	 0.43	 
BMI_bf_128	 2	 8	 104.tif	 1.772166e+03	 12	 999000	 120	 999000	 999	 1.773183e+03	 366.67	 283.33	 3.00	 34	 0.84	 
BMI_bf_128	 2	 8	 021.tif	 1.774166e+03	 24	 999000	 240	 999000	 999	 1.775183e+03	 366.67	 283.33	 31.00	 21	 0.44	 
BMI_bf_128	 2	 8	 123.tif	 1.776166e+03	 11	 1.003348e+03	 1100	 4.094045e+02	 98	 1.777183e+03	 316.67	 283.33	 11.00	 53	 0.73	 
BMI_bf_128	 2	 8	 114.tif	 1.778166e+03	 12	 999000	 120	 999000	 999	 1.779182e+03	 316.67	 283.33	 27.00	 44	 0.56	 
BMI_bf_128	 2	 8	 024.tif	 1.781166e+03	 12	 999000	 120	 999000	 999	 1.782182e+03	 316.67	 283.33	 20.00	 24	 0.60	 
BMI_bf_128	 2	 8	 007.tif	 1.783166e+03	 11	 9.711761e+02	 110	 3.597957e+02	 98	 1.784182e+03	 333.33	 283.33	 26.00	 7	 0.56	 
BMI_bf_128	 2	 8	 124.tif	 1.790166e+03	 22	 8.829823e+02	 220	 3.261859e+02	 98	 1.791182e+03	 333.33	 300.00	 35.00	 54	 0.39	 
BMI_bf_128	 2	 8	 015.tif	 1.792166e+03	 24	 999000	 240	 999000	 999	 1.793182e+03	 333.33	 300.00	 37.00	 15	 0.39	 
BMI_bf_128	 2	 8	 126.tif	 1.796166e+03	 12	 999000	 120	 999000	 999	 1.797182e+03	 333.33	 300.00	 4.00	 56	 0.82	 
BMI_bf_128	 2	 8	 006.tif	 1.800166e+03	 24	 999000	 240	 999000	 999	 1.801182e+03	 333.33	 300.00	 60.00	 6	 0.05	 
BMI_bf_128	 2	 8	 026.tif	 1.803166e+03	 24	 999000	 240	 999000	 999	 1.804182e+03	 333.33	 300.00	 53.00	 26	 0.28	 
BMI_bf_128	 2	 8	 022.tif	 1.805165e+03	 12	 999000	 120	 999000	 999	 1.806182e+03	 333.33	 300.00	 24.00	 22	 0.59	 
BMI_bf_128	 2	 8	 115.tif	 1.809165e+03	 22	 1.026271e+03	 2200	 3.419337e+02	 98	 1.810182e+03	 333.33	 250.00	 48.00	 45	 0.33	 
BMI_bf_128	 2	 8	 112.tif	 1.811165e+03	 22	 1.130226e+03	 2200	 2.904794e+02	 98	 1.812182e+03	 333.33	 200.00	 43.00	 42	 0.36	 
BMI_bf_128	 2	 8	 130.tif	 1.814165e+03	 12	 999000	 120	 999000	 999	 1.815182e+03	 333.33	 200.00	 7.00	 60	 0.80	 
BMI_bf_128	 2	 8	 012.tif	 1.818165e+03	 24	 999000	 240	 999000	 999	 1.819182e+03	 333.33	 200.00	 58.00	 12	 0.16	 
BMI_bf_128	 2	 8	 128.tif	 1.820165e+03	 12	 999000	 120	 999000	 999	 1.821181e+03	 333.33	 200.00	 10.00	 58	 0.77	 
BMI_bf_128	 2	 8	 106.tif	 1.825182e+03	 11	 1.057053e+03	 1100	 3.757002e+02	 98	 1.826198e+03	 283.33	 200.00	 17.00	 36	 0.66	 
BMI_bf_128	 2	 8	 018.tif	 1.827165e+03	 12	 999000	 120	 999000	 999	 1.828181e+03	 283.33	 200.00	 29.00	 18	 0.46	 
BMI_bf_128	 2	 8	 020.tif	 1.831182e+03	 12	 999000	 120	 999000	 999	 1.832198e+03	 283.33	 200.00	 1.00	 20	 0.92	 
BMI_bf_128	 2	 8	 009.tif	 1.834181e+03	 12	 999000	 120	 999000	 999	 1.835198e+03	 283.33	 200.00	 25.00	 9	 0.57	 
BMI_bf_128	 2	 8	 002.tif	 1.837181e+03	 22	 9.046459e+02	 220	 2.420309e+02	 98	 1.838198e+03	 283.33	 216.67	 40.00	 2	 0.37	 
