subjectID	 order	 runNum	 itemName	 onsetTime	 shuff_trialType	 RT	 respInTime	 AudioTime	 response	 fixationTime	 ladder1	 ladder2	 bidIndex	 itemNameIndex	 bidValue	 
BMI_bf_104	 2	 3	 102.tif	 3.850935e+02	 12	 999000	 120	 999000	 999	 3.861102e+02	 350.00	 350.00	 2.00	 32	 0.90	 
BMI_bf_104	 2	 3	 105.tif	 3.880938e+02	 12	 999000	 120	 999000	 999	 3.891101e+02	 350.00	 350.00	 18.00	 35	 0.64	 
BMI_bf_104	 2	 3	 104.tif	 3.920936e+02	 12	 999000	 120	 999000	 999	 3.931099e+02	 350.00	 350.00	 20.00	 34	 0.62	 
BMI_bf_104	 2	 3	 117.tif	 3.940936e+02	 24	 999000	 240	 999000	 999	 3.951099e+02	 350.00	 350.00	 42.00	 47	 0.39	 
BMI_bf_104	 2	 3	 111.tif	 3.960935e+02	 12	 999000	 120	 999000	 999	 3.971098e+02	 350.00	 350.00	 12.00	 41	 0.70	 
BMI_bf_104	 2	 3	 109.tif	 4.000934e+02	 11	 9.312748e+02	 110	 3.931786e+02	 98	 4.011098e+02	 366.67	 350.00	 16.00	 39	 0.67	 
BMI_bf_104	 2	 3	 008.tif	 4.020933e+02	 24	 999000	 240	 999000	 999	 4.031096e+02	 366.67	 350.00	 34.00	 8	 0.48	 
BMI_bf_104	 2	 3	 021.tif	 4.070932e+02	 24	 999000	 240	 999000	 999	 4.081095e+02	 366.67	 350.00	 60.00	 21	 0.06	 
BMI_bf_104	 2	 3	 024.tif	 4.090932e+02	 12	 999000	 120	 999000	 999	 4.101094e+02	 366.67	 350.00	 30.00	 24	 0.50	 
BMI_bf_104	 2	 3	 108.tif	 4.120930e+02	 12	 999000	 120	 999000	 999	 4.131094e+02	 366.67	 350.00	 15.00	 38	 0.67	 
BMI_bf_104	 2	 3	 101.tif	 4.150929e+02	 11	 9.787404e+02	 110	 4.096242e+02	 98	 4.161093e+02	 383.33	 350.00	 23.00	 31	 0.60	 
BMI_bf_104	 2	 3	 003.tif	 4.190928e+02	 24	 999000	 240	 999000	 999	 4.201091e+02	 383.33	 350.00	 53.00	 3	 0.20	 
BMI_bf_104	 2	 3	 012.tif	 4.220927e+02	 24	 999000	 240	 999000	 999	 4.231090e+02	 383.33	 350.00	 36.00	 12	 0.45	 
BMI_bf_104	 2	 3	 005.tif	 4.240927e+02	 11	 9.784395e+02	 110	 4.257423e+02	 98	 4.251090e+02	 400.00	 350.00	 19.00	 5	 0.64	 
BMI_bf_104	 2	 3	 015.tif	 4.270926e+02	 22	 9.623866e+02	 220	 3.954515e+02	 98	 4.281089e+02	 400.00	 366.67	 43.00	 15	 0.39	 
BMI_bf_104	 2	 3	 123.tif	 4.310925e+02	 12	 999000	 120	 999000	 999	 4.321088e+02	 400.00	 366.67	 27.00	 53	 0.54	 
BMI_bf_104	 2	 3	 127.tif	 4.340924e+02	 11	 1.002129e+03	 1100	 4.430473e+02	 98	 4.351087e+02	 350.00	 366.67	 9.00	 57	 0.73	 
BMI_bf_104	 2	 3	 023.tif	 4.360923e+02	 11	 9.781017e+02	 110	 3.926715e+02	 98	 4.371086e+02	 366.67	 366.67	 26.00	 23	 0.56	 
BMI_bf_104	 2	 3	 122.tif	 4.380922e+02	 11	 9.539621e+02	 110	 4.096930e+02	 98	 4.391086e+02	 383.33	 366.67	 14.00	 52	 0.67	 
BMI_bf_104	 2	 3	 018.tif	 4.430921e+02	 24	 999000	 240	 999000	 999	 4.441084e+02	 383.33	 366.67	 47.00	 18	 0.31	 
BMI_bf_104	 2	 3	 120.tif	 4.470920e+02	 24	 999000	 240	 999000	 999	 4.481083e+02	 383.33	 366.67	 37.00	 50	 0.45	 
BMI_bf_104	 2	 3	 121.tif	 4.510918e+02	 12	 999000	 120	 999000	 999	 4.521082e+02	 383.33	 366.67	 1.00	 51	 0.98	 
BMI_bf_104	 2	 3	 112.tif	 4.570917e+02	 24	 999000	 240	 999000	 999	 4.581080e+02	 383.33	 366.67	 57.00	 42	 0.17	 
BMI_bf_104	 2	 3	 028.tif	 4.590916e+02	 24	 999000	 240	 999000	 999	 4.601079e+02	 383.33	 366.67	 39.00	 28	 0.41	 
BMI_bf_104	 2	 3	 001.tif	 4.610915e+02	 22	 9.851802e+02	 220	 4.086577e+02	 98	 4.621078e+02	 383.33	 383.33	 49.00	 1	 0.27	 
BMI_bf_104	 2	 3	 110.tif	 4.630914e+02	 12	 999000	 120	 999000	 999	 4.641078e+02	 383.33	 383.33	 5.00	 40	 0.81	 
BMI_bf_104	 2	 3	 115.tif	 4.650914e+02	 24	 999000	 240	 999000	 999	 4.661077e+02	 383.33	 383.33	 31.00	 45	 0.50	 
BMI_bf_104	 2	 3	 010.tif	 4.690913e+02	 22	 1.016926e+03	 2200	 4.257314e+02	 98	 4.701077e+02	 383.33	 333.33	 35.00	 10	 0.46	 
BMI_bf_104	 2	 3	 130.tif	 4.710910e+02	 11	 9.851265e+02	 110	 4.258250e+02	 98	 4.721076e+02	 400.00	 333.33	 17.00	 60	 0.64	 
BMI_bf_104	 2	 3	 013.tif	 4.750911e+02	 22	 9.206819e+02	 220	 3.752729e+02	 98	 4.761075e+02	 400.00	 350.00	 41.00	 13	 0.40	 
BMI_bf_104	 2	 3	 114.tif	 4.770911e+02	 22	 9.365730e+02	 220	 3.941804e+02	 98	 4.781074e+02	 400.00	 366.67	 46.00	 44	 0.34	 
BMI_bf_104	 2	 3	 119.tif	 4.790909e+02	 12	 999000	 120	 999000	 999	 4.801073e+02	 400.00	 366.67	 3.00	 49	 0.85	 
BMI_bf_104	 2	 3	 030.tif	 4.810909e+02	 24	 999000	 240	 999000	 999	 4.821072e+02	 400.00	 366.67	 33.00	 30	 0.49	 
BMI_bf_104	 2	 3	 004.tif	 4.860908e+02	 12	 999000	 120	 999000	 999	 4.871071e+02	 400.00	 366.67	 6.00	 4	 0.75	 
BMI_bf_104	 2	 3	 025.tif	 4.880907e+02	 24	 999000	 240	 999000	 999	 4.891070e+02	 400.00	 366.67	 52.00	 25	 0.24	 
BMI_bf_104	 2	 3	 011.tif	 4.900907e+02	 22	 9.841451e+02	 220	 4.098962e+02	 98	 4.911070e+02	 400.00	 383.33	 38.00	 11	 0.41	 
BMI_bf_104	 2	 3	 113.tif	 4.930906e+02	 12	 999000	 120	 999000	 999	 4.941069e+02	 400.00	 383.33	 4.00	 43	 0.82	 
BMI_bf_104	 2	 3	 020.tif	 5.000904e+02	 24	 999000	 240	 999000	 999	 5.011067e+02	 400.00	 383.33	 56.00	 20	 0.19	 
BMI_bf_104	 2	 3	 118.tif	 5.040902e+02	 12	 999000	 120	 999000	 999	 5.051065e+02	 400.00	 383.33	 10.00	 48	 0.70	 
BMI_bf_104	 2	 3	 124.tif	 5.111066e+02	 24	 999000	 240	 999000	 999	 5.121230e+02	 400.00	 383.33	 50.00	 54	 0.26	 
BMI_bf_104	 2	 3	 107.tif	 5.131066e+02	 24	 999000	 240	 999000	 999	 5.141229e+02	 400.00	 383.33	 59.00	 37	 0.08	 
BMI_bf_104	 2	 3	 106.tif	 5.171065e+02	 12	 999000	 120	 999000	 999	 5.181228e+02	 400.00	 383.33	 21.00	 36	 0.61	 
BMI_bf_104	 2	 3	 002.tif	 5.211063e+02	 12	 999000	 120	 999000	 999	 5.221227e+02	 400.00	 383.33	 25.00	 2	 0.60	 
BMI_bf_104	 2	 3	 029.tif	 5.231063e+02	 22	 9.983694e+02	 220	 4.251757e+02	 98	 5.241227e+02	 400.00	 400.00	 48.00	 29	 0.29	 
BMI_bf_104	 2	 3	 006.tif	 5.271062e+02	 24	 999000	 240	 999000	 999	 5.281225e+02	 400.00	 400.00	 45.00	 6	 0.37	 
BMI_bf_104	 2	 3	 128.tif	 5.291061e+02	 12	 999000	 120	 999000	 999	 5.301225e+02	 400.00	 400.00	 29.00	 58	 0.53	 
BMI_bf_104	 2	 3	 009.tif	 5.311060e+02	 22	 1.046107e+03	 2200	 4.421502e+02	 98	 5.321224e+02	 400.00	 350.00	 40.00	 9	 0.40	 
BMI_bf_104	 2	 3	 014.tif	 5.371059e+02	 12	 999000	 120	 999000	 999	 5.381222e+02	 400.00	 350.00	 24.00	 14	 0.60	 
BMI_bf_104	 2	 3	 026.tif	 5.391058e+02	 24	 999000	 240	 999000	 999	 5.401221e+02	 400.00	 350.00	 32.00	 26	 0.49	 
BMI_bf_104	 2	 3	 125.tif	 5.421057e+02	 24	 999000	 240	 999000	 999	 5.431221e+02	 400.00	 350.00	 44.00	 55	 0.38	 
BMI_bf_104	 2	 3	 022.tif	 5.451056e+02	 12	 999000	 120	 999000	 999	 5.461220e+02	 400.00	 350.00	 13.00	 22	 0.69	 
BMI_bf_104	 2	 3	 017.tif	 5.471055e+02	 11	 9.814945e+02	 110	 4.433376e+02	 98	 5.481219e+02	 416.67	 350.00	 22.00	 17	 0.61	 
BMI_bf_104	 2	 3	 116.tif	 5.491053e+02	 11	 1.005622e+03	 1100	 4.594035e+02	 98	 5.501218e+02	 366.67	 350.00	 8.00	 46	 0.74	 
BMI_bf_104	 2	 3	 027.tif	 5.511052e+02	 11	 9.175652e+02	 110	 4.087467e+02	 98	 5.521218e+02	 383.33	 350.00	 11.00	 27	 0.70	 
BMI_bf_104	 2	 3	 126.tif	 5.571052e+02	 22	 4.852138e+02	 220	 3.933977e+02	 98	 5.581216e+02	 383.33	 366.67	 51.00	 56	 0.25	 
BMI_bf_104	 2	 3	 129.tif	 5.591052e+02	 24	 999000	 240	 999000	 999	 5.601215e+02	 383.33	 366.67	 58.00	 59	 0.16	 
BMI_bf_104	 2	 3	 007.tif	 5.611051e+02	 24	 999000	 240	 999000	 999	 5.621215e+02	 383.33	 366.67	 55.00	 7	 0.19	 
BMI_bf_104	 2	 3	 103.tif	 5.631049e+02	 12	 999000	 120	 999000	 999	 5.641214e+02	 383.33	 366.67	 7.00	 33	 0.74	 
BMI_bf_104	 2	 3	 019.tif	 5.661050e+02	 22	 1.012813e+03	 2200	 4.103927e+02	 98	 5.671213e+02	 383.33	 316.67	 54.00	 19	 0.20	 
BMI_bf_104	 2	 3	 016.tif	 5.691048e+02	 12	 999000	 120	 999000	 999	 5.701213e+02	 383.33	 316.67	 28.00	 16	 0.53	 
