subjectID	 order	 runNum	 itemName	 onsetTime	 shuff_trialType	 RT	 respInTime	 AudioTime	 response	 fixationTime	 ladder1	 ladder2	 bidIndex	 itemNameIndex	 bidValue	 
BMI_bf_126	 2	 11	 122.tif	 1.940888e+03	 24	 999000	 240	 999000	 999	 1.941904e+03	 816.67	 750.00	 42.00	 52	 0.36	 
BMI_bf_126	 2	 11	 121.tif	 1.945888e+03	 12	 999000	 120	 999000	 999	 1.946904e+03	 816.67	 750.00	 30.00	 51	 0.53	 
BMI_bf_126	 2	 11	 022.tif	 1.947888e+03	 12	 999000	 120	 999000	 999	 1.948904e+03	 816.67	 750.00	 20.00	 22	 0.66	 
BMI_bf_126	 2	 11	 012.tif	 1.949888e+03	 24	 999000	 240	 999000	 999	 1.950904e+03	 816.67	 750.00	 59.00	 12	 0.14	 
BMI_bf_126	 2	 11	 010.tif	 1.955888e+03	 12	 999000	 120	 999000	 999	 1.956904e+03	 816.67	 750.00	 13.00	 10	 0.69	 
BMI_bf_126	 2	 11	 026.tif	 1.957888e+03	 24	 999000	 240	 999000	 999	 1.958904e+03	 816.67	 750.00	 56.00	 26	 0.21	 
BMI_bf_126	 2	 11	 102.tif	 1.960888e+03	 12	 999000	 120	 999000	 999	 1.961904e+03	 816.67	 750.00	 1.00	 32	 0.87	 
BMI_bf_126	 2	 11	 111.tif	 1.962888e+03	 11	 6.593202e+02	 11	 8.594876e+02	 98	 1.963904e+03	 833.33	 750.00	 22.00	 41	 0.65	 
BMI_bf_126	 2	 11	 021.tif	 1.966888e+03	 22	 8.911333e+02	 220	 7.929418e+02	 98	 1.967904e+03	 833.33	 766.67	 38.00	 21	 0.40	 
BMI_bf_126	 2	 11	 016.tif	 1.968888e+03	 11	 9.711150e+02	 110	 8.759916e+02	 98	 1.969904e+03	 850.00	 766.67	 19.00	 16	 0.66	 
BMI_bf_126	 2	 11	 007.tif	 1.973887e+03	 12	 999000	 120	 999000	 999	 1.974904e+03	 850.00	 766.67	 10.00	 7	 0.71	 
BMI_bf_126	 2	 11	 029.tif	 1.980887e+03	 22	 6.746992e+02	 22	 8.091557e+02	 98	 1.981904e+03	 850.00	 783.33	 49.00	 29	 0.25	 
BMI_bf_126	 2	 11	 113.tif	 1.982887e+03	 11	 8.106400e+02	 11	 8.927646e+02	 98	 1.983904e+03	 866.67	 783.33	 16.00	 43	 0.67	 
BMI_bf_126	 2	 11	 112.tif	 1.985887e+03	 24	 999000	 240	 999000	 999	 1.986904e+03	 866.67	 783.33	 57.00	 42	 0.20	 
BMI_bf_126	 2	 11	 107.tif	 1.988887e+03	 24	 999000	 240	 999000	 999	 1.989903e+03	 866.67	 783.33	 52.00	 37	 0.24	 
BMI_bf_126	 2	 11	 126.tif	 1.992887e+03	 12	 999000	 120	 999000	 999	 1.993903e+03	 866.67	 783.33	 27.00	 56	 0.59	 
BMI_bf_126	 2	 11	 118.tif	 1.996887e+03	 24	 999000	 240	 999000	 999	 1.997903e+03	 866.67	 783.33	 39.00	 48	 0.40	 
BMI_bf_126	 2	 11	 120.tif	 2.000887e+03	 24	 999000	 240	 999000	 999	 2.001903e+03	 866.67	 783.33	 45.00	 50	 0.34	 
BMI_bf_126	 2	 11	 110.tif	 2.003887e+03	 11	 6.418871e+02	 11	 9.091478e+02	 98	 2.004903e+03	 883.33	 783.33	 23.00	 40	 0.65	 
BMI_bf_126	 2	 11	 119.tif	 2.009887e+03	 12	 999000	 120	 999000	 999	 2.010903e+03	 883.33	 783.33	 28.00	 49	 0.56	 
BMI_bf_126	 2	 11	 008.tif	 2.011887e+03	 22	 7.776036e+02	 22	 8.263809e+02	 98	 2.012903e+03	 883.33	 800.00	 41.00	 8	 0.37	 
BMI_bf_126	 2	 11	 116.tif	 2.014887e+03	 24	 999000	 240	 999000	 999	 2.015903e+03	 883.33	 800.00	 53.00	 46	 0.23	 
BMI_bf_126	 2	 11	 130.tif	 2.016887e+03	 24	 999000	 240	 999000	 999	 2.017903e+03	 883.33	 800.00	 31.00	 60	 0.51	 
BMI_bf_126	 2	 11	 127.tif	 2.018886e+03	 11	 6.653540e+02	 11	 9.259153e+02	 98	 2.019903e+03	 900.00	 800.00	 9.00	 57	 0.71	 
BMI_bf_126	 2	 11	 125.tif	 2.020886e+03	 24	 999000	 240	 999000	 999	 2.021903e+03	 900.00	 800.00	 34.00	 55	 0.45	 
BMI_bf_126	 2	 11	 005.tif	 2.023886e+03	 12	 999000	 120	 999000	 999	 2.024903e+03	 900.00	 800.00	 5.00	 5	 0.72	 
BMI_bf_126	 2	 11	 103.tif	 2.027886e+03	 24	 999000	 240	 999000	 999	 2.028903e+03	 900.00	 800.00	 36.00	 33	 0.41	 
BMI_bf_126	 2	 11	 018.tif	 2.029886e+03	 22	 7.529603e+02	 22	 8.429863e+02	 98	 2.030903e+03	 900.00	 816.67	 40.00	 18	 0.38	 
BMI_bf_126	 2	 11	 009.tif	 2.031886e+03	 22	 7.048764e+02	 22	 8.586548e+02	 98	 2.032903e+03	 900.00	 833.33	 46.00	 9	 0.32	 
BMI_bf_126	 2	 11	 020.tif	 2.033886e+03	 12	 999000	 120	 999000	 999	 2.034902e+03	 900.00	 833.33	 12.00	 20	 0.70	 
BMI_bf_126	 2	 11	 017.tif	 2.035886e+03	 24	 999000	 240	 999000	 999	 2.036902e+03	 900.00	 833.33	 33.00	 17	 0.48	 
BMI_bf_126	 2	 11	 117.tif	 2.037886e+03	 24	 999000	 240	 999000	 999	 2.038902e+03	 900.00	 833.33	 44.00	 47	 0.34	 
BMI_bf_126	 2	 11	 027.tif	 2.041886e+03	 22	 7.845378e+02	 22	 8.758401e+02	 98	 2.042902e+03	 900.00	 850.00	 48.00	 27	 0.27	 
BMI_bf_126	 2	 11	 106.tif	 2.045886e+03	 12	 999000	 120	 999000	 999	 2.046902e+03	 900.00	 850.00	 29.00	 36	 0.54	 
BMI_bf_126	 2	 11	 101.tif	 2.047886e+03	 12	 999000	 120	 999000	 999	 2.048902e+03	 900.00	 850.00	 18.00	 31	 0.67	 
BMI_bf_126	 2	 11	 013.tif	 2.049886e+03	 11	 8.322453e+02	 11	 9.427985e+02	 98	 2.050902e+03	 916.67	 850.00	 14.00	 13	 0.69	 
BMI_bf_126	 2	 11	 129.tif	 2.051886e+03	 22	 6.481838e+02	 22	 8.930474e+02	 98	 2.052902e+03	 916.67	 866.67	 43.00	 59	 0.34	 
BMI_bf_126	 2	 11	 014.tif	 2.053886e+03	 12	 999000	 120	 999000	 999	 2.054902e+03	 916.67	 866.67	 25.00	 14	 0.63	 
BMI_bf_126	 2	 11	 028.tif	 2.059886e+03	 12	 999000	 120	 999000	 999	 2.060902e+03	 916.67	 866.67	 21.00	 28	 0.65	 
BMI_bf_126	 2	 11	 003.tif	 2.061886e+03	 24	 999000	 240	 999000	 999	 2.062902e+03	 916.67	 866.67	 47.00	 3	 0.27	 
BMI_bf_126	 2	 11	 004.tif	 2.063886e+03	 12	 999000	 120	 999000	 999	 2.064902e+03	 916.67	 866.67	 4.00	 4	 0.76	 
BMI_bf_126	 2	 11	 006.tif	 2.065885e+03	 24	 999000	 240	 999000	 999	 2.066902e+03	 916.67	 866.67	 50.00	 6	 0.25	 
BMI_bf_126	 2	 11	 024.tif	 2.068885e+03	 11	 7.995679e+02	 11	 9.595989e+02	 98	 2.069902e+03	 933.33	 866.67	 11.00	 24	 0.71	 
BMI_bf_126	 2	 11	 108.tif	 2.070885e+03	 12	 999000	 120	 999000	 999	 2.071902e+03	 933.33	 866.67	 7.00	 38	 0.72	 
BMI_bf_126	 2	 11	 124.tif	 2.077885e+03	 12	 999000	 120	 999000	 999	 2.078902e+03	 933.33	 866.67	 3.00	 54	 0.85	 
BMI_bf_126	 2	 11	 011.tif	 2.079885e+03	 11	 6.871987e+02	 11	 9.753347e+02	 98	 2.080902e+03	 950.00	 866.67	 17.00	 11	 0.67	 
BMI_bf_126	 2	 11	 030.tif	 2.083885e+03	 11	 5.590531e+02	 11	 9.924729e+02	 98	 2.084901e+03	 966.67	 866.67	 26.00	 30	 0.62	 
BMI_bf_126	 2	 11	 128.tif	 2.087885e+03	 22	 6.229287e+02	 22	 9.093652e+02	 98	 2.088901e+03	 966.67	 883.33	 51.00	 58	 0.24	 
BMI_bf_126	 2	 11	 105.tif	 2.090885e+03	 24	 999000	 240	 999000	 999	 2.091901e+03	 966.67	 883.33	 55.00	 35	 0.21	 
BMI_bf_126	 2	 11	 123.tif	 2.092885e+03	 22	 5.827434e+02	 22	 9.255380e+02	 98	 2.093901e+03	 966.67	 900.00	 35.00	 53	 0.44	 
BMI_bf_126	 2	 11	 104.tif	 2.096901e+03	 12	 999000	 120	 999000	 999	 2.097918e+03	 966.67	 900.00	 2.00	 34	 0.87	 
BMI_bf_126	 2	 11	 001.tif	 2.098901e+03	 12	 999000	 120	 999000	 999	 2.099918e+03	 966.67	 900.00	 6.00	 1	 0.72	 
BMI_bf_126	 2	 11	 114.tif	 2.101901e+03	 24	 999000	 240	 999000	 999	 2.102918e+03	 966.67	 900.00	 32.00	 44	 0.50	 
BMI_bf_126	 2	 11	 109.tif	 2.105901e+03	 11	 5.256068e+02	 11	 1.009204e+03	 98	 2.106918e+03	 983.33	 900.00	 8.00	 39	 0.72	 
BMI_bf_126	 2	 11	 115.tif	 2.107901e+03	 12	 999000	 120	 999000	 999	 2.108918e+03	 983.33	 900.00	 24.00	 45	 0.64	 
BMI_bf_126	 2	 11	 023.tif	 2.112901e+03	 24	 999000	 240	 999000	 999	 2.113917e+03	 983.33	 900.00	 60.00	 23	 0.13	 
BMI_bf_126	 2	 11	 025.tif	 2.114901e+03	 22	 7.412730e+02	 22	 9.423490e+02	 98	 2.115917e+03	 983.33	 916.67	 54.00	 25	 0.23	 
BMI_bf_126	 2	 11	 019.tif	 2.118901e+03	 24	 999000	 240	 999000	 999	 2.119917e+03	 983.33	 916.67	 58.00	 19	 0.19	 
BMI_bf_126	 2	 11	 015.tif	 2.121901e+03	 24	 999000	 240	 999000	 999	 2.122917e+03	 983.33	 916.67	 37.00	 15	 0.40	 
BMI_bf_126	 2	 11	 002.tif	 2.124901e+03	 12	 999000	 120	 999000	 999	 2.125917e+03	 983.33	 916.67	 15.00	 2	 0.68	 
