subjectID	 order	 runNum	 itemName	 onsetTime	 shuff_trialType	 RT	 respInTime	 AudioTime	 response	 fixationTime	 ladder1	 ladder2	 bidIndex	 itemNameIndex	 bidValue	 
BMI_bf_101	 1	 12	 025.tif	 2.147084e+03	 22	 1.017951e+03	 2200	 4.930044e+02	 98	 2.148101e+03	 450.00	 400.00	 45.00	 25	 0.36	 
BMI_bf_101	 1	 12	 030.tif	 2.150085e+03	 12	 999000	 120	 999000	 999	 2.151101e+03	 450.00	 400.00	 30.00	 30	 0.49	 
BMI_bf_101	 1	 12	 104.tif	 2.152085e+03	 12	 999000	 120	 999000	 999	 2.153101e+03	 450.00	 400.00	 22.00	 34	 0.61	 
BMI_bf_101	 1	 12	 018.tif	 2.154084e+03	 22	 9.535719e+02	 220	 4.426135e+02	 98	 2.155101e+03	 450.00	 416.67	 53.00	 18	 0.20	 
BMI_bf_101	 1	 12	 111.tif	 2.156084e+03	 12	 999000	 120	 999000	 999	 2.157101e+03	 450.00	 416.67	 4.00	 41	 0.87	 
BMI_bf_101	 1	 12	 019.tif	 2.159084e+03	 24	 999000	 240	 999000	 999	 2.160101e+03	 450.00	 416.67	 31.00	 19	 0.48	 
BMI_bf_101	 1	 12	 113.tif	 2.161084e+03	 11	 1.033108e+03	 1100	 4.917167e+02	 98	 2.162101e+03	 400.00	 416.67	 21.00	 43	 0.62	 
BMI_bf_101	 1	 12	 020.tif	 2.165084e+03	 12	 999000	 120	 999000	 999	 2.166100e+03	 400.00	 416.67	 14.00	 20	 0.71	 
BMI_bf_101	 1	 12	 116.tif	 2.167084e+03	 11	 9.369258e+02	 110	 4.428834e+02	 98	 2.168100e+03	 416.67	 416.67	 10.00	 46	 0.78	 
BMI_bf_101	 1	 12	 003.tif	 2.172084e+03	 22	 1.000749e+03	 2200	 4.589625e+02	 98	 2.173100e+03	 416.67	 366.67	 36.00	 3	 0.42	 
BMI_bf_101	 1	 12	 114.tif	 2.174084e+03	 11	 9.688617e+02	 110	 4.590165e+02	 98	 2.175100e+03	 433.33	 366.67	 24.00	 44	 0.57	 
BMI_bf_101	 1	 12	 120.tif	 2.178084e+03	 12	 999000	 120	 999000	 999	 2.179100e+03	 433.33	 366.67	 19.00	 50	 0.65	 
BMI_bf_101	 1	 12	 128.tif	 2.180084e+03	 24	 999000	 240	 999000	 999	 2.181100e+03	 433.33	 366.67	 32.00	 58	 0.48	 
BMI_bf_101	 1	 12	 130.tif	 2.183084e+03	 12	 999000	 120	 999000	 999	 2.184100e+03	 433.33	 366.67	 5.00	 60	 0.86	 
BMI_bf_101	 1	 12	 106.tif	 2.188083e+03	 12	 999000	 120	 999000	 999	 2.189100e+03	 433.33	 366.67	 26.00	 36	 0.55	 
BMI_bf_101	 1	 12	 012.tif	 2.190083e+03	 24	 999000	 240	 999000	 999	 2.191100e+03	 433.33	 366.67	 54.00	 12	 0.18	 
BMI_bf_101	 1	 12	 103.tif	 2.192083e+03	 12	 999000	 120	 999000	 999	 2.193100e+03	 433.33	 366.67	 23.00	 33	 0.61	 
BMI_bf_101	 1	 12	 006.tif	 2.196083e+03	 24	 999000	 240	 999000	 999	 2.197099e+03	 433.33	 366.67	 58.00	 6	 0.15	 
BMI_bf_101	 1	 12	 115.tif	 2.200083e+03	 11	 1.015739e+03	 1100	 4.757236e+02	 98	 2.201099e+03	 383.33	 366.67	 13.00	 45	 0.71	 
BMI_bf_101	 1	 12	 013.tif	 2.204083e+03	 24	 999000	 240	 999000	 999	 2.205099e+03	 383.33	 366.67	 35.00	 13	 0.43	 
BMI_bf_101	 1	 12	 016.tif	 2.206083e+03	 24	 999000	 240	 999000	 999	 2.207099e+03	 383.33	 366.67	 55.00	 16	 0.18	 
BMI_bf_101	 1	 12	 023.tif	 2.208083e+03	 24	 999000	 240	 999000	 999	 2.209099e+03	 383.33	 366.67	 48.00	 23	 0.27	 
BMI_bf_101	 1	 12	 010.tif	 2.210083e+03	 24	 999000	 240	 999000	 999	 2.211099e+03	 383.33	 366.67	 51.00	 10	 0.21	 
BMI_bf_101	 1	 12	 027.tif	 2.212083e+03	 24	 999000	 240	 999000	 999	 2.213099e+03	 383.33	 366.67	 46.00	 27	 0.28	 
BMI_bf_101	 1	 12	 126.tif	 2.218082e+03	 12	 999000	 120	 999000	 999	 2.219099e+03	 383.33	 366.67	 2.00	 56	 0.91	 
BMI_bf_101	 1	 12	 112.tif	 2.221082e+03	 12	 999000	 120	 999000	 999	 2.222099e+03	 383.33	 366.67	 29.00	 42	 0.49	 
BMI_bf_101	 1	 12	 002.tif	 2.223082e+03	 24	 999000	 240	 999000	 999	 2.224099e+03	 383.33	 366.67	 49.00	 2	 0.25	 
BMI_bf_101	 1	 12	 118.tif	 2.225082e+03	 11	 9.428397e+02	 110	 4.258241e+02	 98	 2.226099e+03	 400.00	 366.67	 20.00	 48	 0.64	 
BMI_bf_101	 1	 12	 022.tif	 2.228082e+03	 24	 999000	 240	 999000	 999	 2.229099e+03	 400.00	 366.67	 40.00	 22	 0.39	 
BMI_bf_101	 1	 12	 117.tif	 2.230082e+03	 22	 9.347045e+02	 220	 4.086712e+02	 98	 2.231098e+03	 400.00	 383.33	 37.00	 47	 0.41	 
BMI_bf_101	 1	 12	 029.tif	 2.232082e+03	 22	 9.906238e+02	 220	 4.256034e+02	 98	 2.233098e+03	 400.00	 400.00	 42.00	 29	 0.38	 
BMI_bf_101	 1	 12	 004.tif	 2.234082e+03	 24	 999000	 240	 999000	 999	 2.235098e+03	 400.00	 400.00	 34.00	 4	 0.45	 
BMI_bf_101	 1	 12	 026.tif	 2.237082e+03	 24	 999000	 240	 999000	 999	 2.238098e+03	 400.00	 400.00	 41.00	 26	 0.38	 
BMI_bf_101	 1	 12	 011.tif	 2.239082e+03	 11	 9.743995e+02	 110	 4.431390e+02	 98	 2.240098e+03	 416.67	 400.00	 18.00	 11	 0.66	 
BMI_bf_101	 1	 12	 127.tif	 2.241082e+03	 12	 999000	 120	 999000	 999	 2.242098e+03	 416.67	 400.00	 11.00	 57	 0.77	 
BMI_bf_101	 1	 12	 101.tif	 2.243082e+03	 12	 999000	 120	 999000	 999	 2.244098e+03	 416.67	 400.00	 3.00	 31	 0.90	 
BMI_bf_101	 1	 12	 007.tif	 2.245082e+03	 22	 9.581407e+02	 220	 4.433660e+02	 98	 2.246098e+03	 416.67	 416.67	 44.00	 7	 0.36	 
BMI_bf_101	 1	 12	 122.tif	 2.251081e+03	 12	 999000	 120	 999000	 999	 2.252098e+03	 416.67	 416.67	 27.00	 52	 0.53	 
BMI_bf_101	 1	 12	 009.tif	 2.254081e+03	 22	 1.021842e+03	 2200	 4.599786e+02	 98	 2.255098e+03	 416.67	 366.67	 39.00	 9	 0.39	 
BMI_bf_101	 1	 12	 028.tif	 2.258081e+03	 12	 999000	 120	 999000	 999	 2.259098e+03	 416.67	 366.67	 16.00	 28	 0.68	 
BMI_bf_101	 1	 12	 125.tif	 2.264081e+03	 24	 999000	 240	 999000	 999	 2.265097e+03	 416.67	 366.67	 33.00	 55	 0.47	 
BMI_bf_101	 1	 12	 015.tif	 2.266081e+03	 24	 999000	 240	 999000	 999	 2.267097e+03	 416.67	 366.67	 56.00	 15	 0.18	 
BMI_bf_101	 1	 12	 021.tif	 2.271081e+03	 24	 999000	 240	 999000	 999	 2.272097e+03	 416.67	 366.67	 57.00	 21	 0.17	 
BMI_bf_101	 1	 12	 005.tif	 2.274081e+03	 24	 999000	 240	 999000	 999	 2.275097e+03	 416.67	 366.67	 43.00	 5	 0.38	 
BMI_bf_101	 1	 12	 102.tif	 2.276081e+03	 11	 9.730387e+02	 110	 4.608820e+02	 98	 2.277097e+03	 433.33	 366.67	 7.00	 32	 0.81	 
BMI_bf_101	 1	 12	 129.tif	 2.279081e+03	 12	 999000	 120	 999000	 999	 2.280097e+03	 433.33	 366.67	 9.00	 59	 0.80	 
BMI_bf_101	 1	 12	 017.tif	 2.281081e+03	 22	 8.928708e+02	 220	 4.091907e+02	 98	 2.282097e+03	 433.33	 383.33	 52.00	 17	 0.20	 
BMI_bf_101	 1	 12	 014.tif	 2.285080e+03	 22	 9.487256e+02	 220	 4.265470e+02	 98	 2.286097e+03	 433.33	 400.00	 50.00	 14	 0.25	 
BMI_bf_101	 1	 12	 121.tif	 2.289080e+03	 12	 999000	 120	 999000	 999	 2.290097e+03	 433.33	 400.00	 8.00	 51	 0.80	 
BMI_bf_101	 1	 12	 108.tif	 2.291080e+03	 11	 9.645240e+02	 110	 4.768362e+02	 98	 2.292097e+03	 450.00	 400.00	 12.00	 38	 0.74	 
BMI_bf_101	 1	 12	 024.tif	 2.298080e+03	 12	 999000	 120	 999000	 999	 2.299096e+03	 450.00	 400.00	 28.00	 24	 0.53	 
BMI_bf_101	 1	 12	 124.tif	 2.300080e+03	 12	 999000	 120	 999000	 999	 2.301096e+03	 450.00	 400.00	 1.00	 54	 0.93	 
BMI_bf_101	 1	 12	 008.tif	 2.303080e+03	 24	 999000	 240	 999000	 999	 2.304096e+03	 450.00	 400.00	 60.00	 8	 0.00	 
BMI_bf_101	 1	 12	 123.tif	 2.307080e+03	 11	 1.019950e+03	 1100	 4.924306e+02	 98	 2.308096e+03	 400.00	 400.00	 25.00	 53	 0.57	 
BMI_bf_101	 1	 12	 110.tif	 2.311080e+03	 11	 9.398623e+02	 110	 4.435396e+02	 98	 2.312096e+03	 416.67	 400.00	 15.00	 40	 0.70	 
BMI_bf_101	 1	 12	 001.tif	 2.315080e+03	 24	 999000	 240	 999000	 999	 2.316096e+03	 416.67	 400.00	 38.00	 1	 0.40	 
BMI_bf_101	 1	 12	 119.tif	 2.318096e+03	 12	 999000	 120	 999000	 999	 2.319113e+03	 416.67	 400.00	 17.00	 49	 0.67	 
BMI_bf_101	 1	 12	 109.tif	 2.320096e+03	 12	 999000	 120	 999000	 999	 2.321112e+03	 416.67	 400.00	 6.00	 39	 0.81	 
BMI_bf_101	 1	 12	 105.tif	 2.324096e+03	 24	 999000	 240	 999000	 999	 2.325112e+03	 416.67	 400.00	 59.00	 35	 0.11	 
BMI_bf_101	 1	 12	 107.tif	 2.331096e+03	 22	 9.544161e+02	 220	 4.420309e+02	 98	 2.332112e+03	 416.67	 416.67	 47.00	 37	 0.28	 
