subjectID	 order	 runNum	 itemName	 onsetTime	 shuff_trialType	 RT	 respInTime	 AudioTime	 response	 fixationTime	 ladder1	 ladder2	 bidIndex	 itemNameIndex	 bidValue	 
BMI_bf_102	 2	 8	 009.tif	 1.341712e+03	 11	 9.228839e+02	 110	 4.259976e+02	 98	 1.342728e+03	 400.00	 383.33	 9.00	 9	 0.73	 
BMI_bf_102	 2	 8	 008.tif	 1.343712e+03	 24	 999000	 240	 999000	 999	 1.344728e+03	 400.00	 383.33	 57.00	 8	 0.14	 
BMI_bf_102	 2	 8	 017.tif	 1.347712e+03	 22	 9.943593e+02	 220	 4.259986e+02	 98	 1.348728e+03	 400.00	 400.00	 54.00	 17	 0.17	 
BMI_bf_102	 2	 8	 026.tif	 1.350712e+03	 22	 9.781808e+02	 220	 4.417635e+02	 98	 1.351728e+03	 400.00	 416.67	 46.00	 26	 0.32	 
BMI_bf_102	 2	 8	 123.tif	 1.352711e+03	 11	 9.542851e+02	 110	 4.425465e+02	 98	 1.353728e+03	 416.67	 416.67	 26.00	 53	 0.59	 
BMI_bf_102	 2	 8	 121.tif	 1.355712e+03	 12	 999000	 120	 999000	 999	 1.356728e+03	 416.67	 416.67	 6.00	 51	 0.79	 
BMI_bf_102	 2	 8	 002.tif	 1.359711e+03	 24	 999000	 240	 999000	 999	 1.360728e+03	 416.67	 416.67	 56.00	 2	 0.14	 
BMI_bf_102	 2	 8	 018.tif	 1.363711e+03	 12	 999000	 120	 999000	 999	 1.364728e+03	 416.67	 416.67	 18.00	 18	 0.63	 
BMI_bf_102	 2	 8	 001.tif	 1.365711e+03	 24	 999000	 240	 999000	 999	 1.366728e+03	 416.67	 416.67	 44.00	 1	 0.36	 
BMI_bf_102	 2	 8	 025.tif	 1.370711e+03	 24	 999000	 240	 999000	 999	 1.371727e+03	 416.67	 416.67	 53.00	 25	 0.22	 
BMI_bf_102	 2	 8	 114.tif	 1.372711e+03	 22	 1.057470e+03	 2200	 4.603652e+02	 98	 1.373727e+03	 416.67	 366.67	 40.00	 44	 0.40	 
BMI_bf_102	 2	 8	 011.tif	 1.374711e+03	 12	 999000	 120	 999000	 999	 1.375727e+03	 416.67	 366.67	 4.00	 11	 0.85	 
BMI_bf_102	 2	 8	 120.tif	 1.380711e+03	 24	 999000	 240	 999000	 999	 1.381727e+03	 416.67	 366.67	 36.00	 50	 0.46	 
BMI_bf_102	 2	 8	 117.tif	 1.382711e+03	 24	 999000	 240	 999000	 999	 1.383727e+03	 416.67	 366.67	 31.00	 47	 0.52	 
BMI_bf_102	 2	 8	 124.tif	 1.384711e+03	 12	 999000	 120	 999000	 999	 1.385727e+03	 416.67	 366.67	 15.00	 54	 0.67	 
BMI_bf_102	 2	 8	 024.tif	 1.386711e+03	 12	 999000	 120	 999000	 999	 1.387727e+03	 416.67	 366.67	 7.00	 24	 0.78	 
BMI_bf_102	 2	 8	 122.tif	 1.390710e+03	 12	 999000	 120	 999000	 999	 1.391727e+03	 416.67	 366.67	 24.00	 52	 0.60	 
BMI_bf_102	 2	 8	 125.tif	 1.394710e+03	 22	 9.286547e+02	 220	 4.097854e+02	 98	 1.395727e+03	 416.67	 383.33	 41.00	 55	 0.40	 
BMI_bf_102	 2	 8	 028.tif	 1.397710e+03	 12	 4.646292e+02	 12	 999000	 98	 1.398727e+03	 416.67	 383.33	 10.00	 28	 0.72	 
BMI_bf_102	 2	 8	 128.tif	 1.401710e+03	 12	 999000	 120	 999000	 999	 1.402726e+03	 416.67	 383.33	 27.00	 58	 0.59	 
BMI_bf_102	 2	 8	 109.tif	 1.404710e+03	 24	 999000	 240	 999000	 999	 1.405726e+03	 416.67	 383.33	 50.00	 39	 0.25	 
BMI_bf_102	 2	 8	 119.tif	 1.406710e+03	 11	 9.922547e+02	 110	 4.598162e+02	 98	 1.407726e+03	 433.33	 383.33	 23.00	 49	 0.61	 
BMI_bf_102	 2	 8	 105.tif	 1.410710e+03	 24	 999000	 240	 999000	 999	 1.411726e+03	 433.33	 383.33	 55.00	 35	 0.17	 
BMI_bf_102	 2	 8	 023.tif	 1.412710e+03	 24	 999000	 240	 999000	 999	 1.413726e+03	 433.33	 383.33	 60.00	 23	 0.01	 
BMI_bf_102	 2	 8	 106.tif	 1.414710e+03	 11	 1.063979e+03	 1100	 4.757305e+02	 98	 1.415726e+03	 383.33	 383.33	 19.00	 36	 0.62	 
BMI_bf_102	 2	 8	 113.tif	 1.418710e+03	 22	 9.438392e+02	 220	 4.252970e+02	 98	 1.419726e+03	 383.33	 400.00	 48.00	 43	 0.30	 
BMI_bf_102	 2	 8	 019.tif	 1.420709e+03	 11	 9.279031e+02	 110	 4.259300e+02	 98	 1.421726e+03	 400.00	 400.00	 11.00	 19	 0.70	 
BMI_bf_102	 2	 8	 010.tif	 1.424710e+03	 12	 999000	 120	 999000	 999	 1.425726e+03	 400.00	 400.00	 3.00	 10	 0.88	 
BMI_bf_102	 2	 8	 005.tif	 1.428709e+03	 22	 1.063465e+03	 2200	 4.421157e+02	 98	 1.429726e+03	 400.00	 350.00	 51.00	 5	 0.23	 
BMI_bf_102	 2	 8	 030.tif	 1.431709e+03	 24	 999000	 240	 999000	 999	 1.432726e+03	 400.00	 350.00	 34.00	 30	 0.47	 
BMI_bf_102	 2	 8	 014.tif	 1.437709e+03	 24	 999000	 240	 999000	 999	 1.438725e+03	 400.00	 350.00	 42.00	 14	 0.38	 
BMI_bf_102	 2	 8	 006.tif	 1.439726e+03	 24	 999000	 240	 999000	 999	 1.440742e+03	 400.00	 350.00	 52.00	 6	 0.22	 
BMI_bf_102	 2	 8	 108.tif	 1.443725e+03	 22	 9.424057e+02	 220	 3.931747e+02	 98	 1.444742e+03	 400.00	 366.67	 43.00	 38	 0.37	 
BMI_bf_102	 2	 8	 112.tif	 1.445726e+03	 22	 9.261581e+02	 220	 4.088460e+02	 98	 1.446742e+03	 400.00	 383.33	 35.00	 42	 0.46	 
BMI_bf_102	 2	 8	 110.tif	 1.447709e+03	 11	 9.669171e+02	 110	 4.423618e+02	 98	 1.448725e+03	 416.67	 383.33	 22.00	 40	 0.61	 
BMI_bf_102	 2	 8	 104.tif	 1.449709e+03	 12	 999000	 120	 999000	 999	 1.450725e+03	 416.67	 383.33	 30.00	 34	 0.52	 
BMI_bf_102	 2	 8	 007.tif	 1.454725e+03	 12	 999000	 120	 999000	 999	 1.455742e+03	 416.67	 383.33	 1.00	 7	 0.93	 
BMI_bf_102	 2	 8	 020.tif	 1.456725e+03	 12	 999000	 120	 999000	 999	 1.457742e+03	 416.67	 383.33	 2.00	 20	 0.91	 
BMI_bf_102	 2	 8	 004.tif	 1.458725e+03	 24	 999000	 240	 999000	 999	 1.459741e+03	 416.67	 383.33	 33.00	 4	 0.49	 
BMI_bf_102	 2	 8	 115.tif	 1.461725e+03	 24	 999000	 240	 999000	 999	 1.462741e+03	 416.67	 383.33	 37.00	 45	 0.44	 
BMI_bf_102	 2	 8	 022.tif	 1.464725e+03	 12	 999000	 120	 999000	 999	 1.465741e+03	 416.67	 383.33	 28.00	 22	 0.54	 
BMI_bf_102	 2	 8	 012.tif	 1.468725e+03	 24	 999000	 240	 999000	 999	 1.469741e+03	 416.67	 383.33	 59.00	 12	 0.11	 
BMI_bf_102	 2	 8	 015.tif	 1.470725e+03	 11	 1.013240e+03	 1100	 4.594422e+02	 98	 1.471741e+03	 366.67	 383.33	 14.00	 15	 0.68	 
BMI_bf_102	 2	 8	 027.tif	 1.472725e+03	 11	 9.573861e+02	 110	 4.089351e+02	 98	 1.473741e+03	 383.33	 383.33	 17.00	 27	 0.64	 
BMI_bf_102	 2	 8	 021.tif	 1.475725e+03	 22	 9.411340e+02	 220	 4.263768e+02	 98	 1.476741e+03	 383.33	 400.00	 38.00	 21	 0.44	 
BMI_bf_102	 2	 8	 130.tif	 1.478725e+03	 12	 999000	 120	 999000	 999	 1.479741e+03	 383.33	 400.00	 12.00	 60	 0.69	 
BMI_bf_102	 2	 8	 029.tif	 1.480724e+03	 24	 999000	 240	 999000	 999	 1.481741e+03	 383.33	 400.00	 47.00	 29	 0.31	 
BMI_bf_102	 2	 8	 116.tif	 1.482724e+03	 12	 999000	 120	 999000	 999	 1.483741e+03	 383.33	 400.00	 25.00	 46	 0.60	 
BMI_bf_102	 2	 8	 107.tif	 1.484724e+03	 12	 999000	 120	 999000	 999	 1.485741e+03	 383.33	 400.00	 29.00	 37	 0.53	 
BMI_bf_102	 2	 8	 103.tif	 1.489724e+03	 24	 999000	 240	 999000	 999	 1.490741e+03	 383.33	 400.00	 39.00	 33	 0.42	 
BMI_bf_102	 2	 8	 101.tif	 1.491724e+03	 12	 999000	 120	 999000	 999	 1.492740e+03	 383.33	 400.00	 20.00	 31	 0.62	 
BMI_bf_102	 2	 8	 102.tif	 1.493724e+03	 11	 9.724616e+02	 110	 4.261202e+02	 98	 1.494740e+03	 400.00	 400.00	 16.00	 32	 0.65	 
BMI_bf_102	 2	 8	 118.tif	 1.495724e+03	 24	 999000	 240	 999000	 999	 1.496740e+03	 400.00	 400.00	 45.00	 48	 0.34	 
BMI_bf_102	 2	 8	 129.tif	 1.502724e+03	 22	 1.004134e+03	 2200	 4.439785e+02	 98	 1.503740e+03	 400.00	 350.00	 49.00	 59	 0.30	 
BMI_bf_102	 2	 8	 126.tif	 1.504724e+03	 24	 999000	 240	 999000	 999	 1.505740e+03	 400.00	 350.00	 32.00	 56	 0.50	 
BMI_bf_102	 2	 8	 127.tif	 1.511724e+03	 11	 9.958728e+02	 110	 4.436102e+02	 98	 1.512740e+03	 416.67	 350.00	 8.00	 57	 0.75	 
BMI_bf_102	 2	 8	 016.tif	 1.514723e+03	 24	 999000	 240	 999000	 999	 1.515740e+03	 416.67	 350.00	 58.00	 16	 0.12	 
BMI_bf_102	 2	 8	 013.tif	 1.517723e+03	 12	 999000	 120	 999000	 999	 1.518740e+03	 416.67	 350.00	 5.00	 13	 0.83	 
BMI_bf_102	 2	 8	 111.tif	 1.523723e+03	 12	 999000	 120	 999000	 999	 1.524740e+03	 416.67	 350.00	 13.00	 41	 0.68	 
BMI_bf_102	 2	 8	 003.tif	 1.525723e+03	 12	 999000	 120	 999000	 999	 1.526739e+03	 416.67	 350.00	 21.00	 3	 0.62	 
