subjectID	 order	 runNum	 itemName	 onsetTime	 shuff_trialType	 RT	 respInTime	 AudioTime	 response	 fixationTime	 ladder1	 ladder2	 bidIndex	 itemNameIndex	 bidValue	 
BMI_bf_118	 2	 5	 124.tif	 7.839068e+02	 12	 999000	 120	 999000	 999	 7.849235e+02	 350.00	 283.33	 13.00	 54	 0.71	 
BMI_bf_118	 2	 5	 101.tif	 7.889071e+02	 11	 9.117396e+02	 110	 3.919604e+02	 98	 7.899234e+02	 366.67	 283.33	 14.00	 31	 0.70	 
BMI_bf_118	 2	 5	 107.tif	 7.909070e+02	 12	 999000	 120	 999000	 999	 7.919234e+02	 366.67	 283.33	 21.00	 37	 0.62	 
BMI_bf_118	 2	 5	 102.tif	 7.929070e+02	 11	 9.755401e+02	 110	 4.082245e+02	 98	 7.939233e+02	 383.33	 283.33	 9.00	 32	 0.73	 
BMI_bf_118	 2	 5	 014.tif	 7.989069e+02	 24	 999000	 240	 999000	 999	 7.999233e+02	 383.33	 283.33	 31.00	 14	 0.47	 
BMI_bf_118	 2	 5	 026.tif	 8.009069e+02	 24	 999000	 240	 999000	 999	 8.019232e+02	 383.33	 283.33	 59.00	 26	 0.19	 
BMI_bf_118	 2	 5	 004.tif	 8.039068e+02	 22	 8.552197e+02	 220	 3.249569e+02	 98	 8.049232e+02	 383.33	 300.00	 49.00	 4	 0.34	 
BMI_bf_118	 2	 5	 029.tif	 8.059068e+02	 24	 999000	 240	 999000	 999	 8.069231e+02	 383.33	 300.00	 44.00	 29	 0.35	 
BMI_bf_118	 2	 5	 001.tif	 8.099067e+02	 24	 999000	 240	 999000	 999	 8.109231e+02	 383.33	 300.00	 53.00	 1	 0.26	 
BMI_bf_118	 2	 5	 024.tif	 8.119067e+02	 22	 9.188898e+02	 220	 3.420179e+02	 98	 8.129231e+02	 383.33	 316.67	 38.00	 24	 0.39	 
BMI_bf_118	 2	 5	 104.tif	 8.169066e+02	 12	 999000	 120	 999000	 999	 8.179230e+02	 383.33	 316.67	 3.00	 34	 0.81	 
BMI_bf_118	 2	 5	 126.tif	 8.239065e+02	 12	 999000	 120	 999000	 999	 8.249229e+02	 383.33	 316.67	 25.00	 56	 0.54	 
BMI_bf_118	 2	 5	 119.tif	 8.259065e+02	 12	 999000	 120	 999000	 999	 8.269228e+02	 383.33	 316.67	 20.00	 49	 0.63	 
BMI_bf_118	 2	 5	 113.tif	 8.289065e+02	 11	 1.022271e+03	 1100	 4.254977e+02	 98	 8.299228e+02	 333.33	 316.67	 22.00	 43	 0.58	 
BMI_bf_118	 2	 5	 116.tif	 8.319064e+02	 12	 999000	 120	 999000	 999	 8.329228e+02	 333.33	 316.67	 15.00	 46	 0.70	 
BMI_bf_118	 2	 5	 007.tif	 8.359063e+02	 22	 9.260957e+02	 220	 3.590134e+02	 98	 8.369227e+02	 333.33	 333.33	 48.00	 7	 0.34	 
BMI_bf_118	 2	 5	 121.tif	 8.399063e+02	 11	 9.178915e+02	 110	 3.741948e+02	 98	 8.409227e+02	 350.00	 333.33	 17.00	 51	 0.66	 
BMI_bf_118	 2	 5	 009.tif	 8.439062e+02	 24	 999000	 240	 999000	 999	 8.449225e+02	 350.00	 333.33	 56.00	 9	 0.24	 
BMI_bf_118	 2	 5	 118.tif	 8.469062e+02	 12	 999000	 120	 999000	 999	 8.479225e+02	 350.00	 333.33	 24.00	 48	 0.55	 
BMI_bf_118	 2	 5	 016.tif	 8.529061e+02	 24	 999000	 240	 999000	 999	 8.539224e+02	 350.00	 333.33	 55.00	 16	 0.25	 
BMI_bf_118	 2	 5	 117.tif	 8.549061e+02	 11	 9.414036e+02	 110	 3.922994e+02	 98	 8.559224e+02	 366.67	 333.33	 11.00	 47	 0.72	 
BMI_bf_118	 2	 5	 103.tif	 8.579060e+02	 11	 1.021335e+03	 1100	 4.089275e+02	 98	 8.589223e+02	 316.67	 333.33	 8.00	 33	 0.74	 
BMI_bf_118	 2	 5	 019.tif	 8.599060e+02	 22	 9.571977e+02	 220	 3.755127e+02	 98	 8.609223e+02	 316.67	 350.00	 51.00	 19	 0.29	 
BMI_bf_118	 2	 5	 012.tif	 8.619059e+02	 22	 9.651794e+02	 220	 3.920832e+02	 98	 8.629223e+02	 316.67	 366.67	 43.00	 12	 0.36	 
BMI_bf_118	 2	 5	 028.tif	 8.639059e+02	 24	 999000	 240	 999000	 999	 8.649223e+02	 316.67	 366.67	 37.00	 28	 0.39	 
BMI_bf_118	 2	 5	 114.tif	 8.669059e+02	 12	 999000	 120	 999000	 999	 8.679222e+02	 316.67	 366.67	 6.00	 44	 0.77	 
BMI_bf_118	 2	 5	 130.tif	 8.709058e+02	 11	 8.928312e+02	 110	 3.583104e+02	 98	 8.719222e+02	 333.33	 366.67	 23.00	 60	 0.57	 
BMI_bf_118	 2	 5	 109.tif	 8.729058e+02	 24	 999000	 240	 999000	 999	 8.739221e+02	 333.33	 366.67	 36.00	 39	 0.42	 
BMI_bf_118	 2	 5	 017.tif	 8.749057e+02	 11	 9.167294e+02	 110	 3.746443e+02	 98	 8.759221e+02	 350.00	 366.67	 19.00	 17	 0.63	 
BMI_bf_118	 2	 5	 127.tif	 8.769057e+02	 12	 999000	 120	 999000	 999	 8.779220e+02	 350.00	 366.67	 18.00	 57	 0.64	 
BMI_bf_118	 2	 5	 112.tif	 8.789057e+02	 12	 999000	 120	 999000	 999	 8.799220e+02	 350.00	 366.67	 10.00	 42	 0.72	 
BMI_bf_118	 2	 5	 128.tif	 8.809056e+02	 12	 999000	 120	 999000	 999	 8.819220e+02	 350.00	 366.67	 2.00	 58	 0.84	 
BMI_bf_118	 2	 5	 022.tif	 8.849056e+02	 24	 999000	 240	 999000	 999	 8.859219e+02	 350.00	 366.67	 58.00	 22	 0.21	 
BMI_bf_118	 2	 5	 011.tif	 8.889056e+02	 22	 9.881140e+02	 220	 4.071864e+02	 98	 8.899219e+02	 350.00	 383.33	 54.00	 11	 0.25	 
BMI_bf_118	 2	 5	 108.tif	 8.909055e+02	 12	 999000	 120	 999000	 999	 8.919218e+02	 350.00	 383.33	 1.00	 38	 0.87	 
BMI_bf_118	 2	 5	 125.tif	 8.929055e+02	 12	 999000	 120	 999000	 999	 8.939218e+02	 350.00	 383.33	 7.00	 55	 0.77	 
BMI_bf_118	 2	 5	 015.tif	 8.949054e+02	 24	 999000	 240	 999000	 999	 8.959218e+02	 350.00	 383.33	 50.00	 15	 0.30	 
BMI_bf_118	 2	 5	 110.tif	 8.969055e+02	 12	 999000	 120	 999000	 999	 8.979217e+02	 350.00	 383.33	 12.00	 40	 0.71	 
BMI_bf_118	 2	 5	 020.tif	 9.029053e+02	 24	 999000	 240	 999000	 999	 9.039216e+02	 350.00	 383.33	 42.00	 20	 0.36	 
BMI_bf_118	 2	 5	 010.tif	 9.049053e+02	 24	 999000	 240	 999000	 999	 9.059216e+02	 350.00	 383.33	 45.00	 10	 0.35	 
BMI_bf_118	 2	 5	 030.tif	 9.069052e+02	 12	 999000	 120	 999000	 999	 9.079216e+02	 350.00	 383.33	 30.00	 30	 0.48	 
BMI_bf_118	 2	 5	 025.tif	 9.089052e+02	 24	 999000	 240	 999000	 999	 9.099216e+02	 350.00	 383.33	 39.00	 25	 0.39	 
BMI_bf_118	 2	 5	 006.tif	 9.119052e+02	 24	 999000	 240	 999000	 999	 9.129215e+02	 350.00	 383.33	 47.00	 6	 0.35	 
BMI_bf_118	 2	 5	 105.tif	 9.139051e+02	 24	 999000	 240	 999000	 999	 9.149215e+02	 350.00	 383.33	 57.00	 35	 0.22	 
BMI_bf_118	 2	 5	 120.tif	 9.209050e+02	 24	 999000	 240	 999000	 999	 9.219214e+02	 350.00	 383.33	 60.00	 50	 0.18	 
BMI_bf_118	 2	 5	 122.tif	 9.229050e+02	 12	 999000	 120	 999000	 999	 9.239213e+02	 350.00	 383.33	 4.00	 52	 0.81	 
BMI_bf_118	 2	 5	 018.tif	 9.269049e+02	 22	 1.042881e+03	 2200	 4.251714e+02	 98	 9.279214e+02	 350.00	 333.33	 41.00	 18	 0.38	 
BMI_bf_118	 2	 5	 023.tif	 9.309049e+02	 22	 9.627694e+02	 220	 3.752398e+02	 98	 9.319212e+02	 350.00	 350.00	 35.00	 23	 0.43	 
BMI_bf_118	 2	 5	 106.tif	 9.339048e+02	 24	 999000	 240	 999000	 999	 9.349212e+02	 350.00	 350.00	 33.00	 36	 0.44	 
BMI_bf_118	 2	 5	 021.tif	 9.359048e+02	 12	 999000	 120	 999000	 999	 9.369211e+02	 350.00	 350.00	 29.00	 21	 0.49	 
BMI_bf_118	 2	 5	 003.tif	 9.399047e+02	 22	 9.624207e+02	 220	 3.925677e+02	 98	 9.409211e+02	 350.00	 366.67	 46.00	 3	 0.35	 
BMI_bf_118	 2	 5	 027.tif	 9.419047e+02	 24	 999000	 240	 999000	 999	 9.429210e+02	 350.00	 366.67	 32.00	 27	 0.47	 
BMI_bf_118	 2	 5	 115.tif	 9.449047e+02	 22	 1.050226e+03	 2200	 4.093556e+02	 98	 9.459211e+02	 350.00	 316.67	 40.00	 45	 0.38	 
BMI_bf_118	 2	 5	 005.tif	 9.489046e+02	 12	 999000	 120	 999000	 999	 9.499209e+02	 350.00	 316.67	 28.00	 5	 0.49	 
BMI_bf_118	 2	 5	 129.tif	 9.509046e+02	 12	 999000	 120	 999000	 999	 9.519209e+02	 350.00	 316.67	 5.00	 59	 0.79	 
BMI_bf_118	 2	 5	 123.tif	 9.559045e+02	 12	 999000	 120	 999000	 999	 9.569208e+02	 350.00	 316.67	 27.00	 53	 0.49	 
BMI_bf_118	 2	 5	 013.tif	 9.579045e+02	 11	 1.001800e+03	 1100	 3.920648e+02	 98	 9.589208e+02	 300.00	 316.67	 26.00	 13	 0.50	 
BMI_bf_118	 2	 5	 002.tif	 9.619044e+02	 24	 999000	 240	 999000	 999	 9.629207e+02	 300.00	 316.67	 52.00	 2	 0.29	 
BMI_bf_118	 2	 5	 111.tif	 9.649044e+02	 11	 9.375289e+02	 110	 3.437780e+02	 98	 9.659207e+02	 316.67	 316.67	 16.00	 41	 0.70	 
BMI_bf_118	 2	 5	 008.tif	 9.679043e+02	 24	 999000	 240	 999000	 999	 9.689206e+02	 316.67	 316.67	 34.00	 8	 0.43	 
