subjectID	 order	 runNum	 itemName	 onsetTime	 shuff_trialType	 RT	 respInTime	 AudioTime	 response	 fixationTime	 ladder1	 ladder2	 bidIndex	 itemNameIndex	 bidValue	 
BMI_bf_115	 1	 10	 020.tif	 1.750638e+03	 22	 1.044673e+03	 2200	 2.919229e+02	 98	 1.751654e+03	 250.00	 200.00	 52.00	 20	 0.21	 
BMI_bf_115	 1	 10	 014.tif	 1.752638e+03	 12	 999000	 120	 999000	 999	 1.753654e+03	 250.00	 200.00	 26.00	 14	 0.53	 
BMI_bf_115	 1	 10	 124.tif	 1.756638e+03	 24	 999000	 240	 999000	 999	 1.757654e+03	 250.00	 200.00	 49.00	 54	 0.26	 
BMI_bf_115	 1	 10	 106.tif	 1.759638e+03	 12	 999000	 120	 999000	 999	 1.760654e+03	 250.00	 200.00	 23.00	 36	 0.63	 
BMI_bf_115	 1	 10	 121.tif	 1.761638e+03	 12	 999000	 120	 999000	 999	 1.762654e+03	 250.00	 200.00	 5.00	 51	 0.86	 
BMI_bf_115	 1	 10	 002.tif	 1.764638e+03	 11	 9.958830e+02	 110	 2.924005e+02	 98	 1.765654e+03	 266.67	 200.00	 25.00	 2	 0.53	 
BMI_bf_115	 1	 10	 023.tif	 1.768638e+03	 22	 9.077525e+02	 220	 2.429977e+02	 98	 1.769654e+03	 266.67	 216.67	 44.00	 23	 0.31	 
BMI_bf_115	 1	 10	 125.tif	 1.772637e+03	 24	 999000	 240	 999000	 999	 1.773654e+03	 266.67	 216.67	 40.00	 55	 0.39	 
BMI_bf_115	 1	 10	 103.tif	 1.774637e+03	 11	 9.074827e+02	 110	 3.088361e+02	 98	 1.775654e+03	 283.33	 216.67	 13.00	 33	 0.75	 
BMI_bf_115	 1	 10	 122.tif	 1.779637e+03	 11	 8.993338e+02	 110	 3.244008e+02	 98	 1.780653e+03	 300.00	 216.67	 21.00	 52	 0.64	 
BMI_bf_115	 1	 10	 018.tif	 1.781637e+03	 24	 999000	 240	 999000	 999	 1.782653e+03	 300.00	 216.67	 56.00	 18	 0.15	 
BMI_bf_115	 1	 10	 126.tif	 1.783637e+03	 12	 999000	 120	 999000	 999	 1.784653e+03	 300.00	 216.67	 8.00	 56	 0.83	 
BMI_bf_115	 1	 10	 006.tif	 1.789637e+03	 24	 999000	 240	 999000	 999	 1.790653e+03	 300.00	 216.67	 60.00	 6	 0.06	 
BMI_bf_115	 1	 10	 110.tif	 1.791637e+03	 12	 999000	 120	 999000	 999	 1.792653e+03	 300.00	 216.67	 17.00	 40	 0.68	 
BMI_bf_115	 1	 10	 127.tif	 1.793637e+03	 12	 999000	 120	 999000	 999	 1.794653e+03	 300.00	 216.67	 3.00	 57	 0.86	 
BMI_bf_115	 1	 10	 109.tif	 1.795637e+03	 12	 999000	 120	 999000	 999	 1.796653e+03	 300.00	 216.67	 1.00	 39	 0.92	 
BMI_bf_115	 1	 10	 008.tif	 1.799637e+03	 12	 999000	 120	 999000	 999	 1.800653e+03	 300.00	 216.67	 28.00	 8	 0.52	 
BMI_bf_115	 1	 10	 010.tif	 1.803636e+03	 11	 9.144156e+02	 110	 3.425446e+02	 98	 1.804653e+03	 316.67	 216.67	 18.00	 10	 0.67	 
BMI_bf_115	 1	 10	 025.tif	 1.806636e+03	 24	 999000	 240	 999000	 999	 1.807653e+03	 316.67	 216.67	 33.00	 25	 0.47	 
BMI_bf_115	 1	 10	 024.tif	 1.810636e+03	 24	 999000	 240	 999000	 999	 1.811653e+03	 316.67	 216.67	 32.00	 24	 0.49	 
BMI_bf_115	 1	 10	 028.tif	 1.813636e+03	 22	 9.781211e+02	 220	 2.577900e+02	 98	 1.814652e+03	 316.67	 233.33	 37.00	 28	 0.42	 
BMI_bf_115	 1	 10	 019.tif	 1.815636e+03	 22	 8.741161e+02	 220	 2.758813e+02	 98	 1.816652e+03	 316.67	 250.00	 50.00	 19	 0.26	 
BMI_bf_115	 1	 10	 130.tif	 1.819636e+03	 12	 999000	 120	 999000	 999	 1.820652e+03	 316.67	 250.00	 2.00	 60	 0.92	 
BMI_bf_115	 1	 10	 009.tif	 1.821636e+03	 24	 999000	 240	 999000	 999	 1.822652e+03	 316.67	 250.00	 31.00	 9	 0.49	 
BMI_bf_115	 1	 10	 005.tif	 1.823636e+03	 12	 999000	 120	 999000	 999	 1.824652e+03	 316.67	 250.00	 4.00	 5	 0.86	 
BMI_bf_115	 1	 10	 113.tif	 1.827636e+03	 11	 1.081614e+03	 1100	 3.595510e+02	 98	 1.828652e+03	 266.67	 250.00	 7.00	 43	 0.83	 
BMI_bf_115	 1	 10	 118.tif	 1.829636e+03	 12	 999000	 120	 999000	 999	 1.830652e+03	 266.67	 250.00	 22.00	 48	 0.63	 
BMI_bf_115	 1	 10	 017.tif	 1.833635e+03	 24	 999000	 240	 999000	 999	 1.834653e+03	 266.67	 250.00	 51.00	 17	 0.22	 
BMI_bf_115	 1	 10	 119.tif	 1.837635e+03	 11	 1.073246e+03	 1100	 3.085517e+02	 98	 1.838653e+03	 216.67	 250.00	 24.00	 49	 0.60	 
BMI_bf_115	 1	 10	 105.tif	 1.840635e+03	 11	 8.811466e+02	 110	 2.598963e+02	 98	 1.841653e+03	 233.33	 250.00	 15.00	 35	 0.71	 
BMI_bf_115	 1	 10	 022.tif	 1.846635e+03	 24	 999000	 240	 999000	 999	 1.847653e+03	 233.33	 250.00	 55.00	 22	 0.17	 
BMI_bf_115	 1	 10	 015.tif	 1.848635e+03	 22	 9.288674e+02	 220	 2.929308e+02	 98	 1.849653e+03	 233.33	 266.67	 47.00	 15	 0.29	 
BMI_bf_115	 1	 10	 013.tif	 1.852635e+03	 24	 999000	 240	 999000	 999	 1.853652e+03	 233.33	 266.67	 38.00	 13	 0.40	 
BMI_bf_115	 1	 10	 111.tif	 1.854635e+03	 12	 999000	 120	 999000	 999	 1.855652e+03	 233.33	 266.67	 6.00	 41	 0.85	 
BMI_bf_115	 1	 10	 007.tif	 1.856635e+03	 24	 999000	 240	 999000	 999	 1.857652e+03	 233.33	 266.67	 34.00	 7	 0.46	 
BMI_bf_115	 1	 10	 026.tif	 1.858635e+03	 24	 999000	 240	 999000	 999	 1.859652e+03	 233.33	 266.67	 54.00	 26	 0.19	 
BMI_bf_115	 1	 10	 120.tif	 1.863634e+03	 12	 999000	 120	 999000	 999	 1.864652e+03	 233.33	 266.67	 16.00	 50	 0.69	 
BMI_bf_115	 1	 10	 001.tif	 1.865634e+03	 24	 999000	 240	 999000	 999	 1.866652e+03	 233.33	 266.67	 59.00	 1	 0.07	 
BMI_bf_115	 1	 10	 128.tif	 1.867634e+03	 12	 999000	 120	 999000	 999	 1.868651e+03	 233.33	 266.67	 30.00	 58	 0.50	 
BMI_bf_115	 1	 10	 004.tif	 1.870634e+03	 12	 999000	 120	 999000	 999	 1.871651e+03	 233.33	 266.67	 27.00	 4	 0.52	 
BMI_bf_115	 1	 10	 117.tif	 1.873634e+03	 24	 999000	 240	 999000	 999	 1.874651e+03	 233.33	 266.67	 48.00	 47	 0.27	 
BMI_bf_115	 1	 10	 107.tif	 1.877634e+03	 24	 999000	 240	 999000	 999	 1.878651e+03	 233.33	 266.67	 58.00	 37	 0.11	 
BMI_bf_115	 1	 10	 029.tif	 1.879634e+03	 24	 999000	 240	 999000	 999	 1.880651e+03	 233.33	 266.67	 57.00	 29	 0.15	 
BMI_bf_115	 1	 10	 011.tif	 1.881634e+03	 12	 999000	 120	 999000	 999	 1.882651e+03	 233.33	 266.67	 29.00	 11	 0.51	 
BMI_bf_115	 1	 10	 104.tif	 1.884634e+03	 12	 999000	 120	 999000	 999	 1.885651e+03	 233.33	 266.67	 19.00	 34	 0.66	 
BMI_bf_115	 1	 10	 030.tif	 1.887634e+03	 22	 9.594545e+02	 220	 3.083975e+02	 98	 1.888650e+03	 233.33	 283.33	 42.00	 30	 0.33	 
BMI_bf_115	 1	 10	 027.tif	 1.889634e+03	 22	 9.593295e+02	 220	 3.251186e+02	 98	 1.890650e+03	 233.33	 300.00	 36.00	 27	 0.42	 
BMI_bf_115	 1	 10	 129.tif	 1.891634e+03	 24	 999000	 240	 999000	 999	 1.892650e+03	 233.33	 300.00	 41.00	 59	 0.34	 
BMI_bf_115	 1	 10	 108.tif	 1.893634e+03	 22	 1.039240e+03	 2200	 3.417969e+02	 98	 1.894650e+03	 233.33	 250.00	 39.00	 38	 0.40	 
BMI_bf_115	 1	 10	 003.tif	 1.898633e+03	 22	 9.110922e+02	 220	 2.923715e+02	 98	 1.899650e+03	 233.33	 266.67	 45.00	 3	 0.29	 
BMI_bf_115	 1	 10	 102.tif	 1.900633e+03	 12	 999000	 120	 999000	 999	 1.901650e+03	 233.33	 266.67	 11.00	 32	 0.76	 
BMI_bf_115	 1	 10	 115.tif	 1.902633e+03	 12	 999000	 120	 999000	 999	 1.903650e+03	 233.33	 266.67	 9.00	 45	 0.78	 
BMI_bf_115	 1	 10	 116.tif	 1.904633e+03	 12	 999000	 120	 999000	 999	 1.905650e+03	 233.33	 266.67	 14.00	 46	 0.73	 
BMI_bf_115	 1	 10	 123.tif	 1.911633e+03	 11	 8.545509e+02	 110	 2.755320e+02	 98	 1.912649e+03	 250.00	 266.67	 12.00	 53	 0.76	 
BMI_bf_115	 1	 10	 101.tif	 1.913633e+03	 24	 999000	 240	 999000	 999	 1.914649e+03	 250.00	 266.67	 46.00	 31	 0.29	 
BMI_bf_115	 1	 10	 012.tif	 1.920633e+03	 24	 999000	 240	 999000	 999	 1.921649e+03	 250.00	 266.67	 35.00	 12	 0.43	 
BMI_bf_115	 1	 10	 016.tif	 1.923633e+03	 11	 9.661273e+02	 110	 2.927953e+02	 98	 1.924649e+03	 266.67	 266.67	 20.00	 16	 0.65	 
BMI_bf_115	 1	 10	 112.tif	 1.926632e+03	 24	 999000	 240	 999000	 999	 1.927649e+03	 266.67	 266.67	 43.00	 42	 0.33	 
BMI_bf_115	 1	 10	 114.tif	 1.932632e+03	 11	 1.029800e+03	 1100	 3.096097e+02	 98	 1.933649e+03	 216.67	 266.67	 10.00	 44	 0.78	 
BMI_bf_115	 1	 10	 021.tif	 1.934632e+03	 22	 9.817687e+02	 220	 3.091841e+02	 98	 1.935648e+03	 216.67	 283.33	 53.00	 21	 0.19	 
