subjectID	 order	 runNum	 itemName	 onsetTime	 shuff_trialType	 RT	 respInTime	 AudioTime	 response	 fixationTime	 ladder1	 ladder2	 bidIndex	 itemNameIndex	 bidValue	 
BMI_bf_126	 2	 3	 020.tif	 3.893042e+02	 12	 999000	 120	 999000	 999	 3.903208e+02	 416.67	 350.00	 12.00	 20	 0.70	 
BMI_bf_126	 2	 3	 014.tif	 3.913044e+02	 12	 999000	 120	 999000	 999	 3.923208e+02	 416.67	 350.00	 25.00	 14	 0.63	 
BMI_bf_126	 2	 3	 019.tif	 3.953043e+02	 24	 999000	 240	 999000	 999	 3.963207e+02	 416.67	 350.00	 58.00	 19	 0.19	 
BMI_bf_126	 2	 3	 027.tif	 3.983043e+02	 22	 8.833128e+02	 220	 3.928364e+02	 98	 3.993206e+02	 416.67	 366.67	 48.00	 27	 0.27	 
BMI_bf_126	 2	 3	 102.tif	 4.003043e+02	 12	 999000	 120	 999000	 999	 4.013206e+02	 416.67	 366.67	 1.00	 32	 0.87	 
BMI_bf_126	 2	 3	 012.tif	 4.033042e+02	 24	 999000	 240	 999000	 999	 4.043205e+02	 416.67	 366.67	 59.00	 12	 0.14	 
BMI_bf_126	 2	 3	 003.tif	 4.073041e+02	 24	 999000	 240	 999000	 999	 4.083204e+02	 416.67	 366.67	 47.00	 3	 0.27	 
BMI_bf_126	 2	 3	 113.tif	 4.113040e+02	 11	 9.548205e+02	 110	 4.589493e+02	 98	 4.123203e+02	 433.33	 366.67	 16.00	 43	 0.67	 
BMI_bf_126	 2	 3	 129.tif	 4.133038e+02	 22	 9.469110e+02	 220	 4.095321e+02	 98	 4.143204e+02	 433.33	 383.33	 43.00	 59	 0.34	 
BMI_bf_126	 2	 3	 116.tif	 4.183039e+02	 24	 999000	 240	 999000	 999	 4.193202e+02	 433.33	 383.33	 53.00	 46	 0.23	 
BMI_bf_126	 2	 3	 006.tif	 4.203038e+02	 24	 999000	 240	 999000	 999	 4.213202e+02	 433.33	 383.33	 50.00	 6	 0.25	 
BMI_bf_126	 2	 3	 107.tif	 4.223038e+02	 24	 999000	 240	 999000	 999	 4.233201e+02	 433.33	 383.33	 52.00	 37	 0.24	 
BMI_bf_126	 2	 3	 004.tif	 4.283036e+02	 12	 999000	 120	 999000	 999	 4.293200e+02	 433.33	 383.33	 4.00	 4	 0.76	 
BMI_bf_126	 2	 3	 108.tif	 4.303036e+02	 12	 999000	 120	 999000	 999	 4.313199e+02	 433.33	 383.33	 7.00	 38	 0.72	 
BMI_bf_126	 2	 3	 030.tif	 4.323036e+02	 11	 9.700960e+02	 110	 4.756021e+02	 98	 4.333199e+02	 450.00	 383.33	 26.00	 30	 0.62	 
BMI_bf_126	 2	 3	 130.tif	 4.343035e+02	 24	 999000	 240	 999000	 999	 4.353198e+02	 450.00	 383.33	 31.00	 60	 0.51	 
BMI_bf_126	 2	 3	 117.tif	 4.383034e+02	 24	 999000	 240	 999000	 999	 4.393198e+02	 450.00	 383.33	 44.00	 47	 0.34	 
BMI_bf_126	 2	 3	 128.tif	 4.423033e+02	 22	 9.137478e+02	 220	 4.260784e+02	 98	 4.433197e+02	 450.00	 400.00	 51.00	 58	 0.24	 
BMI_bf_126	 2	 3	 105.tif	 4.453033e+02	 24	 999000	 240	 999000	 999	 4.463196e+02	 450.00	 400.00	 55.00	 35	 0.21	 
BMI_bf_126	 2	 3	 115.tif	 4.493032e+02	 12	 999000	 120	 999000	 999	 4.503195e+02	 450.00	 400.00	 24.00	 45	 0.64	 
BMI_bf_126	 2	 3	 122.tif	 4.523031e+02	 24	 999000	 240	 999000	 999	 4.533195e+02	 450.00	 400.00	 42.00	 52	 0.36	 
BMI_bf_126	 2	 3	 018.tif	 4.543031e+02	 22	 9.212785e+02	 220	 4.435320e+02	 98	 4.553194e+02	 450.00	 416.67	 40.00	 18	 0.38	 
BMI_bf_126	 2	 3	 013.tif	 4.583030e+02	 11	 1.081170e+03	 1100	 4.924382e+02	 98	 4.593193e+02	 400.00	 416.67	 14.00	 13	 0.69	 
BMI_bf_126	 2	 3	 125.tif	 4.603029e+02	 24	 999000	 240	 999000	 999	 4.613193e+02	 400.00	 416.67	 34.00	 55	 0.45	 
BMI_bf_126	 2	 3	 017.tif	 4.623029e+02	 24	 999000	 240	 999000	 999	 4.633193e+02	 400.00	 416.67	 33.00	 17	 0.48	 
BMI_bf_126	 2	 3	 028.tif	 4.663028e+02	 12	 999000	 120	 999000	 999	 4.673192e+02	 400.00	 416.67	 21.00	 28	 0.65	 
BMI_bf_126	 2	 3	 008.tif	 4.683028e+02	 22	 9.528207e+02	 220	 4.582394e+02	 98	 4.693192e+02	 400.00	 433.33	 41.00	 8	 0.37	 
BMI_bf_126	 2	 3	 025.tif	 4.723027e+02	 22	 1.032691e+03	 2200	 4.769031e+02	 98	 4.733191e+02	 400.00	 383.33	 54.00	 25	 0.23	 
BMI_bf_126	 2	 3	 029.tif	 4.763026e+02	 22	 9.285258e+02	 220	 4.254496e+02	 98	 4.773190e+02	 400.00	 400.00	 49.00	 29	 0.25	 
BMI_bf_126	 2	 3	 022.tif	 4.793026e+02	 12	 999000	 120	 999000	 999	 4.803189e+02	 400.00	 400.00	 20.00	 22	 0.66	 
BMI_bf_126	 2	 3	 119.tif	 4.853024e+02	 12	 999000	 120	 999000	 999	 4.863188e+02	 400.00	 400.00	 28.00	 49	 0.56	 
BMI_bf_126	 2	 3	 024.tif	 4.873024e+02	 11	 9.441158e+02	 110	 4.430216e+02	 98	 4.883187e+02	 416.67	 400.00	 11.00	 24	 0.71	 
BMI_bf_126	 2	 3	 124.tif	 4.913023e+02	 12	 999000	 120	 999000	 999	 4.923187e+02	 416.67	 400.00	 3.00	 54	 0.85	 
BMI_bf_126	 2	 3	 106.tif	 4.933023e+02	 12	 999000	 120	 999000	 999	 4.943186e+02	 416.67	 400.00	 29.00	 36	 0.54	 
BMI_bf_126	 2	 3	 101.tif	 4.953022e+02	 12	 999000	 120	 999000	 999	 4.963186e+02	 416.67	 400.00	 18.00	 31	 0.67	 
BMI_bf_126	 2	 3	 002.tif	 4.973022e+02	 12	 999000	 120	 999000	 999	 4.983185e+02	 416.67	 400.00	 15.00	 2	 0.68	 
BMI_bf_126	 2	 3	 011.tif	 5.023021e+02	 11	 9.755952e+02	 110	 4.602515e+02	 98	 5.033184e+02	 433.33	 400.00	 17.00	 11	 0.67	 
BMI_bf_126	 2	 3	 110.tif	 5.043019e+02	 11	 9.836122e+02	 110	 4.760631e+02	 98	 5.053184e+02	 450.00	 400.00	 23.00	 40	 0.65	 
BMI_bf_126	 2	 3	 023.tif	 5.063185e+02	 24	 999000	 240	 999000	 999	 5.073350e+02	 450.00	 400.00	 60.00	 23	 0.13	 
BMI_bf_126	 2	 3	 103.tif	 5.093019e+02	 24	 999000	 240	 999000	 999	 5.103183e+02	 450.00	 400.00	 36.00	 33	 0.41	 
BMI_bf_126	 2	 3	 120.tif	 5.123019e+02	 24	 999000	 240	 999000	 999	 5.133182e+02	 450.00	 400.00	 45.00	 50	 0.34	 
BMI_bf_126	 2	 3	 016.tif	 5.163018e+02	 11	 9.911124e+02	 110	 4.926501e+02	 98	 5.173181e+02	 466.67	 400.00	 19.00	 16	 0.66	 
BMI_bf_126	 2	 3	 109.tif	 5.183182e+02	 11	 9.905362e+02	 110	 5.096437e+02	 98	 5.193347e+02	 483.33	 400.00	 8.00	 39	 0.72	 
BMI_bf_126	 2	 3	 021.tif	 5.203182e+02	 22	 9.344808e+02	 220	 4.424574e+02	 98	 5.213347e+02	 483.33	 416.67	 38.00	 21	 0.40	 
BMI_bf_126	 2	 3	 126.tif	 5.233181e+02	 12	 999000	 120	 999000	 999	 5.243346e+02	 483.33	 416.67	 27.00	 56	 0.59	 
BMI_bf_126	 2	 3	 127.tif	 5.263182e+02	 11	 1.014075e+03	 1100	 5.266416e+02	 98	 5.273345e+02	 433.33	 416.67	 9.00	 57	 0.71	 
BMI_bf_126	 2	 3	 114.tif	 5.283182e+02	 24	 999000	 240	 999000	 999	 5.293345e+02	 433.33	 416.67	 32.00	 44	 0.50	 
BMI_bf_126	 2	 3	 104.tif	 5.303181e+02	 12	 999000	 120	 999000	 999	 5.313345e+02	 433.33	 416.67	 2.00	 34	 0.87	 
BMI_bf_126	 2	 3	 123.tif	 5.323180e+02	 22	 9.579378e+02	 220	 4.588301e+02	 98	 5.333345e+02	 433.33	 433.33	 35.00	 53	 0.44	 
BMI_bf_126	 2	 3	 118.tif	 5.373180e+02	 24	 999000	 240	 999000	 999	 5.383343e+02	 433.33	 433.33	 39.00	 48	 0.40	 
BMI_bf_126	 2	 3	 112.tif	 5.393179e+02	 24	 999000	 240	 999000	 999	 5.403344e+02	 433.33	 433.33	 57.00	 42	 0.20	 
BMI_bf_126	 2	 3	 121.tif	 5.413179e+02	 12	 999000	 120	 999000	 999	 5.423343e+02	 433.33	 433.33	 30.00	 51	 0.53	 
BMI_bf_126	 2	 3	 010.tif	 5.433179e+02	 12	 999000	 120	 999000	 999	 5.443342e+02	 433.33	 433.33	 13.00	 10	 0.69	 
BMI_bf_126	 2	 3	 015.tif	 5.503177e+02	 24	 999000	 240	 999000	 999	 5.513340e+02	 433.33	 433.33	 37.00	 15	 0.40	 
BMI_bf_126	 2	 3	 007.tif	 5.523177e+02	 12	 999000	 120	 999000	 999	 5.533340e+02	 433.33	 433.33	 10.00	 7	 0.71	 
BMI_bf_126	 2	 3	 111.tif	 5.593175e+02	 11	 1.004884e+03	 1100	 4.754790e+02	 98	 5.603339e+02	 383.33	 433.33	 22.00	 41	 0.65	 
BMI_bf_126	 2	 3	 026.tif	 5.623174e+02	 24	 999000	 240	 999000	 999	 5.633338e+02	 383.33	 433.33	 56.00	 26	 0.21	 
BMI_bf_126	 2	 3	 001.tif	 5.653174e+02	 12	 999000	 120	 999000	 999	 5.663337e+02	 383.33	 433.33	 6.00	 1	 0.72	 
BMI_bf_126	 2	 3	 005.tif	 5.713173e+02	 12	 999000	 120	 999000	 999	 5.723336e+02	 383.33	 433.33	 5.00	 5	 0.72	 
BMI_bf_126	 2	 3	 009.tif	 5.733172e+02	 22	 1.012430e+03	 2200	 4.757039e+02	 98	 5.743335e+02	 383.33	 383.33	 46.00	 9	 0.32	 
