subjectID	 order	 runNum	 itemName	 onsetTime	 shuff_trialType	 RT	 respInTime	 AudioTime	 response	 fixationTime	 ladder1	 ladder2	 bidIndex	 itemNameIndex	 bidValue	 
BMI_bf_116	 2	 11	 112.tif	 1.978796e+03	 24	 999000	 240	 999000	 999	 1.979813e+03	 350.00	 350.00	 56.00	 42	 0.19	 
BMI_bf_116	 2	 11	 004.tif	 1.981796e+03	 22	 1.186380e+03	 2200	 3.930407e+02	 98	 1.982813e+03	 350.00	 300.00	 54.00	 4	 0.20	 
BMI_bf_116	 2	 11	 006.tif	 1.983796e+03	 24	 999000	 240	 999000	 999	 1.984813e+03	 350.00	 300.00	 39.00	 6	 0.39	 
BMI_bf_116	 2	 11	 130.tif	 1.985796e+03	 11	 1.026127e+03	 1100	 3.928931e+02	 98	 1.986813e+03	 300.00	 300.00	 17.00	 60	 0.68	 
BMI_bf_116	 2	 11	 110.tif	 1.987796e+03	 12	 999000	 120	 999000	 999	 1.988813e+03	 300.00	 300.00	 10.00	 40	 0.77	 
BMI_bf_116	 2	 11	 108.tif	 1.990796e+03	 11	 3.620127e+02	 110	 3.426965e+02	 98	 1.991813e+03	 316.67	 300.00	 16.00	 38	 0.69	 
BMI_bf_116	 2	 11	 002.tif	 1.992796e+03	 12	 999000	 120	 999000	 999	 1.993812e+03	 316.67	 300.00	 3.00	 2	 0.89	 
BMI_bf_116	 2	 11	 113.tif	 1.996796e+03	 12	 999000	 120	 999000	 999	 1.997812e+03	 316.67	 300.00	 13.00	 43	 0.73	 
BMI_bf_116	 2	 11	 016.tif	 1.998796e+03	 24	 999000	 240	 999000	 999	 1.999812e+03	 316.67	 300.00	 59.00	 16	 0.07	 
BMI_bf_116	 2	 11	 123.tif	 2.003796e+03	 11	 8.895395e+02	 110	 3.581836e+02	 98	 2.004812e+03	 333.33	 300.00	 23.00	 53	 0.61	 
BMI_bf_116	 2	 11	 018.tif	 2.005796e+03	 22	 8.415153e+02	 220	 3.422859e+02	 98	 2.006812e+03	 333.33	 316.67	 49.00	 18	 0.25	 
BMI_bf_116	 2	 11	 001.tif	 2.009796e+03	 22	 6.333064e+02	 220	 3.583140e+02	 98	 2.010812e+03	 333.33	 333.33	 46.00	 1	 0.34	 
BMI_bf_116	 2	 11	 011.tif	 2.011796e+03	 22	 1.025371e+03	 2200	 3.746491e+02	 98	 2.012812e+03	 333.33	 283.33	 35.00	 11	 0.43	 
BMI_bf_116	 2	 11	 027.tif	 2.014796e+03	 24	 999000	 240	 999000	 999	 2.015812e+03	 333.33	 283.33	 36.00	 27	 0.42	 
BMI_bf_116	 2	 11	 102.tif	 2.019796e+03	 11	 9.529895e+02	 110	 3.751007e+02	 98	 2.020812e+03	 350.00	 283.33	 14.00	 32	 0.71	 
BMI_bf_116	 2	 11	 115.tif	 2.021796e+03	 11	 9.608976e+02	 110	 3.917660e+02	 98	 2.022812e+03	 366.67	 283.33	 22.00	 45	 0.62	 
BMI_bf_116	 2	 11	 023.tif	 2.023796e+03	 24	 999000	 240	 999000	 999	 2.024812e+03	 366.67	 283.33	 45.00	 23	 0.34	 
BMI_bf_116	 2	 11	 101.tif	 2.027796e+03	 11	 1.016633e+03	 1100	 4.094422e+02	 98	 2.028812e+03	 316.67	 283.33	 19.00	 31	 0.64	 
BMI_bf_116	 2	 11	 013.tif	 2.031796e+03	 24	 999000	 240	 999000	 999	 2.032812e+03	 316.67	 283.33	 44.00	 13	 0.35	 
BMI_bf_116	 2	 11	 029.tif	 2.035795e+03	 12	 999000	 120	 999000	 999	 2.036812e+03	 316.67	 283.33	 18.00	 29	 0.66	 
BMI_bf_116	 2	 11	 111.tif	 2.037795e+03	 11	 1.064316e+03	 1100	 3.586705e+02	 98	 2.038812e+03	 266.67	 283.33	 11.00	 41	 0.76	 
BMI_bf_116	 2	 11	 008.tif	 2.039795e+03	 12	 999000	 120	 999000	 999	 2.040812e+03	 266.67	 283.33	 30.00	 8	 0.50	 
BMI_bf_116	 2	 11	 014.tif	 2.041795e+03	 24	 999000	 240	 999000	 999	 2.042812e+03	 266.67	 283.33	 32.00	 14	 0.48	 
BMI_bf_116	 2	 11	 121.tif	 2.043795e+03	 12	 999000	 120	 999000	 999	 2.044812e+03	 266.67	 283.33	 24.00	 51	 0.61	 
BMI_bf_116	 2	 11	 025.tif	 2.049795e+03	 12	 999000	 120	 999000	 999	 2.050812e+03	 266.67	 283.33	 5.00	 25	 0.82	 
BMI_bf_116	 2	 11	 020.tif	 2.052795e+03	 12	 999000	 120	 999000	 999	 2.053812e+03	 266.67	 283.33	 29.00	 20	 0.50	 
BMI_bf_116	 2	 11	 015.tif	 2.054795e+03	 24	 999000	 240	 999000	 999	 2.055811e+03	 266.67	 283.33	 47.00	 15	 0.28	 
BMI_bf_116	 2	 11	 007.tif	 2.056795e+03	 24	 999000	 240	 999000	 999	 2.057812e+03	 266.67	 283.33	 53.00	 7	 0.22	 
BMI_bf_116	 2	 11	 116.tif	 2.059795e+03	 12	 999000	 120	 999000	 999	 2.060811e+03	 266.67	 283.33	 21.00	 46	 0.63	 
BMI_bf_116	 2	 11	 122.tif	 2.061795e+03	 12	 999000	 120	 999000	 999	 2.062811e+03	 266.67	 283.33	 2.00	 52	 0.90	 
BMI_bf_116	 2	 11	 119.tif	 2.063795e+03	 12	 999000	 120	 999000	 999	 2.064811e+03	 266.67	 283.33	 7.00	 49	 0.80	 
BMI_bf_116	 2	 11	 012.tif	 2.065795e+03	 24	 999000	 240	 999000	 999	 2.066811e+03	 266.67	 283.33	 60.00	 12	 0.07	 
BMI_bf_116	 2	 11	 124.tif	 2.068795e+03	 11	 8.712052e+02	 110	 3.095787e+02	 98	 2.069811e+03	 283.33	 283.33	 8.00	 54	 0.77	 
BMI_bf_116	 2	 11	 125.tif	 2.070795e+03	 22	 8.951483e+02	 220	 3.264692e+02	 98	 2.071811e+03	 283.33	 300.00	 48.00	 55	 0.26	 
BMI_bf_116	 2	 11	 021.tif	 2.072795e+03	 24	 999000	 240	 999000	 999	 2.073811e+03	 283.33	 300.00	 52.00	 21	 0.23	 
BMI_bf_116	 2	 11	 030.tif	 2.074795e+03	 12	 999000	 120	 999000	 999	 2.075811e+03	 283.33	 300.00	 20.00	 30	 0.64	 
BMI_bf_116	 2	 11	 003.tif	 2.076795e+03	 24	 999000	 240	 999000	 999	 2.077811e+03	 283.33	 300.00	 37.00	 3	 0.39	 
BMI_bf_116	 2	 11	 118.tif	 2.082795e+03	 11	 8.627610e+02	 110	 3.263170e+02	 98	 2.083811e+03	 300.00	 300.00	 9.00	 48	 0.77	 
BMI_bf_116	 2	 11	 107.tif	 2.085795e+03	 24	 999000	 240	 999000	 999	 2.086811e+03	 300.00	 300.00	 58.00	 37	 0.08	 
BMI_bf_116	 2	 11	 129.tif	 2.089795e+03	 24	 999000	 240	 999000	 999	 2.090811e+03	 300.00	 300.00	 33.00	 59	 0.45	 
BMI_bf_116	 2	 11	 009.tif	 2.095795e+03	 24	 999000	 240	 999000	 999	 2.096811e+03	 300.00	 300.00	 57.00	 9	 0.18	 
BMI_bf_116	 2	 11	 106.tif	 2.097795e+03	 11	 9.982154e+02	 110	 3.414386e+02	 98	 2.098811e+03	 316.67	 300.00	 26.00	 36	 0.58	 
BMI_bf_116	 2	 11	 026.tif	 2.102794e+03	 24	 999000	 240	 999000	 999	 2.103811e+03	 316.67	 300.00	 34.00	 26	 0.44	 
BMI_bf_116	 2	 11	 104.tif	 2.105794e+03	 12	 999000	 120	 999000	 999	 2.106811e+03	 316.67	 300.00	 27.00	 34	 0.53	 
BMI_bf_116	 2	 11	 028.tif	 2.107794e+03	 22	 9.898373e+02	 220	 3.416110e+02	 98	 2.108811e+03	 316.67	 316.67	 38.00	 28	 0.39	 
BMI_bf_116	 2	 11	 126.tif	 2.110794e+03	 12	 999000	 120	 999000	 999	 2.111811e+03	 316.67	 316.67	 15.00	 56	 0.69	 
BMI_bf_116	 2	 11	 019.tif	 2.112794e+03	 22	 9.897000e+02	 220	 3.596766e+02	 98	 2.113811e+03	 316.67	 333.33	 51.00	 19	 0.23	 
BMI_bf_116	 2	 11	 127.tif	 2.116794e+03	 12	 999000	 120	 999000	 999	 2.117811e+03	 316.67	 333.33	 1.00	 57	 0.93	 
BMI_bf_116	 2	 11	 103.tif	 2.120794e+03	 12	 999000	 120	 999000	 999	 2.121811e+03	 316.67	 333.33	 12.00	 33	 0.74	 
BMI_bf_116	 2	 11	 022.tif	 2.122794e+03	 12	 999000	 120	 999000	 999	 2.123810e+03	 316.67	 333.33	 4.00	 22	 0.83	 
BMI_bf_116	 2	 11	 114.tif	 2.129794e+03	 22	 1.013061e+03	 2200	 3.764925e+02	 98	 2.130810e+03	 316.67	 283.33	 43.00	 44	 0.36	 
BMI_bf_116	 2	 11	 105.tif	 2.131794e+03	 24	 999000	 240	 999000	 999	 2.132810e+03	 316.67	 283.33	 31.00	 35	 0.48	 
BMI_bf_116	 2	 11	 117.tif	 2.134794e+03	 24	 999000	 240	 999000	 999	 2.135810e+03	 316.67	 283.33	 50.00	 47	 0.24	 
BMI_bf_116	 2	 11	 120.tif	 2.138794e+03	 24	 999000	 240	 999000	 999	 2.139810e+03	 316.67	 283.33	 55.00	 50	 0.20	 
BMI_bf_116	 2	 11	 024.tif	 2.142794e+03	 24	 999000	 240	 999000	 999	 2.143810e+03	 316.67	 283.33	 42.00	 24	 0.37	 
BMI_bf_116	 2	 11	 010.tif	 2.146794e+03	 22	 1.036480e+03	 2200	 3.262953e+02	 98	 2.147810e+03	 316.67	 233.33	 40.00	 10	 0.37	 
BMI_bf_116	 2	 11	 128.tif	 2.149794e+03	 12	 999000	 120	 999000	 999	 2.150810e+03	 316.67	 233.33	 28.00	 58	 0.51	 
BMI_bf_116	 2	 11	 109.tif	 2.151794e+03	 12	 999000	 120	 999000	 999	 2.152810e+03	 316.67	 233.33	 6.00	 39	 0.81	 
BMI_bf_116	 2	 11	 017.tif	 2.155794e+03	 12	 999000	 120	 999000	 999	 2.156810e+03	 316.67	 233.33	 25.00	 17	 0.59	 
BMI_bf_116	 2	 11	 005.tif	 2.162794e+03	 22	 8.519397e+02	 220	 2.762864e+02	 98	 2.163810e+03	 316.67	 250.00	 41.00	 5	 0.37	 
