subjectID	 order	 runNum	 itemName	 onsetTime	 shuff_trialType	 RT	 respInTime	 AudioTime	 response	 fixationTime	 ladder1	 ladder2	 bidIndex	 itemNameIndex	 bidValue	 
BMI_bf_114	 2	 1	 019.tif	 1.098769e+00	 24	 999000	 240	 999000	 999	 2.115072e+00	 750.00	 750.00	 59.00	 19	 0.10	 
BMI_bf_114	 2	 1	 005.tif	 3.081994e+00	 22	 1.367985e+03	 2200	 7.953150e+02	 98	 4.098335e+00	 750.00	 700.00	 43.00	 5	 0.38	 
BMI_bf_114	 2	 1	 106.tif	 7.081881e+00	 12	 999000	 120	 999000	 999	 8.098259e+00	 750.00	 700.00	 10.00	 36	 0.71	 
BMI_bf_114	 2	 1	 009.tif	 1.008180e+01	 11	 1.391739e+03	 1100	 7.930634e+02	 98	 1.109811e+01	 700.00	 700.00	 19.00	 9	 0.64	 
BMI_bf_114	 2	 1	 115.tif	 1.208175e+01	 12	 999000	 120	 999000	 999	 1.309809e+01	 700.00	 700.00	 1.00	 45	 0.81	 
BMI_bf_114	 2	 1	 011.tif	 1.508167e+01	 12	 999000	 120	 999000	 999	 1.609799e+01	 700.00	 700.00	 20.00	 11	 0.64	 
BMI_bf_114	 2	 1	 017.tif	 1.908156e+01	 24	 999000	 240	 999000	 999	 2.009791e+01	 700.00	 700.00	 50.00	 17	 0.29	 
BMI_bf_114	 2	 1	 105.tif	 2.308146e+01	 24	 999000	 240	 999000	 999	 2.409777e+01	 700.00	 700.00	 39.00	 35	 0.44	 
BMI_bf_114	 2	 1	 103.tif	 2.508140e+01	 12	 999000	 120	 999000	 999	 2.609775e+01	 700.00	 700.00	 4.00	 33	 0.75	 
BMI_bf_114	 2	 1	 003.tif	 3.008128e+01	 24	 999000	 240	 999000	 999	 3.109759e+01	 700.00	 700.00	 60.00	 3	 0.08	 
BMI_bf_114	 2	 1	 021.tif	 3.208123e+01	 24	 999000	 240	 999000	 999	 3.309755e+01	 700.00	 700.00	 44.00	 21	 0.36	 
BMI_bf_114	 2	 1	 107.tif	 3.408117e+01	 24	 999000	 240	 999000	 999	 3.509747e+01	 700.00	 700.00	 53.00	 37	 0.26	 
BMI_bf_114	 2	 1	 001.tif	 4.008099e+01	 24	 999000	 240	 999000	 999	 4.109734e+01	 700.00	 700.00	 37.00	 1	 0.47	 
BMI_bf_114	 2	 1	 112.tif	 4.208096e+01	 24	 999000	 240	 999000	 999	 4.309726e+01	 700.00	 700.00	 56.00	 42	 0.19	 
BMI_bf_114	 2	 1	 013.tif	 4.408089e+01	 12	 999000	 120	 999000	 999	 4.509723e+01	 700.00	 700.00	 30.00	 13	 0.53	 
BMI_bf_114	 2	 1	 126.tif	 4.608083e+01	 12	 999000	 120	 999000	 999	 4.709716e+01	 700.00	 700.00	 25.00	 56	 0.58	 
BMI_bf_114	 2	 1	 129.tif	 5.008072e+01	 11	 1.334377e+03	 1100	 7.417925e+02	 98	 5.109711e+01	 650.00	 700.00	 26.00	 59	 0.57	 
BMI_bf_114	 2	 1	 123.tif	 5.408062e+01	 12	 999000	 120	 999000	 999	 5.509695e+01	 650.00	 700.00	 13.00	 53	 0.70	 
BMI_bf_114	 2	 1	 010.tif	 5.708054e+01	 12	 999000	 120	 999000	 999	 5.809688e+01	 650.00	 700.00	 3.00	 10	 0.78	 
BMI_bf_114	 2	 1	 117.tif	 6.108043e+01	 24	 999000	 240	 999000	 999	 6.209675e+01	 650.00	 700.00	 42.00	 47	 0.39	 
BMI_bf_114	 2	 1	 111.tif	 6.409702e+01	 11	 1.317123e+03	 1100	 6.923810e+02	 98	 6.511335e+01	 600.00	 700.00	 14.00	 41	 0.69	 
BMI_bf_114	 2	 1	 006.tif	 6.609696e+01	 24	 999000	 240	 999000	 999	 6.711328e+01	 600.00	 700.00	 55.00	 6	 0.20	 
BMI_bf_114	 2	 1	 004.tif	 7.009670e+01	 11	 1.221111e+03	 1100	 6.422848e+02	 98	 7.111319e+01	 550.00	 700.00	 17.00	 4	 0.65	 
BMI_bf_114	 2	 1	 016.tif	 7.209681e+01	 22	 1.316871e+03	 2200	 7.416428e+02	 98	 7.311311e+01	 550.00	 650.00	 51.00	 16	 0.29	 
BMI_bf_114	 2	 1	 014.tif	 7.409662e+01	 24	 999000	 240	 999000	 999	 7.511310e+01	 550.00	 650.00	 36.00	 14	 0.48	 
BMI_bf_114	 2	 1	 025.tif	 7.809663e+01	 11	 1.140660e+03	 1100	 5.932045e+02	 98	 7.911295e+01	 500.00	 650.00	 22.00	 25	 0.62	 
BMI_bf_114	 2	 1	 109.tif	 8.009637e+01	 12	 999000	 120	 999000	 999	 8.111298e+01	 500.00	 650.00	 12.00	 39	 0.70	 
BMI_bf_114	 2	 1	 024.tif	 8.409647e+01	 12	 999000	 120	 999000	 999	 8.511279e+01	 500.00	 650.00	 21.00	 24	 0.63	 
BMI_bf_114	 2	 1	 128.tif	 8.809621e+01	 22	 1.252400e+03	 2200	 6.934692e+02	 98	 8.911271e+01	 500.00	 600.00	 40.00	 58	 0.43	 
BMI_bf_114	 2	 1	 008.tif	 9.109607e+01	 24	 999000	 240	 999000	 999	 9.211260e+01	 500.00	 600.00	 31.00	 8	 0.51	 
BMI_bf_114	 2	 1	 027.tif	 9.709600e+01	 24	 999000	 240	 999000	 999	 9.811246e+01	 500.00	 600.00	 34.00	 27	 0.50	 
BMI_bf_114	 2	 1	 116.tif	 9.909609e+01	 11	 1.131914e+03	 1100	 5.434500e+02	 98	 1.001124e+02	 450.00	 600.00	 23.00	 46	 0.60	 
BMI_bf_114	 2	 1	 002.tif	 1.030959e+02	 22	 1.211916e+03	 2200	 6.409926e+02	 98	 1.041123e+02	 450.00	 550.00	 54.00	 2	 0.21	 
BMI_bf_114	 2	 1	 125.tif	 1.050959e+02	 22	 1.099664e+03	 2200	 5.943458e+02	 98	 1.061122e+02	 450.00	 500.00	 41.00	 55	 0.41	 
BMI_bf_114	 2	 1	 012.tif	 1.070956e+02	 24	 999000	 240	 999000	 999	 1.081122e+02	 450.00	 500.00	 52.00	 12	 0.27	 
BMI_bf_114	 2	 1	 130.tif	 1.090957e+02	 12	 999000	 120	 999000	 999	 1.101121e+02	 450.00	 500.00	 15.00	 60	 0.69	 
BMI_bf_114	 2	 1	 124.tif	 1.140957e+02	 12	 999000	 120	 999000	 999	 1.151120e+02	 450.00	 500.00	 6.00	 54	 0.73	 
BMI_bf_114	 2	 1	 104.tif	 1.160955e+02	 22	 1.139401e+03	 2200	 5.432264e+02	 98	 1.171119e+02	 450.00	 450.00	 38.00	 34	 0.46	 
BMI_bf_114	 2	 1	 122.tif	 1.180954e+02	 11	 1.115444e+03	 1100	 4.919548e+02	 98	 1.191119e+02	 400.00	 450.00	 11.00	 52	 0.70	 
BMI_bf_114	 2	 1	 119.tif	 1.210955e+02	 12	 999000	 120	 999000	 999	 1.221118e+02	 400.00	 450.00	 28.00	 49	 0.54	 
BMI_bf_114	 2	 1	 101.tif	 1.240954e+02	 12	 999000	 120	 999000	 999	 1.251117e+02	 400.00	 450.00	 24.00	 31	 0.58	 
BMI_bf_114	 2	 1	 121.tif	 1.280953e+02	 12	 999000	 120	 999000	 999	 1.291116e+02	 400.00	 450.00	 5.00	 51	 0.73	 
BMI_bf_114	 2	 1	 118.tif	 1.300951e+02	 11	 9.549285e+02	 110	 4.427458e+02	 98	 1.311116e+02	 416.67	 450.00	 8.00	 48	 0.72	 
BMI_bf_114	 2	 1	 015.tif	 1.320950e+02	 12	 999000	 120	 999000	 999	 1.331115e+02	 416.67	 450.00	 27.00	 15	 0.55	 
BMI_bf_114	 2	 1	 022.tif	 1.350951e+02	 24	 999000	 240	 999000	 999	 1.361115e+02	 416.67	 450.00	 45.00	 22	 0.35	 
BMI_bf_114	 2	 1	 018.tif	 1.380950e+02	 24	 999000	 240	 999000	 999	 1.391113e+02	 416.67	 450.00	 47.00	 18	 0.32	 
BMI_bf_114	 2	 1	 113.tif	 1.400950e+02	 12	 999000	 120	 999000	 999	 1.411113e+02	 416.67	 450.00	 7.00	 43	 0.72	 
BMI_bf_114	 2	 1	 120.tif	 1.420948e+02	 24	 999000	 240	 999000	 999	 1.431112e+02	 416.67	 450.00	 32.00	 50	 0.51	 
BMI_bf_114	 2	 1	 026.tif	 1.440949e+02	 24	 999000	 240	 999000	 999	 1.451112e+02	 416.67	 450.00	 58.00	 26	 0.16	 
BMI_bf_114	 2	 1	 030.tif	 1.490947e+02	 22	 1.082191e+03	 2200	 4.937065e+02	 98	 1.501110e+02	 416.67	 400.00	 35.00	 30	 0.48	 
BMI_bf_114	 2	 1	 028.tif	 1.510944e+02	 22	 9.703222e+02	 220	 4.425988e+02	 98	 1.521110e+02	 416.67	 416.67	 48.00	 28	 0.31	 
BMI_bf_114	 2	 1	 102.tif	 1.530944e+02	 12	 999000	 120	 999000	 999	 1.541109e+02	 416.67	 416.67	 2.00	 32	 0.78	 
BMI_bf_114	 2	 1	 007.tif	 1.550946e+02	 24	 999000	 240	 999000	 999	 1.561109e+02	 416.67	 416.67	 33.00	 7	 0.51	 
BMI_bf_114	 2	 1	 110.tif	 1.620944e+02	 12	 999000	 120	 999000	 999	 1.631107e+02	 416.67	 416.67	 18.00	 40	 0.64	 
BMI_bf_114	 2	 1	 108.tif	 1.640943e+02	 11	 9.855864e+02	 110	 4.589129e+02	 98	 1.651107e+02	 433.33	 416.67	 16.00	 38	 0.66	 
BMI_bf_114	 2	 1	 020.tif	 1.710941e+02	 22	 9.693678e+02	 220	 4.590587e+02	 98	 1.721105e+02	 433.33	 433.33	 49.00	 20	 0.29	 
BMI_bf_114	 2	 1	 029.tif	 1.740941e+02	 12	 999000	 120	 999000	 999	 1.751104e+02	 433.33	 433.33	 29.00	 29	 0.54	 
BMI_bf_114	 2	 1	 114.tif	 1.770940e+02	 22	 9.771318e+02	 220	 4.741025e+02	 98	 1.781103e+02	 433.33	 450.00	 46.00	 44	 0.32	 
BMI_bf_114	 2	 1	 127.tif	 1.830938e+02	 11	 9.609391e+02	 110	 4.761983e+02	 98	 1.841102e+02	 450.00	 450.00	 9.00	 57	 0.71	 
BMI_bf_114	 2	 1	 023.tif	 1.850936e+02	 24	 999000	 240	 999000	 999	 1.861101e+02	 450.00	 450.00	 57.00	 23	 0.16	 
