subjectID	 order	 runNum	 itemName	 onsetTime	 shuff_trialType	 RT	 respInTime	 AudioTime	 response	 fixationTime	 ladder1	 ladder2	 bidIndex	 itemNameIndex	 bidValue	 
BMI_bf_126	 2	 6	 120.tif	 9.614587e+02	 24	 999000	 240	 999000	 999	 9.624753e+02	 450.00	 450.00	 45.00	 50	 0.34	 
BMI_bf_126	 2	 6	 104.tif	 9.644589e+02	 12	 999000	 120	 999000	 999	 9.654752e+02	 450.00	 450.00	 2.00	 34	 0.87	 
BMI_bf_126	 2	 6	 009.tif	 9.664589e+02	 22	 9.845205e+02	 220	 4.923739e+02	 98	 9.674752e+02	 450.00	 466.67	 46.00	 9	 0.32	 
BMI_bf_126	 2	 6	 128.tif	 9.684588e+02	 22	 1.016454e+03	 2200	 5.082941e+02	 98	 9.694752e+02	 450.00	 416.67	 51.00	 58	 0.24	 
BMI_bf_126	 2	 6	 002.tif	 9.704588e+02	 12	 999000	 120	 999000	 999	 9.714752e+02	 450.00	 416.67	 15.00	 2	 0.68	 
BMI_bf_126	 2	 6	 102.tif	 9.734587e+02	 12	 999000	 120	 999000	 999	 9.744751e+02	 450.00	 416.67	 1.00	 32	 0.87	 
BMI_bf_126	 2	 6	 103.tif	 9.754587e+02	 24	 999000	 240	 999000	 999	 9.764751e+02	 450.00	 416.67	 36.00	 33	 0.41	 
BMI_bf_126	 2	 6	 130.tif	 9.794586e+02	 24	 999000	 240	 999000	 999	 9.804749e+02	 450.00	 416.67	 31.00	 60	 0.51	 
BMI_bf_126	 2	 6	 020.tif	 9.814586e+02	 12	 999000	 120	 999000	 999	 9.824749e+02	 450.00	 416.67	 12.00	 20	 0.70	 
BMI_bf_126	 2	 6	 122.tif	 9.864585e+02	 24	 999000	 240	 999000	 999	 9.874748e+02	 450.00	 416.67	 42.00	 52	 0.36	 
BMI_bf_126	 2	 6	 121.tif	 9.884584e+02	 12	 999000	 120	 999000	 999	 9.894748e+02	 450.00	 416.67	 30.00	 51	 0.53	 
BMI_bf_126	 2	 6	 127.tif	 9.924583e+02	 11	 9.835594e+02	 110	 4.931657e+02	 98	 9.934746e+02	 466.67	 416.67	 9.00	 57	 0.71	 
BMI_bf_126	 2	 6	 027.tif	 9.944583e+02	 22	 9.515155e+02	 220	 4.576384e+02	 98	 9.954746e+02	 466.67	 433.33	 48.00	 27	 0.27	 
BMI_bf_126	 2	 6	 129.tif	 9.974582e+02	 22	 7.594194e+02	 220	 4.756978e+02	 98	 9.984745e+02	 466.67	 450.00	 43.00	 59	 0.34	 
BMI_bf_126	 2	 6	 005.tif	 1.002458e+03	 12	 999000	 120	 999000	 999	 1.003474e+03	 466.67	 450.00	 5.00	 5	 0.72	 
BMI_bf_126	 2	 6	 123.tif	 1.004458e+03	 22	 9.750956e+02	 220	 4.910433e+02	 98	 1.005474e+03	 466.67	 466.67	 35.00	 53	 0.44	 
BMI_bf_126	 2	 6	 008.tif	 1.006458e+03	 22	 1.087137e+03	 2200	 5.092513e+02	 98	 1.007474e+03	 466.67	 416.67	 41.00	 8	 0.37	 
BMI_bf_126	 2	 6	 018.tif	 1.010458e+03	 22	 9.509459e+02	 220	 4.585201e+02	 98	 1.011474e+03	 466.67	 433.33	 40.00	 18	 0.38	 
BMI_bf_126	 2	 6	 024.tif	 1.014458e+03	 11	 1.030804e+03	 1100	 5.084958e+02	 98	 1.015474e+03	 416.67	 433.33	 11.00	 24	 0.71	 
BMI_bf_126	 2	 6	 118.tif	 1.018458e+03	 24	 999000	 240	 999000	 999	 1.019474e+03	 416.67	 433.33	 39.00	 48	 0.40	 
BMI_bf_126	 2	 6	 010.tif	 1.020458e+03	 12	 999000	 120	 999000	 999	 1.021474e+03	 416.67	 433.33	 13.00	 10	 0.69	 
BMI_bf_126	 2	 6	 109.tif	 1.022458e+03	 11	 9.505302e+02	 110	 4.595582e+02	 98	 1.023474e+03	 433.33	 433.33	 8.00	 39	 0.72	 
BMI_bf_126	 2	 6	 116.tif	 1.024457e+03	 24	 999000	 240	 999000	 999	 1.025474e+03	 433.33	 433.33	 53.00	 46	 0.23	 
BMI_bf_126	 2	 6	 115.tif	 1.026458e+03	 12	 999000	 120	 999000	 999	 1.027474e+03	 433.33	 433.33	 24.00	 45	 0.64	 
BMI_bf_126	 2	 6	 013.tif	 1.032457e+03	 11	 9.581889e+02	 110	 4.759100e+02	 98	 1.033474e+03	 450.00	 433.33	 14.00	 13	 0.69	 
BMI_bf_126	 2	 6	 012.tif	 1.035457e+03	 24	 999000	 240	 999000	 999	 1.036474e+03	 450.00	 433.33	 59.00	 12	 0.14	 
BMI_bf_126	 2	 6	 016.tif	 1.037457e+03	 11	 9.259893e+02	 110	 4.929559e+02	 98	 1.038474e+03	 466.67	 433.33	 19.00	 16	 0.66	 
BMI_bf_126	 2	 6	 106.tif	 1.039457e+03	 12	 999000	 120	 999000	 999	 1.040474e+03	 466.67	 433.33	 29.00	 36	 0.54	 
BMI_bf_126	 2	 6	 028.tif	 1.042457e+03	 12	 999000	 120	 999000	 999	 1.043474e+03	 466.67	 433.33	 21.00	 28	 0.65	 
BMI_bf_126	 2	 6	 006.tif	 1.044457e+03	 24	 999000	 240	 999000	 999	 1.045474e+03	 466.67	 433.33	 50.00	 6	 0.25	 
BMI_bf_126	 2	 6	 029.tif	 1.046457e+03	 22	 9.416683e+02	 220	 4.757736e+02	 98	 1.047474e+03	 466.67	 450.00	 49.00	 29	 0.25	 
BMI_bf_126	 2	 6	 004.tif	 1.048457e+03	 12	 999000	 120	 999000	 999	 1.049473e+03	 466.67	 450.00	 4.00	 4	 0.76	 
BMI_bf_126	 2	 6	 011.tif	 1.051457e+03	 11	 1.037484e+03	 1100	 5.093886e+02	 98	 1.052473e+03	 416.67	 450.00	 17.00	 11	 0.67	 
BMI_bf_126	 2	 6	 026.tif	 1.053457e+03	 24	 999000	 240	 999000	 999	 1.054473e+03	 416.67	 450.00	 56.00	 26	 0.21	 
BMI_bf_126	 2	 6	 030.tif	 1.055457e+03	 11	 9.253627e+02	 110	 4.590803e+02	 98	 1.056473e+03	 433.33	 450.00	 26.00	 30	 0.62	 
BMI_bf_126	 2	 6	 021.tif	 1.057457e+03	 22	 9.974258e+02	 220	 4.926247e+02	 98	 1.058473e+03	 433.33	 466.67	 38.00	 21	 0.40	 
BMI_bf_126	 2	 6	 003.tif	 1.059457e+03	 24	 999000	 240	 999000	 999	 1.060473e+03	 433.33	 466.67	 47.00	 3	 0.27	 
BMI_bf_126	 2	 6	 017.tif	 1.065457e+03	 24	 999000	 240	 999000	 999	 1.066473e+03	 433.33	 466.67	 33.00	 17	 0.48	 
BMI_bf_126	 2	 6	 117.tif	 1.068457e+03	 24	 999000	 240	 999000	 999	 1.069473e+03	 433.33	 466.67	 44.00	 47	 0.34	 
BMI_bf_126	 2	 6	 105.tif	 1.072457e+03	 24	 999000	 240	 999000	 999	 1.073473e+03	 433.33	 466.67	 55.00	 35	 0.21	 
BMI_bf_126	 2	 6	 119.tif	 1.078456e+03	 12	 999000	 120	 999000	 999	 1.079473e+03	 433.33	 466.67	 28.00	 49	 0.56	 
BMI_bf_126	 2	 6	 023.tif	 1.080456e+03	 24	 999000	 240	 999000	 999	 1.081473e+03	 433.33	 466.67	 60.00	 23	 0.13	 
BMI_bf_126	 2	 6	 107.tif	 1.085456e+03	 24	 999000	 240	 999000	 999	 1.086473e+03	 433.33	 466.67	 52.00	 37	 0.24	 
BMI_bf_126	 2	 6	 007.tif	 1.088456e+03	 12	 999000	 120	 999000	 999	 1.089473e+03	 433.33	 466.67	 10.00	 7	 0.71	 
BMI_bf_126	 2	 6	 111.tif	 1.090473e+03	 11	 9.234646e+02	 110	 4.756094e+02	 98	 1.091489e+03	 450.00	 466.67	 22.00	 41	 0.65	 
BMI_bf_126	 2	 6	 114.tif	 1.093456e+03	 24	 999000	 240	 999000	 999	 1.094472e+03	 450.00	 466.67	 32.00	 44	 0.50	 
BMI_bf_126	 2	 6	 015.tif	 1.095456e+03	 24	 999000	 240	 999000	 999	 1.096472e+03	 450.00	 466.67	 37.00	 15	 0.40	 
BMI_bf_126	 2	 6	 126.tif	 1.099456e+03	 12	 999000	 120	 999000	 999	 1.100472e+03	 450.00	 466.67	 27.00	 56	 0.59	 
BMI_bf_126	 2	 6	 022.tif	 1.103456e+03	 12	 999000	 120	 999000	 999	 1.104472e+03	 450.00	 466.67	 20.00	 22	 0.66	 
BMI_bf_126	 2	 6	 108.tif	 1.105473e+03	 12	 999000	 120	 999000	 999	 1.106489e+03	 450.00	 466.67	 7.00	 38	 0.72	 
BMI_bf_126	 2	 6	 124.tif	 1.112472e+03	 12	 999000	 120	 999000	 999	 1.113489e+03	 450.00	 466.67	 3.00	 54	 0.85	 
BMI_bf_126	 2	 6	 101.tif	 1.114472e+03	 12	 999000	 120	 999000	 999	 1.115489e+03	 450.00	 466.67	 18.00	 31	 0.67	 
BMI_bf_126	 2	 6	 014.tif	 1.117472e+03	 12	 999000	 120	 999000	 999	 1.118489e+03	 450.00	 466.67	 25.00	 14	 0.63	 
BMI_bf_126	 2	 6	 110.tif	 1.121472e+03	 11	 1.010362e+03	 1100	 4.929749e+02	 98	 1.122489e+03	 400.00	 466.67	 23.00	 40	 0.65	 
BMI_bf_126	 2	 6	 025.tif	 1.125472e+03	 22	 9.703592e+02	 220	 5.097029e+02	 98	 1.126489e+03	 400.00	 483.33	 54.00	 25	 0.23	 
BMI_bf_126	 2	 6	 125.tif	 1.129472e+03	 24	 999000	 240	 999000	 999	 1.130488e+03	 400.00	 483.33	 34.00	 55	 0.45	 
BMI_bf_126	 2	 6	 112.tif	 1.132472e+03	 24	 999000	 240	 999000	 999	 1.133488e+03	 400.00	 483.33	 57.00	 42	 0.20	 
BMI_bf_126	 2	 6	 113.tif	 1.134472e+03	 11	 9.218874e+02	 110	 4.430883e+02	 98	 1.135488e+03	 416.67	 483.33	 16.00	 43	 0.67	 
BMI_bf_126	 2	 6	 001.tif	 1.138472e+03	 12	 999000	 120	 999000	 999	 1.139488e+03	 416.67	 483.33	 6.00	 1	 0.72	 
BMI_bf_126	 2	 6	 019.tif	 1.145472e+03	 24	 999000	 240	 999000	 999	 1.146488e+03	 416.67	 483.33	 58.00	 19	 0.19	 
