subjectID	 order	 runNum	 itemName	 onsetTime	 shuff_trialType	 RT	 respInTime	 AudioTime	 response	 fixationTime	 ladder1	 ladder2	 bidIndex	 itemNameIndex	 bidValue	 
BMI_bf_106	 2	 9	 104.tif	 1.577066e+03	 11	 9.483637e+02	 110	 4.584560e+02	 98	 1.578099e+03	 433.33	 416.67	 9.00	 34	 0.79	 
BMI_bf_106	 2	 9	 105.tif	 1.580066e+03	 24	 999000	 240	 999000	 999	 1.581083e+03	 433.33	 416.67	 47.00	 35	 0.29	 
BMI_bf_106	 2	 9	 120.tif	 1.582066e+03	 24	 999000	 240	 999000	 999	 1.583083e+03	 433.33	 416.67	 58.00	 50	 0.11	 
BMI_bf_106	 2	 9	 017.tif	 1.584066e+03	 24	 999000	 240	 999000	 999	 1.585083e+03	 433.33	 416.67	 56.00	 17	 0.17	 
BMI_bf_106	 2	 9	 024.tif	 1.586066e+03	 24	 999000	 240	 999000	 999	 1.587083e+03	 433.33	 416.67	 31.00	 24	 0.48	 
BMI_bf_106	 2	 9	 114.tif	 1.589066e+03	 11	 9.556689e+02	 110	 4.760449e+02	 98	 1.590082e+03	 450.00	 416.67	 14.00	 44	 0.73	 
BMI_bf_106	 2	 9	 010.tif	 1.591066e+03	 24	 999000	 240	 999000	 999	 1.592082e+03	 450.00	 416.67	 37.00	 10	 0.44	 
BMI_bf_106	 2	 9	 028.tif	 1.595066e+03	 22	 1.051437e+03	 2200	 4.591934e+02	 98	 1.596082e+03	 450.00	 366.67	 46.00	 28	 0.30	 
BMI_bf_106	 2	 9	 129.tif	 1.597066e+03	 24	 999000	 240	 999000	 999	 1.598082e+03	 450.00	 366.67	 42.00	 59	 0.34	 
BMI_bf_106	 2	 9	 126.tif	 1.602066e+03	 11	 9.552204e+02	 110	 4.916657e+02	 98	 1.603082e+03	 466.67	 366.67	 8.00	 56	 0.82	 
BMI_bf_106	 2	 9	 109.tif	 1.604066e+03	 12	 999000	 120	 999000	 999	 1.605082e+03	 466.67	 366.67	 27.00	 39	 0.53	 
BMI_bf_106	 2	 9	 123.tif	 1.608066e+03	 12	 999000	 120	 999000	 999	 1.609082e+03	 466.67	 366.67	 21.00	 53	 0.66	 
BMI_bf_106	 2	 9	 018.tif	 1.610066e+03	 22	 9.468909e+02	 220	 4.094253e+02	 98	 1.611082e+03	 466.67	 383.33	 41.00	 18	 0.36	 
BMI_bf_106	 2	 9	 115.tif	 1.613066e+03	 24	 999000	 240	 999000	 999	 1.614082e+03	 466.67	 383.33	 32.00	 45	 0.47	 
BMI_bf_106	 2	 9	 001.tif	 1.618066e+03	 22	 9.305818e+02	 220	 4.261231e+02	 98	 1.619082e+03	 466.67	 400.00	 35.00	 1	 0.47	 
BMI_bf_106	 2	 9	 111.tif	 1.620065e+03	 12	 999000	 120	 999000	 999	 1.621082e+03	 466.67	 400.00	 1.00	 41	 0.93	 
BMI_bf_106	 2	 9	 014.tif	 1.622066e+03	 12	 999000	 120	 999000	 999	 1.623082e+03	 466.67	 400.00	 15.00	 14	 0.71	 
BMI_bf_106	 2	 9	 117.tif	 1.626065e+03	 12	 999000	 120	 999000	 999	 1.627082e+03	 466.67	 400.00	 24.00	 47	 0.55	 
BMI_bf_106	 2	 9	 022.tif	 1.630065e+03	 24	 999000	 240	 999000	 999	 1.631082e+03	 466.67	 400.00	 45.00	 22	 0.30	 
BMI_bf_106	 2	 9	 007.tif	 1.634065e+03	 12	 999000	 120	 999000	 999	 1.635082e+03	 466.67	 400.00	 18.00	 7	 0.67	 
BMI_bf_106	 2	 9	 025.tif	 1.636065e+03	 12	 999000	 120	 999000	 999	 1.637082e+03	 466.67	 400.00	 20.00	 25	 0.67	 
BMI_bf_106	 2	 9	 003.tif	 1.638065e+03	 11	 1.001882e+03	 1100	 5.097171e+02	 98	 1.639082e+03	 416.67	 400.00	 16.00	 3	 0.69	 
BMI_bf_106	 2	 9	 119.tif	 1.640065e+03	 12	 999000	 120	 999000	 999	 1.641082e+03	 416.67	 400.00	 12.00	 49	 0.73	 
BMI_bf_106	 2	 9	 002.tif	 1.642065e+03	 11	 1.001752e+03	 1100	 4.587210e+02	 98	 1.643082e+03	 366.67	 400.00	 26.00	 2	 0.54	 
BMI_bf_106	 2	 9	 012.tif	 1.648065e+03	 24	 999000	 240	 999000	 999	 1.649081e+03	 366.67	 400.00	 60.00	 12	 0.01	 
BMI_bf_106	 2	 9	 113.tif	 1.651065e+03	 12	 999000	 120	 999000	 999	 1.652081e+03	 366.67	 400.00	 2.00	 43	 0.91	 
BMI_bf_106	 2	 9	 118.tif	 1.653065e+03	 12	 999000	 120	 999000	 999	 1.654081e+03	 366.67	 400.00	 25.00	 48	 0.55	 
BMI_bf_106	 2	 9	 019.tif	 1.655065e+03	 24	 999000	 240	 999000	 999	 1.656081e+03	 366.67	 400.00	 36.00	 19	 0.46	 
BMI_bf_106	 2	 9	 110.tif	 1.658065e+03	 12	 999000	 120	 999000	 999	 1.659081e+03	 366.67	 400.00	 10.00	 40	 0.76	 
BMI_bf_106	 2	 9	 008.tif	 1.660065e+03	 22	 9.614111e+02	 220	 4.445548e+02	 98	 1.661081e+03	 366.67	 416.67	 40.00	 8	 0.36	 
BMI_bf_106	 2	 9	 128.tif	 1.662065e+03	 22	 9.213061e+02	 220	 4.587928e+02	 98	 1.663081e+03	 366.67	 433.33	 48.00	 58	 0.28	 
BMI_bf_106	 2	 9	 021.tif	 1.664065e+03	 24	 999000	 240	 999000	 999	 1.665081e+03	 366.67	 433.33	 39.00	 21	 0.39	 
BMI_bf_106	 2	 9	 015.tif	 1.667065e+03	 11	 8.728791e+02	 110	 4.087071e+02	 98	 1.668081e+03	 383.33	 433.33	 17.00	 15	 0.67	 
BMI_bf_106	 2	 9	 127.tif	 1.669065e+03	 12	 999000	 120	 999000	 999	 1.670081e+03	 383.33	 433.33	 4.00	 57	 0.85	 
BMI_bf_106	 2	 9	 122.tif	 1.671065e+03	 24	 999000	 240	 999000	 999	 1.672081e+03	 383.33	 433.33	 57.00	 52	 0.12	 
BMI_bf_106	 2	 9	 006.tif	 1.673065e+03	 24	 999000	 240	 999000	 999	 1.674081e+03	 383.33	 433.33	 59.00	 6	 0.10	 
BMI_bf_106	 2	 9	 013.tif	 1.675065e+03	 12	 999000	 120	 999000	 999	 1.676081e+03	 383.33	 433.33	 13.00	 13	 0.73	 
BMI_bf_106	 2	 9	 009.tif	 1.681064e+03	 24	 999000	 240	 999000	 999	 1.682081e+03	 383.33	 433.33	 34.00	 9	 0.47	 
BMI_bf_106	 2	 9	 121.tif	 1.684064e+03	 22	 6.403740e+02	 220	 4.753980e+02	 98	 1.685081e+03	 383.33	 450.00	 38.00	 51	 0.41	 
BMI_bf_106	 2	 9	 106.tif	 1.688064e+03	 12	 999000	 120	 999000	 999	 1.689081e+03	 383.33	 450.00	 28.00	 36	 0.52	 
BMI_bf_106	 2	 9	 027.tif	 1.694064e+03	 12	 999000	 120	 999000	 999	 1.695081e+03	 383.33	 450.00	 29.00	 27	 0.50	 
BMI_bf_106	 2	 9	 102.tif	 1.696064e+03	 12	 999000	 120	 999000	 999	 1.697081e+03	 383.33	 450.00	 6.00	 32	 0.83	 
BMI_bf_106	 2	 9	 103.tif	 1.701064e+03	 11	 9.276553e+02	 110	 4.255227e+02	 98	 1.702080e+03	 400.00	 450.00	 22.00	 33	 0.61	 
BMI_bf_106	 2	 9	 026.tif	 1.704064e+03	 24	 999000	 240	 999000	 999	 1.705080e+03	 400.00	 450.00	 52.00	 26	 0.22	 
BMI_bf_106	 2	 9	 023.tif	 1.706064e+03	 24	 999000	 240	 999000	 999	 1.707080e+03	 400.00	 450.00	 55.00	 23	 0.19	 
BMI_bf_106	 2	 9	 016.tif	 1.709064e+03	 24	 999000	 240	 999000	 999	 1.710080e+03	 400.00	 450.00	 33.00	 16	 0.47	 
BMI_bf_106	 2	 9	 116.tif	 1.711064e+03	 11	 9.354731e+02	 110	 4.427757e+02	 98	 1.712080e+03	 416.67	 450.00	 23.00	 46	 0.60	 
BMI_bf_106	 2	 9	 130.tif	 1.715064e+03	 11	 9.912821e+02	 110	 4.588245e+02	 98	 1.716080e+03	 433.33	 450.00	 19.00	 60	 0.67	 
BMI_bf_106	 2	 9	 004.tif	 1.719064e+03	 24	 999000	 240	 999000	 999	 1.720080e+03	 433.33	 450.00	 44.00	 4	 0.31	 
BMI_bf_106	 2	 9	 125.tif	 1.721064e+03	 22	 1.006983e+03	 2200	 4.923220e+02	 98	 1.722080e+03	 433.33	 400.00	 49.00	 55	 0.27	 
BMI_bf_106	 2	 9	 011.tif	 1.728064e+03	 12	 999000	 120	 999000	 999	 1.729080e+03	 433.33	 400.00	 30.00	 11	 0.49	 
BMI_bf_106	 2	 9	 108.tif	 1.730064e+03	 22	 9.906587e+02	 220	 4.415655e+02	 98	 1.731080e+03	 433.33	 416.67	 43.00	 38	 0.33	 
BMI_bf_106	 2	 9	 029.tif	 1.733064e+03	 22	 9.745607e+02	 220	 4.592547e+02	 98	 1.734080e+03	 433.33	 433.33	 51.00	 29	 0.23	 
BMI_bf_106	 2	 9	 020.tif	 1.737063e+03	 11	 9.743756e+02	 110	 4.746298e+02	 98	 1.738080e+03	 450.00	 433.33	 11.00	 20	 0.74	 
BMI_bf_106	 2	 9	 124.tif	 1.741063e+03	 12	 999000	 120	 999000	 999	 1.742080e+03	 450.00	 433.33	 5.00	 54	 0.85	 
BMI_bf_106	 2	 9	 112.tif	 1.745063e+03	 24	 999000	 240	 999000	 999	 1.746080e+03	 450.00	 433.33	 53.00	 42	 0.20	 
BMI_bf_106	 2	 9	 005.tif	 1.748063e+03	 24	 999000	 240	 999000	 999	 1.749080e+03	 450.00	 433.33	 50.00	 5	 0.24	 
BMI_bf_106	 2	 9	 101.tif	 1.750063e+03	 12	 999000	 120	 999000	 999	 1.751080e+03	 450.00	 433.33	 7.00	 31	 0.83	 
BMI_bf_106	 2	 9	 107.tif	 1.754063e+03	 22	 9.897951e+02	 220	 4.770619e+02	 98	 1.755079e+03	 450.00	 450.00	 54.00	 37	 0.19	 
BMI_bf_106	 2	 9	 030.tif	 1.761063e+03	 12	 999000	 120	 999000	 999	 1.762079e+03	 450.00	 450.00	 3.00	 30	 0.91	 
