subjectID	 order	 runNum	 itemName	 onsetTime	 shuff_trialType	 RT	 respInTime	 AudioTime	 response	 fixationTime	 ladder1	 ladder2	 bidIndex	 itemNameIndex	 bidValue	 
BMI_bf_127	 1	 12	 123.tif	 2.139903e+03	 24	 999000	 240	 999000	 999	 2.140920e+03	 183.33	 250.00	 32.00	 53	 0.48	 
BMI_bf_127	 1	 12	 117.tif	 2.141903e+03	 24	 999000	 240	 999000	 999	 2.142920e+03	 183.33	 250.00	 56.00	 47	 0.15	 
BMI_bf_127	 1	 12	 022.tif	 2.145903e+03	 24	 999000	 240	 999000	 999	 2.146920e+03	 183.33	 250.00	 33.00	 22	 0.47	 
BMI_bf_127	 1	 12	 129.tif	 2.148903e+03	 12	 999000	 120	 999000	 999	 2.149919e+03	 183.33	 250.00	 17.00	 59	 0.67	 
BMI_bf_127	 1	 12	 103.tif	 2.150903e+03	 22	 9.294226e+02	 220	 2.923834e+02	 98	 2.151919e+03	 183.33	 266.67	 39.00	 33	 0.39	 
BMI_bf_127	 1	 12	 012.tif	 2.153903e+03	 22	 9.373171e+02	 220	 3.081505e+02	 98	 2.154919e+03	 183.33	 283.33	 37.00	 12	 0.40	 
BMI_bf_127	 1	 12	 113.tif	 2.157903e+03	 12	 999000	 120	 999000	 999	 2.158919e+03	 183.33	 283.33	 8.00	 43	 0.76	 
BMI_bf_127	 1	 12	 110.tif	 2.161903e+03	 12	 999000	 120	 999000	 999	 2.162919e+03	 183.33	 283.33	 14.00	 40	 0.70	 
BMI_bf_127	 1	 12	 005.tif	 2.163903e+03	 11	 8.649853e+02	 110	 2.250111e+02	 98	 2.164919e+03	 200.00	 283.33	 20.00	 5	 0.65	 
BMI_bf_127	 1	 12	 003.tif	 2.168903e+03	 24	 999000	 240	 999000	 999	 2.169919e+03	 200.00	 283.33	 43.00	 3	 0.34	 
BMI_bf_127	 1	 12	 007.tif	 2.170903e+03	 11	 9.127224e+02	 110	 2.417382e+02	 98	 2.171919e+03	 216.67	 283.33	 7.00	 7	 0.76	 
BMI_bf_127	 1	 12	 026.tif	 2.172903e+03	 22	 9.366047e+02	 220	 3.242437e+02	 98	 2.173919e+03	 216.67	 300.00	 36.00	 26	 0.41	 
BMI_bf_127	 1	 12	 105.tif	 2.178903e+03	 24	 999000	 240	 999000	 999	 2.179919e+03	 216.67	 300.00	 35.00	 35	 0.42	 
BMI_bf_127	 1	 12	 008.tif	 2.180902e+03	 22	 1.176358e+03	 2200	 3.410511e+02	 98	 2.181919e+03	 216.67	 250.00	 52.00	 8	 0.22	 
BMI_bf_127	 1	 12	 009.tif	 2.182902e+03	 12	 999000	 120	 999000	 999	 2.183919e+03	 216.67	 250.00	 5.00	 9	 0.80	 
BMI_bf_127	 1	 12	 126.tif	 2.184902e+03	 12	 999000	 120	 999000	 999	 2.185919e+03	 216.67	 250.00	 3.00	 56	 0.84	 
BMI_bf_127	 1	 12	 102.tif	 2.188902e+03	 11	 8.721022e+02	 110	 2.583916e+02	 98	 2.189919e+03	 233.33	 250.00	 10.00	 32	 0.76	 
BMI_bf_127	 1	 12	 024.tif	 2.192902e+03	 12	 999000	 120	 999000	 999	 2.193919e+03	 233.33	 250.00	 26.00	 24	 0.60	 
BMI_bf_127	 1	 12	 112.tif	 2.195902e+03	 24	 999000	 240	 999000	 999	 2.196919e+03	 233.33	 250.00	 55.00	 42	 0.16	 
BMI_bf_127	 1	 12	 125.tif	 2.199902e+03	 24	 999000	 240	 999000	 999	 2.200918e+03	 233.33	 250.00	 34.00	 55	 0.46	 
BMI_bf_127	 1	 12	 109.tif	 2.202902e+03	 12	 999000	 120	 999000	 999	 2.203918e+03	 233.33	 250.00	 4.00	 39	 0.81	 
BMI_bf_127	 1	 12	 107.tif	 2.204902e+03	 22	 1.159527e+03	 2200	 2.915177e+02	 98	 2.205918e+03	 233.33	 200.00	 50.00	 37	 0.26	 
BMI_bf_127	 1	 12	 108.tif	 2.208902e+03	 12	 999000	 120	 999000	 999	 2.209918e+03	 233.33	 200.00	 16.00	 38	 0.68	 
BMI_bf_127	 1	 12	 027.tif	 2.210902e+03	 24	 999000	 240	 999000	 999	 2.211918e+03	 233.33	 200.00	 51.00	 27	 0.22	 
BMI_bf_127	 1	 12	 122.tif	 2.212902e+03	 12	 999000	 120	 999000	 999	 2.213918e+03	 233.33	 200.00	 30.00	 52	 0.56	 
BMI_bf_127	 1	 12	 002.tif	 2.216902e+03	 11	 9.991364e+02	 110	 2.749349e+02	 98	 2.217918e+03	 250.00	 200.00	 21.00	 2	 0.64	 
BMI_bf_127	 1	 12	 121.tif	 2.218902e+03	 12	 999000	 120	 999000	 999	 2.219918e+03	 250.00	 200.00	 6.00	 51	 0.79	 
BMI_bf_127	 1	 12	 116.tif	 2.222902e+03	 12	 999000	 120	 999000	 999	 2.223918e+03	 250.00	 200.00	 23.00	 46	 0.63	 
BMI_bf_127	 1	 12	 118.tif	 2.226902e+03	 22	 999000	 2	 2.408556e+02	 999	 2.227918e+03	 250.00	 150.00	 53.00	 48	 0.20	 
BMI_bf_127	 1	 12	 001.tif	 2.229901e+03	 22	 -1.433148e+03	 22	 1.926288e+02	 98	 2.230918e+03	 250.00	 166.67	 45.00	 1	 0.33	 
BMI_bf_127	 1	 12	 127.tif	 2.235901e+03	 12	 999000	 120	 999000	 999	 2.236918e+03	 250.00	 166.67	 2.00	 57	 0.86	 
BMI_bf_127	 1	 12	 023.tif	 2.237901e+03	 24	 999000	 240	 999000	 999	 2.238918e+03	 250.00	 166.67	 46.00	 23	 0.31	 
BMI_bf_127	 1	 12	 014.tif	 2.241901e+03	 12	 999000	 120	 999000	 999	 2.242918e+03	 250.00	 166.67	 29.00	 14	 0.56	 
BMI_bf_127	 1	 12	 028.tif	 2.243901e+03	 24	 999000	 240	 999000	 999	 2.244917e+03	 250.00	 166.67	 58.00	 28	 0.14	 
BMI_bf_127	 1	 12	 017.tif	 2.245901e+03	 24	 999000	 240	 999000	 999	 2.246917e+03	 250.00	 166.67	 57.00	 17	 0.14	 
BMI_bf_127	 1	 12	 004.tif	 2.247901e+03	 24	 999000	 240	 999000	 999	 2.248917e+03	 250.00	 166.67	 48.00	 4	 0.27	 
BMI_bf_127	 1	 12	 020.tif	 2.252901e+03	 11	 9.658099e+02	 110	 2.913652e+02	 98	 2.253917e+03	 266.67	 166.67	 15.00	 20	 0.69	 
BMI_bf_127	 1	 12	 015.tif	 2.254901e+03	 12	 999000	 120	 999000	 999	 2.255917e+03	 266.67	 166.67	 9.00	 15	 0.76	 
BMI_bf_127	 1	 12	 101.tif	 2.256901e+03	 24	 999000	 240	 999000	 999	 2.257917e+03	 266.67	 166.67	 31.00	 31	 0.50	 
BMI_bf_127	 1	 12	 104.tif	 2.259901e+03	 11	 1.077581e+03	 1100	 3.078194e+02	 98	 2.260917e+03	 216.67	 166.67	 12.00	 34	 0.74	 
BMI_bf_127	 1	 12	 124.tif	 2.262901e+03	 11	 9.094322e+02	 110	 2.591514e+02	 98	 2.263917e+03	 233.33	 166.67	 13.00	 54	 0.74	 
BMI_bf_127	 1	 12	 006.tif	 2.266901e+03	 24	 999000	 240	 999000	 999	 2.267917e+03	 233.33	 166.67	 54.00	 6	 0.19	 
BMI_bf_127	 1	 12	 018.tif	 2.268901e+03	 24	 999000	 240	 999000	 999	 2.269917e+03	 233.33	 166.67	 60.00	 18	 0.03	 
BMI_bf_127	 1	 12	 010.tif	 2.270901e+03	 12	 999000	 120	 999000	 999	 2.271917e+03	 233.33	 166.67	 11.00	 10	 0.75	 
BMI_bf_127	 1	 12	 130.tif	 2.273900e+03	 24	 999000	 240	 999000	 999	 2.274917e+03	 233.33	 166.67	 40.00	 60	 0.39	 
BMI_bf_127	 1	 12	 106.tif	 2.276901e+03	 24	 999000	 240	 999000	 999	 2.277917e+03	 233.33	 166.67	 38.00	 36	 0.40	 
BMI_bf_127	 1	 12	 120.tif	 2.278917e+03	 24	 999000	 240	 999000	 999	 2.279933e+03	 233.33	 166.67	 49.00	 50	 0.27	 
BMI_bf_127	 1	 12	 029.tif	 2.280917e+03	 24	 999000	 240	 999000	 999	 2.281933e+03	 233.33	 166.67	 41.00	 29	 0.38	 
BMI_bf_127	 1	 12	 030.tif	 2.282917e+03	 12	 999000	 120	 999000	 999	 2.283933e+03	 233.33	 166.67	 27.00	 30	 0.57	 
BMI_bf_127	 1	 12	 111.tif	 2.287917e+03	 12	 999000	 120	 999000	 999	 2.288933e+03	 233.33	 166.67	 22.00	 41	 0.64	 
BMI_bf_127	 1	 12	 115.tif	 2.289917e+03	 12	 999000	 120	 999000	 999	 2.290933e+03	 233.33	 166.67	 19.00	 45	 0.66	 
BMI_bf_127	 1	 12	 128.tif	 2.291917e+03	 11	 9.718480e+02	 110	 2.761586e+02	 98	 2.292933e+03	 250.00	 166.67	 24.00	 58	 0.62	 
BMI_bf_127	 1	 12	 019.tif	 2.293917e+03	 24	 999000	 240	 999000	 999	 2.294933e+03	 250.00	 166.67	 59.00	 19	 0.12	 
BMI_bf_127	 1	 12	 011.tif	 2.300917e+03	 11	 8.834508e+02	 110	 2.918557e+02	 98	 2.301933e+03	 266.67	 166.67	 18.00	 11	 0.66	 
BMI_bf_127	 1	 12	 013.tif	 2.302917e+03	 12	 999000	 120	 999000	 999	 2.303933e+03	 266.67	 166.67	 1.00	 13	 0.90	 
BMI_bf_127	 1	 12	 025.tif	 2.309916e+03	 22	 8.592983e+02	 220	 2.085829e+02	 98	 2.310933e+03	 266.67	 183.33	 47.00	 25	 0.31	 
BMI_bf_127	 1	 12	 119.tif	 2.312916e+03	 12	 999000	 120	 999000	 999	 2.313933e+03	 266.67	 183.33	 28.00	 49	 0.56	 
BMI_bf_127	 1	 12	 114.tif	 2.315916e+03	 11	 1.035041e+03	 1100	 3.091120e+02	 98	 2.316933e+03	 216.67	 183.33	 25.00	 44	 0.60	 
BMI_bf_127	 1	 12	 016.tif	 2.321916e+03	 22	 8.667370e+02	 220	 2.249058e+02	 98	 2.322933e+03	 216.67	 200.00	 44.00	 16	 0.33	 
BMI_bf_127	 1	 12	 021.tif	 2.323916e+03	 22	 8.986493e+02	 220	 2.421182e+02	 98	 2.324932e+03	 216.67	 216.67	 42.00	 21	 0.37	 
