1	21	143.jpg	1	1	1	1	51
2	28	160.jpg	1	1	1	0	46
3	14	125.jpg	1	1	1	0	17
4	5	107.jpg	1	1	0	0	7
5	19	136.jpg	1	1	0	0	13
6	8	114.jpg	1	1	0	0	12
7	16	128.jpg	1	1	1	1	48
8	6	111.jpg	1	1	0	0	53
9	7	113.jpg	1	1	1	1	43
10	15	127.jpg	1	1	1	1	54
11	13	123.jpg	1	1	0	0	6
12	26	156.jpg	1	1	1	0	49
13	3	105.jpg	1	1	0	0	50
14	12	122.jpg	1	1	0	0	10
15	10	119.jpg	1	1	0	0	47
16	4	106.jpg	1	1	0	0	52
17	2	102.jpg	1	1	1	1	8
18	9	115.jpg	1	1	0	0	55
19	24	152.jpg	1	1	1	1	9
20	23	151.jpg	1	1	1	0	11
21	22	144.jpg	1	1	0	0	56
22	20	141.jpg	1	1	0	0	18
23	17	131.jpg	1	1	0	0	44
24	11	121.jpg	1	1	0	0	15
25	25	154.jpg	1	1	1	0	16
26	1	101.jpg	1	1	1	1	14
27	18	133.jpg	1	1	0	0	45
