1	 18	 133.jpg	 1	 1	 45	 0	 
2	 57	 229.jpg	 0	 0	 0	 0	 
3	 84	 256.jpg	 0	 0	 0	 0	 
4	 31	 203.jpg	 0	 0	 0	 0	 
5	 36	 208.jpg	 0	 0	 0	 0	 
6	 25	 154.jpg	 1	 1	 16	 1	 
7	 65	 237.jpg	 0	 0	 0	 0	 
8	 54	 226.jpg	 0	 0	 0	 0	 
9	 4	 106.jpg	 1	 1	 52	 0	 
10	 61	 233.jpg	 0	 0	 0	 0	 
11	 59	 231.jpg	 0	 0	 0	 0	 
12	 66	 238.jpg	 0	 0	 0	 0	 
13	 51	 223.jpg	 0	 0	 0	 0	 
14	 60	 232.jpg	 0	 0	 0	 0	 
15	 2	 102.jpg	 1	 1	 8	 1	 
16	 19	 136.jpg	 1	 1	 13	 0	 
17	 72	 244.jpg	 0	 0	 0	 0	 
18	 14	 125.jpg	 1	 1	 17	 1	 
19	 75	 247.jpg	 0	 0	 0	 0	 
20	 77	 249.jpg	 0	 0	 0	 0	 
21	 21	 143.jpg	 1	 1	 51	 1	 
22	 78	 250.jpg	 0	 0	 0	 0	 
23	 34	 206.jpg	 0	 0	 0	 0	 
24	 73	 245.jpg	 0	 0	 0	 0	 
25	 1	 101.jpg	 1	 1	 14	 1	 
26	 62	 234.jpg	 0	 0	 0	 0	 
27	 47	 219.jpg	 0	 0	 0	 0	 
28	 39	 211.jpg	 0	 0	 0	 0	 
29	 32	 204.jpg	 0	 0	 0	 0	 
30	 56	 228.jpg	 0	 0	 0	 0	 
31	 11	 121.jpg	 1	 1	 15	 0	 
32	 28	 160.jpg	 1	 1	 46	 1	 
33	 63	 235.jpg	 0	 0	 0	 0	 
34	 30	 202.jpg	 0	 0	 0	 0	 
35	 41	 213.jpg	 0	 0	 0	 0	 
36	 80	 252.jpg	 0	 0	 0	 0	 
37	 3	 105.jpg	 1	 1	 50	 0	 
38	 35	 207.jpg	 0	 0	 0	 0	 
39	 85	 257.jpg	 0	 0	 0	 0	 
40	 9	 115.jpg	 1	 1	 55	 0	 
41	 42	 214.jpg	 0	 0	 0	 0	 
42	 8	 114.jpg	 1	 1	 12	 0	 
43	 17	 131.jpg	 1	 1	 44	 0	 
44	 86	 258.jpg	 0	 0	 0	 0	 
45	 88	 260.jpg	 0	 0	 0	 0	 
46	 37	 209.jpg	 0	 0	 0	 0	 
47	 81	 253.jpg	 0	 0	 0	 0	 
48	 87	 259.jpg	 0	 0	 0	 0	 
49	 20	 141.jpg	 1	 1	 18	 0	 
50	 6	 111.jpg	 1	 1	 53	 0	 
51	 45	 217.jpg	 0	 0	 0	 0	 
52	 22	 144.jpg	 1	 1	 56	 0	 
53	 58	 230.jpg	 0	 0	 0	 0	 
54	 12	 122.jpg	 1	 1	 10	 0	 
55	 43	 215.jpg	 0	 0	 0	 0	 
56	 26	 156.jpg	 1	 1	 49	 1	 
57	 50	 222.jpg	 0	 0	 0	 0	 
58	 24	 152.jpg	 1	 1	 9	 1	 
59	 53	 225.jpg	 0	 0	 0	 0	 
60	 33	 205.jpg	 0	 0	 0	 0	 
61	 68	 240.jpg	 0	 0	 0	 0	 
62	 38	 210.jpg	 0	 0	 0	 0	 
63	 46	 218.jpg	 0	 0	 0	 0	 
64	 74	 246.jpg	 0	 0	 0	 0	 
65	 5	 107.jpg	 1	 1	 7	 0	 
66	 48	 220.jpg	 0	 0	 0	 0	 
67	 52	 224.jpg	 0	 0	 0	 0	 
68	 69	 241.jpg	 0	 0	 0	 0	 
69	 40	 212.jpg	 0	 0	 0	 0	 
70	 79	 251.jpg	 0	 0	 0	 0	 
71	 67	 239.jpg	 0	 0	 0	 0	 
72	 44	 216.jpg	 0	 0	 0	 0	 
73	 55	 227.jpg	 0	 0	 0	 0	 
74	 16	 128.jpg	 1	 1	 48	 1	 
75	 82	 254.jpg	 0	 0	 0	 0	 
76	 70	 242.jpg	 0	 0	 0	 0	 
77	 64	 236.jpg	 0	 0	 0	 0	 
78	 13	 123.jpg	 1	 1	 6	 0	 
79	 15	 127.jpg	 1	 1	 54	 1	 
80	 10	 119.jpg	 1	 1	 47	 0	 
81	 7	 113.jpg	 1	 1	 43	 1	 
82	 71	 243.jpg	 0	 0	 0	 0	 
83	 76	 248.jpg	 0	 0	 0	 0	 
84	 23	 151.jpg	 1	 1	 11	 1	 
85	 29	 201.jpg	 0	 0	 0	 0	 
86	 83	 255.jpg	 0	 0	 0	 0	 
87	 49	 221.jpg	 0	 0	 0	 0	 
88	 27	 157.jpg	 1	 0	 5	 0	 
