subjectID	 order	 runNum	 itemName	 onsetTime	 shuff_trialType	 RT	 respInTime	 AudioTime	 response	 fixationTime	 ladder1	 ladder2	 bidIndex	 itemNameIndex	 bidValue	 
BMI_bfr_114	 2	 14	 130.jpg	 1.730145e+03	 12	 999000	 120	 999000	 999	 1.731163e+03	 700.00	 583.33	 21.00	 30	 0.62	 
BMI_bfr_114	 2	 14	 113.jpg	 1.733132e+03	 22	 8.988266e+02	 220	 5.836684e+02	 98	 1.734166e+03	 700.00	 600.00	 43.00	 13	 0.33	 
BMI_bfr_114	 2	 14	 115.jpg	 1.737136e+03	 24	 999000	 240	 999000	 999	 1.738154e+03	 700.00	 600.00	 55.00	 15	 0.23	 
BMI_bfr_114	 2	 14	 114.jpg	 1.739139e+03	 12	 999000	 120	 999000	 999	 1.740156e+03	 700.00	 600.00	 12.00	 14	 0.72	 
BMI_bfr_114	 2	 14	 150.jpg	 1.741141e+03	 24	 999000	 240	 999000	 999	 1.742159e+03	 700.00	 600.00	 57.00	 50	 0.20	 
BMI_bfr_114	 2	 14	 125.jpg	 1.745145e+03	 11	 9.650869e+02	 110	 7.003242e+02	 98	 1.746180e+03	 716.67	 600.00	 17.00	 25	 0.65	 
BMI_bfr_114	 2	 14	 105.jpg	 1.747148e+03	 24	 999000	 240	 999000	 999	 1.748165e+03	 716.67	 600.00	 50.00	 5	 0.27	 
BMI_bfr_114	 2	 14	 155.jpg	 1.752137e+03	 12	 999000	 120	 999000	 999	 1.753154e+03	 716.67	 600.00	 20.00	 55	 0.63	 
BMI_bfr_114	 2	 14	 126.jpg	 1.754139e+03	 24	 999000	 240	 999000	 999	 1.755157e+03	 716.67	 600.00	 42.00	 26	 0.36	 
BMI_bfr_114	 2	 14	 110.jpg	 1.757142e+03	 24	 999000	 240	 999000	 999	 1.758160e+03	 716.67	 600.00	 39.00	 10	 0.38	 
BMI_bfr_114	 2	 14	 123.jpg	 1.760146e+03	 12	 999000	 120	 999000	 999	 1.761163e+03	 716.67	 600.00	 6.00	 23	 0.82	 
BMI_bfr_114	 2	 14	 157.jpg	 1.764133e+03	 12	 999000	 120	 999000	 999	 1.765153e+03	 716.67	 600.00	 5.00	 57	 0.82	 
BMI_bfr_114	 2	 14	 136.jpg	 1.767137e+03	 12	 999000	 120	 999000	 999	 1.768155e+03	 716.67	 600.00	 13.00	 36	 0.68	 
BMI_bfr_114	 2	 14	 122.jpg	 1.769139e+03	 12	 999000	 120	 999000	 999	 1.770157e+03	 716.67	 600.00	 10.00	 22	 0.77	 
BMI_bfr_114	 2	 14	 102.jpg	 1.772142e+03	 11	 9.601281e+02	 110	 7.169897e+02	 98	 1.773177e+03	 733.33	 600.00	 8.00	 2	 0.80	 
BMI_bfr_114	 2	 14	 144.jpg	 1.776147e+03	 24	 999000	 240	 999000	 999	 1.777165e+03	 733.33	 600.00	 56.00	 44	 0.21	 
BMI_bfr_114	 2	 14	 101.jpg	 1.779134e+03	 11	 9.529285e+02	 110	 7.336784e+02	 98	 1.780168e+03	 750.00	 600.00	 14.00	 1	 0.68	 
BMI_bfr_114	 2	 14	 141.jpg	 1.781136e+03	 12	 999000	 120	 999000	 999	 1.782154e+03	 750.00	 600.00	 18.00	 41	 0.64	 
BMI_bfr_114	 2	 14	 119.jpg	 1.783138e+03	 24	 999000	 240	 999000	 999	 1.784156e+03	 750.00	 600.00	 47.00	 19	 0.32	 
BMI_bfr_114	 2	 14	 156.jpg	 1.788144e+03	 22	 8.468630e+02	 220	 6.003450e+02	 98	 1.789178e+03	 750.00	 616.67	 49.00	 56	 0.28	 
BMI_bfr_114	 2	 14	 121.jpg	 1.792148e+03	 12	 999000	 120	 999000	 999	 1.793166e+03	 750.00	 616.67	 15.00	 21	 0.67	 
BMI_bfr_114	 2	 14	 153.jpg	 1.796136e+03	 12	 999000	 120	 999000	 999	 1.797154e+03	 750.00	 616.67	 3.00	 53	 0.90	 
BMI_bfr_114	 2	 14	 159.jpg	 1.802143e+03	 12	 999000	 120	 999000	 999	 1.803161e+03	 750.00	 616.67	 22.00	 59	 0.60	 
BMI_bfr_114	 2	 14	 138.jpg	 1.804145e+03	 24	 999000	 240	 999000	 999	 1.805163e+03	 750.00	 616.67	 41.00	 38	 0.37	 
BMI_bfr_114	 2	 14	 160.jpg	 1.806147e+03	 22	 8.832655e+02	 220	 6.170017e+02	 98	 1.807182e+03	 750.00	 633.33	 46.00	 60	 0.32	 
BMI_bfr_114	 2	 14	 106.jpg	 1.808133e+03	 24	 999000	 240	 999000	 999	 1.809151e+03	 750.00	 633.33	 52.00	 6	 0.26	 
BMI_bfr_114	 2	 14	 107.jpg	 1.810135e+03	 12	 999000	 120	 999000	 999	 1.811153e+03	 750.00	 633.33	 7.00	 7	 0.81	 
BMI_bfr_114	 2	 14	 127.jpg	 1.814140e+03	 22	 8.748537e+02	 220	 6.336726e+02	 98	 1.815174e+03	 750.00	 650.00	 54.00	 27	 0.23	 
BMI_bfr_114	 2	 14	 145.jpg	 1.816142e+03	 24	 999000	 240	 999000	 999	 1.817160e+03	 750.00	 650.00	 58.00	 45	 0.15	 
BMI_bfr_114	 2	 14	 151.jpg	 1.820146e+03	 11	 3.962958e+02	 11	 7.502516e+02	 98	 1.821181e+03	 766.67	 650.00	 11.00	 51	 0.77	 
BMI_bfr_114	 2	 14	 131.jpg	 1.822132e+03	 24	 999000	 240	 999000	 999	 1.823150e+03	 766.67	 650.00	 44.00	 31	 0.33	 
BMI_bfr_114	 2	 14	 148.jpg	 1.824134e+03	 12	 999000	 120	 999000	 999	 1.825152e+03	 766.67	 650.00	 4.00	 48	 0.83	 
BMI_bfr_114	 2	 14	 137.jpg	 1.826136e+03	 12	 999000	 120	 999000	 999	 1.827157e+03	 766.67	 650.00	 19.00	 37	 0.64	 
BMI_bfr_114	 2	 14	 111.jpg	 1.831142e+03	 24	 999000	 240	 999000	 999	 1.832160e+03	 766.67	 650.00	 53.00	 11	 0.25	 
BMI_bfr_114	 2	 14	 143.jpg	 1.833144e+03	 22	 9.182748e+02	 220	 6.503246e+02	 98	 1.834179e+03	 766.67	 666.67	 51.00	 43	 0.26	 
BMI_bfr_114	 2	 14	 152.jpg	 1.835147e+03	 11	 1.019971e+03	 1100	 7.669919e+02	 98	 1.836181e+03	 716.67	 666.67	 9.00	 52	 0.80	 
BMI_bfr_114	 2	 14	 140.jpg	 1.838133e+03	 24	 999000	 240	 999000	 999	 1.839151e+03	 716.67	 666.67	 40.00	 40	 0.37	 
BMI_bfr_114	 2	 14	 154.jpg	 1.845141e+03	 11	 1.009581e+03	 1100	 7.170226e+02	 98	 1.846175e+03	 666.67	 666.67	 16.00	 54	 0.66	 
BMI_bfr_114	 2	 14	 128.jpg	 1.849146e+03	 22	 9.969339e+02	 220	 6.670023e+02	 98	 1.850180e+03	 666.67	 683.33	 48.00	 28	 0.29	 
BMI_bfr_114	 2	 14	 133.jpg	 1.856137e+03	 24	 999000	 240	 999000	 999	 1.857155e+03	 666.67	 683.33	 45.00	 33	 0.32	 
