1	11	125.jpg	1	1	0	0	54
2	18	140.jpg	1	1	0	0	5
3	17	136.jpg	1	1	1	1	44
4	25	154.jpg	1	1	0	1	11
5	9	119.jpg	1	1	0	0	43
6	10	121.jpg	1	1	1	1	18
7	8	118.jpg	1	1	0	0	16
8	43	215.jpg	0	1	0	0	0
9	7	117.jpg	1	1	1	1	7
10	26	155.jpg	1	1	1	1	45
11	16	131.jpg	1	1	1	0	15
12	73	245.jpg	0	1	0	0	0
13	28	157.jpg	1	1	0	0	49
14	12	126.jpg	1	1	1	1	12
15	1	102.jpg	1	1	0	0	6
16	4	107.jpg	1	1	1	1	53
17	6	109.jpg	1	1	0	0	17
18	20	142.jpg	1	1	1	1	52
19	2	103.jpg	1	1	1	1	10
20	21	144.jpg	1	1	1	1	50
21	5	108.jpg	1	1	0	0	8
22	23	147.jpg	1	1	0	0	51
23	19	141.jpg	1	1	0	0	46
24	3	104.jpg	1	1	0	0	14
25	24	149.jpg	1	1	0	0	48
26	14	128.jpg	1	1	1	0	13
27	13	127.jpg	1	1	0	0	9
28	27	156.jpg	1	1	0	0	56
29	22	145.jpg	1	1	1	1	47
30	15	129.jpg	1	1	0	0	55
