subjectID	 order	 runNum	 itemName	 onsetTime	 shuff_trialType	 RT	 respInTime	 AudioTime	 response	 fixationTime	 ladder1	 ladder2	 bidIndex	 itemNameIndex	 bidValue	 
p_117	 1	 10	 8220.jpg	 1.729502e+03	 24	 999000	 240	 999000	 999	 1.730544e+03	 583.33	 583.33	 59.00	 50	 0.10	 
p_117	 1	 10	 4601.jpg	 1.732494e+03	 11	 1.097686e+03	 1100	 5.839012e+02	 98	 1.733549e+03	 533.33	 583.33	 10.00	 23	 0.76	 
p_117	 1	 10	 7480.jpg	 1.734497e+03	 24	 999000	 240	 999000	 999	 1.735539e+03	 533.33	 583.33	 54.00	 42	 0.22	 
p_117	 1	 10	 7660.jpg	 1.736486e+03	 24	 999000	 240	 999000	 999	 1.737528e+03	 533.33	 583.33	 48.00	 44	 0.33	 
p_117	 1	 10	 8340.jpg	 1.738489e+03	 24	 999000	 240	 999000	 999	 1.739531e+03	 533.33	 583.33	 57.00	 52	 0.18	 
p_117	 1	 10	 4606.jpg	 1.741494e+03	 11	 1.057320e+03	 1100	 5.338940e+02	 98	 1.742549e+03	 483.33	 583.33	 13.00	 25	 0.73	 
p_117	 1	 10	 8371.jpg	 1.743497e+03	 24	 999000	 240	 999000	 999	 1.744539e+03	 483.33	 583.33	 46.00	 54	 0.34	 
p_117	 1	 10	 8502.jpg	 1.747490e+03	 22	 9.574796e+02	 220	 5.839020e+02	 98	 1.748545e+03	 483.33	 600.00	 39.00	 59	 0.40	 
p_117	 1	 10	 1721.jpg	 1.749493e+03	 12	 999000	 120	 999000	 999	 1.750535e+03	 483.33	 600.00	 1.00	 5	 0.87	 
p_117	 1	 10	 7250.jpg	 1.754487e+03	 24	 999000	 240	 999000	 999	 1.755529e+03	 483.33	 600.00	 58.00	 36	 0.15	 
p_117	 1	 10	 8031.jpg	 1.756490e+03	 22	 8.931193e+02	 220	 6.005808e+02	 98	 1.757545e+03	 483.33	 616.67	 36.00	 46	 0.42	 
p_117	 1	 10	 8350.jpg	 1.760496e+03	 24	 999000	 240	 999000	 999	 1.761538e+03	 483.33	 616.67	 49.00	 53	 0.32	 
p_117	 1	 10	 4619.jpg	 1.762486e+03	 12	 999000	 120	 999000	 999	 1.763528e+03	 483.33	 616.67	 2.00	 27	 0.86	 
p_117	 1	 10	 1720.jpg	 1.765490e+03	 11	 8.047159e+02	 110	 4.838739e+02	 98	 1.766546e+03	 500.00	 616.67	 7.00	 4	 0.80	 
p_117	 1	 10	 2345.jpg	 1.770485e+03	 12	 999000	 120	 999000	 999	 1.771527e+03	 500.00	 616.67	 29.00	 15	 0.52	 
p_117	 1	 10	 8210.jpg	 1.772488e+03	 24	 999000	 240	 999000	 999	 1.773530e+03	 500.00	 616.67	 41.00	 49	 0.36	 
p_117	 1	 10	 7470.jpg	 1.774491e+03	 24	 999000	 240	 999000	 999	 1.775533e+03	 500.00	 616.67	 32.00	 41	 0.46	 
p_117	 1	 10	 2352.1.jpg	 1.778497e+03	 12	 999000	 120	 999000	 999	 1.779539e+03	 500.00	 616.67	 17.00	 18	 0.63	 
p_117	 1	 10	 2373.jpg	 1.782489e+03	 11	 9.414540e+02	 110	 5.005438e+02	 98	 1.783545e+03	 516.67	 616.67	 25.00	 20	 0.56	 
p_117	 1	 10	 2165.jpg	 1.786496e+03	 24	 999000	 240	 999000	 999	 1.787538e+03	 516.67	 616.67	 31.00	 12	 0.50	 
p_117	 1	 10	 5626.jpg	 1.788485e+03	 12	 999000	 120	 999000	 999	 1.789527e+03	 516.67	 616.67	 30.00	 34	 0.50	 
p_117	 1	 10	 1540.jpg	 1.790488e+03	 12	 999000	 120	 999000	 999	 1.791530e+03	 516.67	 616.67	 23.00	 1	 0.59	 
p_117	 1	 10	 2058.jpg	 1.792491e+03	 12	 999000	 120	 999000	 999	 1.793533e+03	 516.67	 616.67	 28.00	 8	 0.53	 
p_117	 1	 10	 7430.jpg	 1.794494e+03	 24	 999000	 240	 999000	 999	 1.795536e+03	 516.67	 616.67	 51.00	 40	 0.28	 
p_117	 1	 10	 5829.jpg	 1.800490e+03	 12	 999000	 120	 999000	 999	 1.801532e+03	 516.67	 616.67	 9.00	 35	 0.78	 
p_117	 1	 10	 4626.jpg	 1.803495e+03	 24	 999000	 240	 999000	 999	 1.804537e+03	 516.67	 616.67	 43.00	 28	 0.35	 
p_117	 1	 10	 8510.jpg	 1.805498e+03	 22	 9.890597e+02	 220	 6.172074e+02	 98	 1.806553e+03	 516.67	 633.33	 45.00	 60	 0.34	 
p_117	 1	 10	 7499.jpg	 1.807487e+03	 12	 999000	 120	 999000	 999	 1.808529e+03	 516.67	 633.33	 22.00	 43	 0.60	 
p_117	 1	 10	 2347.jpg	 1.810492e+03	 12	 999000	 120	 999000	 999	 1.811534e+03	 516.67	 633.33	 19.00	 17	 0.62	 
p_117	 1	 10	 2303.jpg	 1.812495e+03	 11	 8.957390e+02	 110	 5.172156e+02	 98	 1.813550e+03	 533.33	 633.33	 15.00	 14	 0.70	 
p_117	 1	 10	 2155.jpg	 1.814485e+03	 11	 9.780286e+02	 110	 5.338685e+02	 98	 1.815540e+03	 550.00	 633.33	 21.00	 10	 0.61	 
p_117	 1	 10	 8208.jpg	 1.816488e+03	 22	 9.589755e+02	 220	 6.338876e+02	 98	 1.817543e+03	 550.00	 650.00	 42.00	 48	 0.35	 
p_117	 1	 10	 7260.jpg	 1.819492e+03	 22	 9.943885e+02	 220	 6.505531e+02	 98	 1.820548e+03	 550.00	 666.67	 52.00	 37	 0.22	 
p_117	 1	 10	 8001.jpg	 1.821495e+03	 24	 999000	 240	 999000	 999	 1.822537e+03	 550.00	 666.67	 33.00	 45	 0.46	 
p_117	 1	 10	 4640.jpg	 1.823485e+03	 11	 9.536612e+02	 110	 5.505458e+02	 98	 1.824540e+03	 566.67	 666.67	 12.00	 29	 0.73	 
p_117	 1	 10	 2209.jpg	 1.825488e+03	 22	 1.206605e+03	 2200	 6.672164e+02	 98	 1.826543e+03	 566.67	 616.67	 44.00	 13	 0.35	 
p_117	 1	 10	 2030.jpg	 1.827491e+03	 11	 8.035384e+02	 110	 5.672405e+02	 98	 1.828546e+03	 583.33	 616.67	 20.00	 6	 0.61	 
p_117	 1	 10	 8380.jpg	 1.833487e+03	 22	 9.757204e+02	 220	 6.172196e+02	 98	 1.834542e+03	 583.33	 633.33	 50.00	 55	 0.29	 
p_117	 1	 10	 2346.jpg	 1.836491e+03	 12	 999000	 120	 999000	 999	 1.837533e+03	 583.33	 633.33	 16.00	 16	 0.65	 
p_117	 1	 10	 8033.jpg	 1.840498e+03	 24	 999000	 240	 999000	 999	 1.841540e+03	 583.33	 633.33	 60.00	 47	 0.02	 
p_117	 1	 10	 8470.jpg	 1.846493e+03	 22	 1.001235e+03	 2200	 6.338899e+02	 98	 1.847549e+03	 583.33	 583.33	 53.00	 57	 0.22	 
p_117	 1	 10	 2158.jpg	 1.848496e+03	 24	 999000	 240	 999000	 999	 1.849538e+03	 583.33	 583.33	 35.00	 11	 0.44	 
p_117	 1	 10	 5199.jpg	 1.853491e+03	 12	 999000	 120	 999000	 999	 1.854533e+03	 583.33	 583.33	 5.00	 31	 0.81	 
p_117	 1	 10	 4610.jpg	 1.856495e+03	 11	 9.513109e+02	 110	 5.838735e+02	 98	 1.857551e+03	 600.00	 583.33	 18.00	 26	 0.63	 
p_117	 1	 10	 8280.jpg	 1.858485e+03	 22	 9.216458e+02	 220	 5.838829e+02	 98	 1.859540e+03	 600.00	 600.00	 47.00	 51	 0.34	 
p_117	 1	 10	 5260.jpg	 1.861489e+03	 12	 999000	 120	 999000	 999	 1.862531e+03	 600.00	 600.00	 8.00	 32	 0.80	 
p_117	 1	 10	 2550.jpg	 1.863492e+03	 12	 999000	 120	 999000	 999	 1.864534e+03	 600.00	 600.00	 3.00	 21	 0.85	 
p_117	 1	 10	 2362.jpg	 1.867485e+03	 11	 9.772137e+02	 110	 6.005372e+02	 98	 1.868541e+03	 616.67	 600.00	 24.00	 19	 0.59	 
p_117	 1	 10	 2057.jpg	 1.871491e+03	 22	 9.631302e+02	 220	 6.005359e+02	 98	 1.872547e+03	 616.67	 616.67	 37.00	 7	 0.42	 
p_117	 1	 10	 2091.jpg	 1.873494e+03	 12	 999000	 120	 999000	 999	 1.874536e+03	 616.67	 616.67	 11.00	 9	 0.74	 
p_117	 1	 10	 1590.jpg	 1.880492e+03	 24	 999000	 240	 999000	 999	 1.881534e+03	 616.67	 616.67	 34.00	 2	 0.44	 
p_117	 1	 10	 8496.jpg	 1.882495e+03	 24	 999000	 240	 999000	 999	 1.883537e+03	 616.67	 616.67	 40.00	 58	 0.39	 
p_117	 1	 10	 7282.jpg	 1.885486e+03	 24	 999000	 240	 999000	 999	 1.886528e+03	 616.67	 616.67	 56.00	 38	 0.18	 
p_117	 1	 10	 7291.jpg	 1.889492e+03	 24	 999000	 240	 999000	 999	 1.890534e+03	 616.67	 616.67	 55.00	 39	 0.20	 
p_117	 1	 10	 1660.jpg	 1.893485e+03	 12	 999000	 120	 999000	 999	 1.894527e+03	 616.67	 616.67	 6.00	 3	 0.81	 
p_117	 1	 10	 8420.jpg	 1.897491e+03	 12	 999000	 120	 999000	 999	 1.898533e+03	 616.67	 616.67	 27.00	 56	 0.53	 
p_117	 1	 10	 4599.jpg	 1.900495e+03	 12	 999000	 120	 999000	 999	 1.901537e+03	 616.67	 616.67	 14.00	 22	 0.72	 
p_117	 1	 10	 4641.jpg	 1.902485e+03	 12	 999000	 120	 999000	 999	 1.903527e+03	 616.67	 616.67	 4.00	 30	 0.82	 
p_117	 1	 10	 4603.jpg	 1.906491e+03	 12	 999000	 120	 999000	 999	 1.907533e+03	 616.67	 616.67	 26.00	 24	 0.56	 
p_117	 1	 10	 5480.jpg	 1.913488e+03	 24	 999000	 240	 999000	 999	 1.914530e+03	 616.67	 616.67	 38.00	 33	 0.41	 
