subjectID	 order	 runNum	 itemName	 onsetTime	 shuff_trialType	 RT	 respInTime	 AudioTime	 response	 fixationTime	 ladder1	 ladder2	 bidIndex	 itemNameIndex	 bidValue	 
p_124	 2	 7	 5260.jpg	 1.183608e+03	 12	 999000	 120	 999000	 999	 1.184650e+03	 616.67	 616.67	 30.00	 32	 0.50	 
p_124	 2	 7	 8031.jpg	 1.188602e+03	 11	 8.100599e+02	 110	 6.172520e+02	 98	 1.189657e+03	 633.33	 616.67	 22.00	 46	 0.53	 
p_124	 2	 7	 5829.jpg	 1.190605e+03	 24	 999000	 240	 999000	 999	 1.191647e+03	 633.33	 616.67	 50.00	 35	 0.36	 
p_124	 2	 7	 7260.jpg	 1.192595e+03	 12	 999000	 120	 999000	 999	 1.193637e+03	 633.33	 616.67	 10.00	 37	 0.64	 
p_124	 2	 7	 8208.jpg	 1.198604e+03	 11	 9.200075e+02	 110	 6.338985e+02	 98	 1.199659e+03	 650.00	 616.67	 9.00	 48	 0.68	 
p_124	 2	 7	 2303.jpg	 1.200593e+03	 22	 8.503328e+02	 220	 6.172414e+02	 98	 1.201649e+03	 650.00	 633.33	 54.00	 14	 0.29	 
p_124	 2	 7	 5199.jpg	 1.203598e+03	 11	 1.013728e+03	 1100	 6.505561e+02	 98	 1.204653e+03	 600.00	 633.33	 26.00	 31	 0.51	 
p_124	 2	 7	 7291.jpg	 1.205601e+03	 22	 9.146804e+02	 220	 6.338795e+02	 98	 1.206656e+03	 600.00	 650.00	 49.00	 39	 0.37	 
p_124	 2	 7	 7470.jpg	 1.209594e+03	 22	 9.539379e+02	 220	 6.505601e+02	 98	 1.210649e+03	 600.00	 666.67	 46.00	 41	 0.38	 
p_124	 2	 7	 4640.jpg	 1.211597e+03	 12	 999000	 120	 999000	 999	 1.212639e+03	 600.00	 666.67	 2.00	 29	 0.89	 
p_124	 2	 7	 8033.jpg	 1.216604e+03	 24	 999000	 240	 999000	 999	 1.217646e+03	 600.00	 666.67	 60.00	 47	 0.22	 
p_124	 2	 7	 8210.jpg	 1.223602e+03	 24	 999000	 240	 999000	 999	 1.224644e+03	 600.00	 666.67	 39.00	 49	 0.45	 
p_124	 2	 7	 4641.jpg	 1.225605e+03	 12	 999000	 120	 999000	 999	 1.226647e+03	 600.00	 666.67	 1.00	 30	 0.92	 
p_124	 2	 7	 2347.jpg	 1.228596e+03	 24	 999000	 240	 999000	 999	 1.229638e+03	 600.00	 666.67	 56.00	 17	 0.27	 
p_124	 2	 7	 8220.jpg	 1.231600e+03	 24	 999000	 240	 999000	 999	 1.232642e+03	 600.00	 666.67	 33.00	 50	 0.48	 
p_124	 2	 7	 7660.jpg	 1.235593e+03	 12	 999000	 120	 999000	 999	 1.236635e+03	 600.00	 666.67	 29.00	 44	 0.50	 
p_124	 2	 7	 8371.jpg	 1.239599e+03	 12	 999000	 120	 999000	 999	 1.240641e+03	 600.00	 666.67	 24.00	 54	 0.52	 
p_124	 2	 7	 4599.jpg	 1.243605e+03	 12	 999000	 120	 999000	 999	 1.244647e+03	 600.00	 666.67	 6.00	 22	 0.72	 
p_124	 2	 7	 2030.jpg	 1.246597e+03	 12	 999000	 120	 999000	 999	 1.247639e+03	 600.00	 666.67	 12.00	 6	 0.62	 
p_124	 2	 7	 7250.jpg	 1.252592e+03	 11	 6.910532e+02	 110	 6.005539e+02	 98	 1.253648e+03	 616.67	 666.67	 8.00	 36	 0.69	 
p_124	 2	 7	 8420.jpg	 1.254595e+03	 22	 6.240031e+02	 22	 6.672276e+02	 98	 1.255664e+03	 616.67	 683.33	 51.00	 56	 0.35	 
p_124	 2	 7	 4610.jpg	 1.257600e+03	 11	 5.474319e+02	 11	 6.172354e+02	 98	 1.258655e+03	 633.33	 683.33	 23.00	 26	 0.52	 
p_124	 2	 7	 8280.jpg	 1.259603e+03	 12	 999000	 120	 999000	 999	 1.260645e+03	 633.33	 683.33	 27.00	 51	 0.50	 
p_124	 2	 7	 2373.jpg	 1.261593e+03	 24	 999000	 240	 999000	 999	 1.262635e+03	 633.33	 683.33	 57.00	 20	 0.26	 
p_124	 2	 7	 8001.jpg	 1.263596e+03	 12	 999000	 120	 999000	 999	 1.264638e+03	 633.33	 683.33	 7.00	 45	 0.69	 
p_124	 2	 7	 2346.jpg	 1.266600e+03	 24	 999000	 240	 999000	 999	 1.267642e+03	 633.33	 683.33	 44.00	 16	 0.39	 
p_124	 2	 7	 8470.jpg	 1.270593e+03	 24	 999000	 240	 999000	 999	 1.271635e+03	 633.33	 683.33	 58.00	 57	 0.22	 
p_124	 2	 7	 4619.jpg	 1.272596e+03	 12	 999000	 120	 999000	 999	 1.273638e+03	 633.33	 683.33	 18.00	 27	 0.59	 
p_124	 2	 7	 2209.jpg	 1.274599e+03	 24	 999000	 240	 999000	 999	 1.275641e+03	 633.33	 683.33	 34.00	 13	 0.48	 
p_124	 2	 7	 8350.jpg	 1.276602e+03	 24	 999000	 240	 999000	 999	 1.277644e+03	 633.33	 683.33	 37.00	 53	 0.47	 
p_124	 2	 7	 1660.jpg	 1.278605e+03	 24	 999000	 240	 999000	 999	 1.279647e+03	 633.33	 683.33	 52.00	 3	 0.34	 
p_124	 2	 7	 1720.jpg	 1.280595e+03	 24	 999000	 240	 999000	 999	 1.281637e+03	 633.33	 683.33	 42.00	 4	 0.42	 
p_124	 2	 7	 5480.jpg	 1.284601e+03	 24	 999000	 240	 999000	 999	 1.285643e+03	 633.33	 683.33	 47.00	 33	 0.38	 
p_124	 2	 7	 5626.jpg	 1.288594e+03	 11	 1.105647e+03	 1100	 6.338834e+02	 98	 1.289649e+03	 583.33	 683.33	 11.00	 34	 0.63	 
p_124	 2	 7	 8502.jpg	 1.290597e+03	 24	 999000	 240	 999000	 999	 1.291639e+03	 583.33	 683.33	 36.00	 59	 0.47	 
p_124	 2	 7	 2155.jpg	 1.292600e+03	 12	 999000	 120	 999000	 999	 1.293642e+03	 583.33	 683.33	 3.00	 10	 0.76	 
p_124	 2	 7	 4601.jpg	 1.294603e+03	 12	 999000	 120	 999000	 999	 1.295645e+03	 583.33	 683.33	 15.00	 23	 0.61	 
p_124	 2	 7	 7430.jpg	 1.296592e+03	 12	 999000	 120	 999000	 999	 1.297634e+03	 583.33	 683.33	 4.00	 40	 0.73	 
p_124	 2	 7	 2362.jpg	 1.302602e+03	 22	 9.856121e+02	 220	 6.838780e+02	 98	 1.303657e+03	 583.33	 700.00	 38.00	 19	 0.46	 
p_124	 2	 7	 2058.jpg	 1.304605e+03	 24	 999000	 240	 999000	 999	 1.305647e+03	 583.33	 700.00	 32.00	 8	 0.50	 
p_124	 2	 7	 2057.jpg	 1.306594e+03	 12	 999000	 120	 999000	 999	 1.307636e+03	 583.33	 700.00	 25.00	 7	 0.52	 
p_124	 2	 7	 7282.jpg	 1.308597e+03	 22	 1.085724e+03	 2200	 7.005519e+02	 98	 1.309653e+03	 583.33	 650.00	 48.00	 38	 0.38	 
p_124	 2	 7	 2165.jpg	 1.311602e+03	 12	 999000	 120	 999000	 999	 1.312644e+03	 583.33	 650.00	 5.00	 12	 0.73	 
p_124	 2	 7	 7480.jpg	 1.313605e+03	 11	 9.102041e+02	 110	 5.838784e+02	 98	 1.314660e+03	 600.00	 650.00	 16.00	 42	 0.61	 
p_124	 2	 7	 2352.1.jpg	 1.320602e+03	 11	 9.047090e+02	 110	 6.005470e+02	 98	 1.321658e+03	 616.67	 650.00	 14.00	 18	 0.61	 
p_124	 2	 7	 8380.jpg	 1.322605e+03	 24	 999000	 240	 999000	 999	 1.323647e+03	 616.67	 650.00	 45.00	 55	 0.39	 
p_124	 2	 7	 1590.jpg	 1.326598e+03	 22	 9.409098e+02	 220	 6.505472e+02	 98	 1.327653e+03	 616.67	 666.67	 35.00	 2	 0.48	 
p_124	 2	 7	 1721.jpg	 1.330604e+03	 22	 1.142802e+03	 2200	 6.672159e+02	 98	 1.331659e+03	 616.67	 616.67	 43.00	 5	 0.40	 
p_124	 2	 7	 2345.jpg	 1.333595e+03	 24	 999000	 240	 999000	 999	 1.334637e+03	 616.67	 616.67	 53.00	 15	 0.31	 
p_124	 2	 7	 2158.jpg	 1.335598e+03	 22	 9.006709e+02	 220	 6.172369e+02	 98	 1.336654e+03	 616.67	 633.33	 40.00	 11	 0.44	 
p_124	 2	 7	 7499.jpg	 1.339604e+03	 22	 9.263968e+02	 220	 6.338732e+02	 98	 1.340660e+03	 616.67	 650.00	 41.00	 43	 0.43	 
p_124	 2	 7	 1540.jpg	 1.341594e+03	 12	 999000	 120	 999000	 999	 1.342636e+03	 616.67	 650.00	 21.00	 1	 0.53	 
p_124	 2	 7	 2091.jpg	 1.344599e+03	 12	 999000	 120	 999000	 999	 1.345641e+03	 616.67	 650.00	 28.00	 9	 0.50	 
p_124	 2	 7	 8510.jpg	 1.348605e+03	 12	 999000	 120	 999000	 999	 1.349647e+03	 616.67	 650.00	 20.00	 60	 0.56	 
p_124	 2	 7	 8496.jpg	 1.350594e+03	 24	 999000	 240	 999000	 999	 1.351636e+03	 616.67	 650.00	 55.00	 58	 0.29	 
p_124	 2	 7	 4626.jpg	 1.355602e+03	 11	 9.128395e+02	 110	 6.172127e+02	 98	 1.356657e+03	 633.33	 650.00	 19.00	 28	 0.57	 
p_124	 2	 7	 8340.jpg	 1.357605e+03	 24	 999000	 240	 999000	 999	 1.358647e+03	 633.33	 650.00	 59.00	 52	 0.22	 
p_124	 2	 7	 4603.jpg	 1.361598e+03	 11	 8.530273e+02	 110	 6.338842e+02	 98	 1.362653e+03	 650.00	 650.00	 17.00	 24	 0.61	 
p_124	 2	 7	 2550.jpg	 1.364602e+03	 12	 999000	 120	 999000	 999	 1.365644e+03	 650.00	 650.00	 13.00	 21	 0.62	 
p_124	 2	 7	 4606.jpg	 1.367594e+03	 24	 999000	 240	 999000	 999	 1.368636e+03	 650.00	 650.00	 31.00	 25	 0.50	 
