subjectID	 order	 runNum	 itemName	 onsetTime	 shuff_trialType	 RT	 respInTime	 AudioTime	 response	 fixationTime	 ladder1	 ladder2	 bidIndex	 itemNameIndex	 bidValue	 
neg_105	 1	 9	 6570.1.JPG	 1.854279e+03	 12	 999000	 120	 999000	 999	 1.855321e+03	 83.33	 16.67	 29.00	 30	 0.55	 
neg_105	 1	 9	 3180.jpg	 1.856269e+03	 24	 999000	 240	 999000	 999	 1.857311e+03	 83.33	 16.67	 35.00	 20	 0.46	 
neg_105	 1	 9	 1111.jpg	 1.860262e+03	 24	 999000	 240	 999000	 999	 1.861304e+03	 83.33	 16.67	 41.00	 5	 0.41	 
neg_105	 1	 9	 9340.jpg	 1.863266e+03	 12	 999000	 120	 999000	 999	 1.864308e+03	 83.33	 16.67	 16.00	 48	 0.67	 
neg_105	 1	 9	 6838.jpg	 1.865269e+03	 12	 999000	 120	 999000	 999	 1.866311e+03	 83.33	 16.67	 26.00	 31	 0.59	 
neg_105	 1	 9	 9390.jpg	 1.868261e+03	 24	 999000	 240	 999000	 999	 1.869303e+03	 83.33	 16.67	 46.00	 51	 0.32	 
neg_105	 1	 9	 6370.jpg	 1.872267e+03	 12	 999000	 120	 999000	 999	 1.873309e+03	 83.33	 16.67	 8.00	 27	 0.72	 
neg_105	 1	 9	 9120.jpg	 1.876259e+03	 11	 1.131154e+03	 1100	 8.389404e+01	 98	 1.877315e+03	 33.33	 16.67	 13.00	 39	 0.67	 
neg_105	 1	 9	 6250.1.jpg	 1.878262e+03	 12	 999000	 120	 999000	 999	 1.879305e+03	 33.33	 16.67	 28.00	 26	 0.57	 
neg_105	 1	 9	 9042.jpg	 1.883270e+03	 22	 5.524563e+02	 220	 1.722414e+01	 98	 1.884325e+03	 33.33	 33.33	 47.00	 36	 0.31	 
neg_105	 1	 9	 7359.jpg	 1.885260e+03	 24	 999000	 240	 999000	 999	 1.886302e+03	 33.33	 33.33	 40.00	 33	 0.42	 
neg_105	 1	 9	 9300.jpg	 1.887263e+03	 24	 999000	 240	 999000	 999	 1.888305e+03	 33.33	 33.33	 55.00	 42	 0.22	 
neg_105	 1	 9	 6560.JPG	 1.893272e+03	 11	 3.745228e+02	 110	 3.387227e+01	 98	 1.894327e+03	 50.00	 33.33	 25.00	 29	 0.60	 
neg_105	 1	 9	 9008.jpg	 1.895262e+03	 24	 999000	 240	 999000	 999	 1.896304e+03	 50.00	 33.33	 58.00	 35	 0.16	 
neg_105	 1	 9	 6555.jpg	 1.897265e+03	 11	 6.058080e+02	 110	 5.055014e+01	 98	 1.898320e+03	 66.67	 33.33	 15.00	 28	 0.67	 
neg_105	 1	 9	 1301.jpg	 1.899268e+03	 22	 999000	 2	 3.387159e+01	 999	 1.900323e+03	 66.67	 -16.67	 42.00	 9	 0.39	 
neg_105	 1	 9	 9622.jpg	 1.903260e+03	 12	 -2.221993e+03	 12	 999000	 98	 1.904369e+03	 66.67	 -16.67	 23.00	 58	 0.61	 
neg_105	 1	 9	 2799.jpg	 1.907267e+03	 11	 999000	 1	 6.721958e+01	 999	 1.908322e+03	 16.67	 -16.67	 12.00	 17	 0.69	 
neg_105	 1	 9	 1271.jpg	 1.910271e+03	 24	 999000	 240	 999000	 999	 1.911313e+03	 16.67	 -16.67	 57.00	 7	 0.20	 
neg_105	 1	 9	 9254.jpg	 1.914264e+03	 11	 1.286532e+03	 1100	 1.720707e+01	 98	 1.915319e+03	 -33.33	 -16.67	 20.00	 40	 0.62	 
neg_105	 1	 9	 1205.jpg	 1.917268e+03	 22	 9.859515e+02	 220	 6.202756e-01	 98	 1.918324e+03	 -33.33	 0.00	 45.00	 6	 0.37	 
neg_105	 1	 9	 9903.jpg	 1.919271e+03	 12	 999000	 120	 999000	 999	 1.920313e+03	 -33.33	 0.00	 27.00	 59	 0.59	 
neg_105	 1	 9	 9325.jpg	 1.923264e+03	 22	 999000	 2	 6.202154e-01	 999	 1.924320e+03	 -33.33	 0.00	 53.00	 46	 0.25	 
neg_105	 1	 9	 9341.jpg	 1.925267e+03	 24	 999000	 240	 999000	 999	 1.926309e+03	 -33.33	 0.00	 54.00	 49	 0.24	 
neg_105	 1	 9	 10003.JPG	 1.927270e+03	 22	 999000	 2	 6.087268e-01	 999	 1.928326e+03	 -33.33	 0.00	 44.00	 2	 0.38	 
neg_105	 1	 9	 9291.jpg	 1.931263e+03	 11	 999000	 1	 6.332890e-01	 999	 1.932318e+03	 -33.33	 0.00	 10.00	 41	 0.69	 
neg_105	 1	 9	 3500.jpg	 1.933266e+03	 12	 6.026747e+01	 12	 999000	 98	 1.934308e+03	 -33.33	 0.00	 3.00	 21	 0.79	 
neg_105	 1	 9	 9050.jpg	 1.937272e+03	 11	 4.541311e+02	 110	 6.259206e-01	 98	 1.938328e+03	 -16.67	 0.00	 7.00	 37	 0.73	 
neg_105	 1	 9	 2205.jpg	 1.941265e+03	 22	 4.133766e+02	 220	 6.307477e-01	 98	 1.942320e+03	 -16.67	 16.67	 37.00	 11	 0.44	 
neg_105	 1	 9	 9561.jpg	 1.944269e+03	 24	 999000	 240	 999000	 999	 1.945311e+03	 -16.67	 16.67	 51.00	 56	 0.27	 
neg_105	 1	 9	 10002.JPG	 1.950265e+03	 24	 999000	 240	 999000	 999	 1.951307e+03	 -16.67	 16.67	 59.00	 1	 0.12	 
neg_105	 1	 9	 9425.jpg	 1.952268e+03	 12	 999000	 120	 999000	 999	 1.953310e+03	 -16.67	 16.67	 30.00	 52	 0.53	 
neg_105	 1	 9	 2683.jpg	 1.956261e+03	 12	 999000	 120	 999000	 999	 1.957303e+03	 -16.67	 16.67	 5.00	 15	 0.77	 
neg_105	 1	 9	 3160.jpg	 1.958264e+03	 24	 999000	 240	 999000	 999	 1.959306e+03	 -16.67	 16.67	 56.00	 19	 0.20	 
neg_105	 1	 9	 9330.jpg	 1.960267e+03	 24	 999000	 240	 999000	 999	 1.961309e+03	 -16.67	 16.67	 32.00	 47	 0.48	 
neg_105	 1	 9	 2750.jpg	 1.962270e+03	 24	 999000	 240	 999000	 999	 1.963312e+03	 -16.67	 16.67	 31.00	 16	 0.51	 
neg_105	 1	 9	 9480.jpg	 1.967264e+03	 24	 999000	 240	 999000	 999	 1.968306e+03	 -16.67	 16.67	 33.00	 53	 0.47	 
neg_105	 1	 9	 9373.jpg	 1.969267e+03	 22	 8.267323e+02	 220	 1.720955e+01	 98	 1.970323e+03	 -16.67	 33.33	 36.00	 50	 0.44	 
neg_105	 1	 9	 1274.jpg	 1.971270e+03	 24	 999000	 240	 999000	 999	 1.972312e+03	 -16.67	 33.33	 48.00	 8	 0.29	 
neg_105	 1	 9	 9321.jpg	 1.974262e+03	 24	 999000	 240	 999000	 999	 1.975304e+03	 -16.67	 33.33	 38.00	 44	 0.42	 
neg_105	 1	 9	 6211.jpg	 1.977266e+03	 11	 8.118374e+02	 110	 6.329642e-01	 98	 1.978348e+03	 -0.00	 33.33	 18.00	 23	 0.65	 
neg_105	 1	 9	 3103.jpg	 1.981272e+03	 22	 1.141729e+03	 2200	 3.388284e+01	 98	 1.982328e+03	 -0.00	 -16.67	 50.00	 18	 0.27	 
neg_105	 1	 9	 9090.jpg	 1.983262e+03	 12	 999000	 120	 999000	 999	 1.984304e+03	 -0.00	 -16.67	 14.00	 38	 0.67	 
neg_105	 1	 9	 9490.jpg	 1.985265e+03	 12	 999000	 120	 999000	 999	 1.986307e+03	 -0.00	 -16.67	 6.00	 54	 0.74	 
neg_105	 1	 9	 7078.jpg	 1.988269e+03	 24	 999000	 240	 999000	 999	 1.989311e+03	 -0.00	 -16.67	 43.00	 32	 0.39	 
neg_105	 1	 9	 10005.JPG	 1.991261e+03	 24	 999000	 240	 999000	 999	 1.992303e+03	 -0.00	 -16.67	 60.00	 3	 0.10	 
neg_105	 1	 9	 6213.jpg	 1.993264e+03	 12	 999000	 120	 999000	 999	 1.994306e+03	 -0.00	 -16.67	 22.00	 24	 0.61	 
neg_105	 1	 9	 2039.jpg	 1.995267e+03	 11	 999000	 1	 6.171538e-01	 999	 1.996322e+03	 -0.00	 -16.67	 21.00	 10	 0.61	 
neg_105	 1	 9	 1019.jpg	 1.997270e+03	 24	 999000	 240	 999000	 999	 1.998312e+03	 -0.00	 -16.67	 49.00	 4	 0.29	 
neg_105	 1	 9	 2456.jpg	 2.002264e+03	 24	 999000	 240	 999000	 999	 2.003306e+03	 -0.00	 -16.67	 34.00	 13	 0.46	 
neg_105	 1	 9	 9495.jpg	 2.004267e+03	 12	 999000	 120	 999000	 999	 2.005309e+03	 -0.00	 -16.67	 17.00	 55	 0.66	 
neg_105	 1	 9	 9322.jpg	 2.006270e+03	 22	 3.516279e+02	 220	 6.188079e-01	 98	 2.007325e+03	 -0.00	 0.00	 39.00	 45	 0.42	 
neg_105	 1	 9	 2455.jpg	 2.008260e+03	 12	 999000	 120	 999000	 999	 2.009302e+03	 -0.00	 0.00	 9.00	 12	 0.71	 
neg_105	 1	 9	 9905.jpg	 2.015270e+03	 12	 999000	 120	 999000	 999	 2.016312e+03	 -0.00	 0.00	 4.00	 60	 0.79	 
neg_105	 1	 9	 6242.jpg	 2.017260e+03	 11	 5.135647e+02	 110	 6.078877e-01	 98	 2.018316e+03	 16.67	 0.00	 24.00	 25	 0.60	 
neg_105	 1	 9	 9600.jpg	 2.024271e+03	 12	 999000	 120	 999000	 999	 2.025313e+03	 16.67	 0.00	 2.00	 57	 0.79	 
neg_105	 1	 9	 2457.jpg	 2.027262e+03	 12	 999000	 120	 999000	 999	 2.028304e+03	 16.67	 0.00	 19.00	 14	 0.64	 
neg_105	 1	 9	 9301.jpg	 2.030267e+03	 22	 999000	 2	 6.199538e-01	 999	 2.031322e+03	 16.67	 0.00	 52.00	 43	 0.26	 
neg_105	 1	 9	 8480.jpg	 2.036262e+03	 12	 999000	 120	 999000	 999	 2.037304e+03	 16.67	 0.00	 1.00	 34	 0.82	 
neg_105	 1	 9	 6210.jpg	 2.038265e+03	 12	 999000	 120	 999000	 999	 2.039307e+03	 16.67	 0.00	 11.00	 22	 0.69	 
