1	 8	 1204.jpg	 1	 1	 54	 1	 
2	 7	 1191.jpg	 1	 1	 43	 1	 
3	 41	 5228.jpg	 0	 0	 0	 0	 
4	 24	 2181.jpg	 1	 1	 9	 1	 
5	 35	 5129.jpg	 0	 0	 0	 0	 
6	 46	 6042.jpg	 0	 0	 0	 0	 
7	 37	 5152.jpg	 0	 0	 0	 0	 
8	 31	 5049.jpg	 0	 0	 0	 0	 
9	 32	 5057.jpg	 0	 0	 0	 0	 
10	 10	 1246.jpg	 1	 1	 55	 0	 
11	 52	 6201.jpg	 0	 0	 0	 0	 
12	 47	 6054.jpg	 0	 0	 0	 0	 
13	 40	 5220.jpg	 0	 0	 0	 0	 
14	 56	 6249.jpg	 0	 0	 0	 0	 
15	 15	 2039.jpg	 1	 1	 50	 0	 
16	 21	 2153.jpg	 1	 1	 12	 0	 
17	 55	 6221.jpg	 0	 0	 0	 0	 
18	 13	 2015.jpg	 1	 1	 15	 0	 
19	 30	 5028.jpg	 0	 0	 0	 0	 
20	 45	 6036.jpg	 0	 0	 0	 0	 
21	 36	 5144.jpg	 0	 0	 0	 0	 
22	 38	 5182.jpg	 0	 0	 0	 0	 
23	 4	 1080.jpg	 1	 1	 49	 1	 
24	 14	 2024.jpg	 1	 1	 47	 0	 
25	 12	 2010.jpg	 1	 1	 10	 0	 
26	 25	 2194.jpg	 1	 1	 48	 1	 
27	 5	 1130.jpg	 1	 1	 17	 1	 
28	 48	 6111.jpg	 0	 0	 0	 0	 
29	 53	 6213.jpg	 0	 0	 0	 0	 
30	 33	 5081.jpg	 0	 0	 0	 0	 
31	 44	 6016.jpg	 0	 0	 0	 0	 
32	 42	 5254.jpg	 0	 0	 0	 0	 
33	 18	 2112.jpg	 1	 1	 7	 0	 
34	 49	 6124.jpg	 0	 0	 0	 0	 
35	 3	 1060.jpg	 1	 1	 46	 1	 
36	 23	 2164.jpg	 1	 1	 11	 1	 
37	 6	 1146.jpg	 1	 1	 18	 0	 
38	 27	 2218.jpg	 1	 1	 5	 0	 
39	 54	 6217.jpg	 0	 0	 0	 0	 
40	 9	 1226.jpg	 1	 1	 53	 0	 
41	 22	 2155.jpg	 1	 1	 56	 0	 
42	 2	 1050.jpg	 1	 1	 13	 0	 
43	 1	 1017.jpg	 1	 1	 6	 0	 
44	 17	 2094.jpg	 1	 1	 51	 1	 
45	 43	 6008.jpg	 0	 0	 0	 0	 
46	 29	 5009.jpg	 0	 0	 0	 0	 
47	 26	 2209.jpg	 1	 1	 8	 1	 
48	 16	 2089.jpg	 1	 1	 16	 1	 
49	 39	 5207.jpg	 0	 0	 0	 0	 
50	 50	 6154.jpg	 0	 0	 0	 0	 
51	 20	 2149.jpg	 1	 1	 52	 0	 
52	 11	 1262.jpg	 1	 1	 44	 0	 
53	 34	 5115.jpg	 0	 0	 0	 0	 
54	 19	 2128.jpg	 1	 1	 45	 0	 
55	 51	 6190.jpg	 0	 0	 0	 0	 
56	 28	 2248.jpg	 1	 1	 14	 1	 
