1	9	1210.jpg	1	1	1	1	53
2	25	2155.jpg	1	1	0	0	46
3	20	2110.jpg	1	1	1	1	15
4	7	1145.jpg	1	0	0	0	48
5	23	2149.jpg	1	0	1	1	12
6	5	1114.jpg	1	0	1	1	18
7	4	1080.jpg	1	1	1	1	47
8	28	2248.jpg	1	1	1	1	52
9	18	2058.jpg	1	1	0	0	11
10	21	2112.jpg	1	1	0	0	49
11	17	2053.jpg	1	0	0	1	9
12	10	1262.jpg	1	0	0	0	56
13	16	2045.jpg	1	1	0	0	16
14	27	2229.jpg	1	0	0	0	54
15	1	1007.jpg	1	0	1	0	45
16	13	2024.jpg	1	0	0	0	55
17	3	1027.jpg	1	0	0	0	17
18	22	2118.jpg	1	0	0	1	8
19	2	1019.jpg	1	1	1	1	13
20	12	2015.jpg	1	0	0	0	43
21	19	2089.jpg	1	1	0	0	6
22	6	1127.jpg	1	1	0	0	14
23	11	2006.jpg	1	1	1	1	7
24	14	2039.jpg	1	1	1	1	44
25	36	5144.jpg	0	0	0	0	0
26	24	2153.jpg	1	1	1	1	10
27	8	1173.jpg	1	1	0	0	51
28	26	2181.jpg	1	0	1	0	50
29	15	2041.jpg	1	1	0	0	5
