1	20	2094.jpg	1	1	1	1	44
2	13	1246.jpg	1	0	0	0	48
3	27	2240.jpg	1	1	0	1	55
4	5	1127.jpg	1	1	1	1	50
5	8	1192.jpg	1	1	0	0	56
6	6	1130.jpg	1	1	0	0	49
7	22	2112.jpg	1	0	0	1	9
8	26	2194.jpg	1	0	1	1	47
9	24	2128.jpg	1	0	1	0	52
10	2	1031.jpg	1	0	1	0	15
11	4	1114.jpg	1	1	1	0	10
12	19	2089.jpg	1	1	1	0	13
13	10	1204.jpg	1	0	0	1	51
14	11	1210.jpg	1	0	0	1	16
15	23	2118.jpg	1	0	1	0	12
16	7	1173.jpg	1	1	1	0	45
17	9	1202.jpg	1	1	0	1	17
18	17	2015.jpg	1	1	0	1	43
19	25	2181.jpg	1	0	0	1	6
20	3	1035.jpg	1	0	0	1	5
21	12	1226.jpg	1	1	0	0	46
22	16	2010.jpg	1	0	0	1	11
23	28	2248.jpg	1	0	0	1	8
24	1	1013.jpg	1	0	0	0	14
25	15	2006.jpg	1	1	1	1	7
26	21	2110.jpg	1	1	0	0	54
27	14	1262.jpg	1	1	1	1	18
28	18	2058.jpg	1	1	1	0	53
