1	12	1246.jpg	1	1	0	1	50
2	5	1073.jpg	1	1	0	0	5
3	23	2164.jpg	1	1	0	0	12
4	19	2110.jpg	1	0	0	1	13
5	11	1226.jpg	1	0	1	1	46
6	22	2155.jpg	1	1	0	1	47
7	15	2024.jpg	1	1	1	1	43
8	17	2045.jpg	1	1	1	0	16
9	20	2118.jpg	1	0	1	0	17
10	6	1114.jpg	1	1	0	1	10
11	27	2229.jpg	1	0	0	0	15
12	13	1262.jpg	1	0	0	1	53
13	2	1035.jpg	1	0	1	0	14
14	26	2218.jpg	1	1	0	1	45
15	10	1204.jpg	1	1	1	1	48
16	4	1060.jpg	1	1	0	1	55
17	1	1027.jpg	1	0	1	0	54
18	14	2010.jpg	1	0	1	0	9
19	16	2039.jpg	1	0	0	0	7
20	7	1145.jpg	1	0	0	1	44
21	24	2181.jpg	1	1	1	0	49
22	25	2194.jpg	1	1	0	1	52
23	18	2094.jpg	1	1	0	0	6
24	28	2240.jpg	1	1	1	1	51
25	21	2153.jpg	1	0	0	0	18
26	3	1050.jpg	1	0	1	0	11
27	9	1202.jpg	1	1	1	0	8
28	8	1150.jpg	1	0	0	0	56
