1	 33	 5081.jpg	 0	 0	 0	 0	 
2	 40	 5220.jpg	 0	 0	 0	 0	 
3	 4	 1073.jpg	 1	 1	 56	 0	 
4	 22	 2128.jpg	 1	 1	 9	 1	 
5	 29	 5009.jpg	 0	 0	 0	 0	 
6	 14	 2010.jpg	 1	 1	 47	 0	 
7	 13	 2006.jpg	 1	 1	 12	 0	 
8	 18	 2045.jpg	 1	 1	 43	 1	 
9	 9	 1210.jpg	 1	 0	 5	 0	 
10	 11	 1226.jpg	 1	 1	 16	 1	 
11	 48	 6111.jpg	 0	 0	 0	 0	 
12	 30	 5028.jpg	 0	 0	 0	 0	 
13	 16	 2039.jpg	 1	 1	 55	 0	 
14	 37	 5152.jpg	 0	 0	 0	 0	 
15	 8	 1202.jpg	 1	 1	 45	 0	 
16	 46	 6042.jpg	 0	 0	 0	 0	 
17	 1	 1007.jpg	 1	 0	 54	 1	 
18	 28	 2240.jpg	 1	 1	 15	 0	 
19	 20	 2112.jpg	 1	 1	 53	 0	 
20	 36	 5144.jpg	 0	 0	 0	 0	 
21	 15	 2024.jpg	 1	 1	 11	 1	 
22	 56	 6249.jpg	 0	 0	 0	 0	 
23	 2	 1017.jpg	 1	 1	 14	 1	 
24	 17	 2041.jpg	 1	 1	 17	 1	 
25	 23	 2153.jpg	 1	 1	 49	 1	 
26	 31	 5049.jpg	 0	 0	 0	 0	 
27	 54	 6217.jpg	 0	 0	 0	 0	 
28	 5	 1114.jpg	 1	 1	 51	 1	 
29	 35	 5129.jpg	 0	 0	 0	 0	 
30	 6	 1130.jpg	 1	 0	 6	 0	 
31	 50	 6154.jpg	 0	 0	 0	 0	 
32	 55	 6221.jpg	 0	 0	 0	 0	 
33	 25	 2209.jpg	 1	 1	 7	 0	 
34	 24	 2194.jpg	 1	 1	 44	 0	 
35	 41	 5228.jpg	 0	 0	 0	 0	 
36	 42	 5254.jpg	 0	 0	 0	 0	 
37	 53	 6213.jpg	 0	 0	 0	 0	 
38	 21	 2125.jpg	 1	 1	 48	 1	 
39	 12	 1255.jpg	 1	 1	 52	 0	 
40	 27	 2218.jpg	 1	 1	 46	 1	 
41	 10	 1216.jpg	 1	 1	 50	 0	 
42	 45	 6036.jpg	 0	 0	 0	 0	 
43	 32	 5057.jpg	 0	 0	 0	 0	 
44	 38	 5182.jpg	 0	 0	 0	 0	 
45	 44	 6016.jpg	 0	 0	 0	 0	 
46	 49	 6124.jpg	 0	 0	 0	 0	 
47	 26	 2212.jpg	 1	 1	 8	 1	 
48	 47	 6054.jpg	 0	 0	 0	 0	 
49	 7	 1191.jpg	 1	 1	 10	 0	 
50	 51	 6190.jpg	 0	 0	 0	 0	 
51	 43	 6008.jpg	 0	 0	 0	 0	 
52	 39	 5207.jpg	 0	 0	 0	 0	 
53	 52	 6201.jpg	 0	 0	 0	 0	 
54	 19	 2110.jpg	 1	 1	 13	 0	 
55	 34	 5115.jpg	 0	 0	 0	 0	 
56	 3	 1052.jpg	 1	 1	 18	 0	 
