1	18	2039.jpg	1	1	1	0	15
2	28	2229.jpg	1	1	1	0	7
3	3	1019.jpg	1	0	1	0	45
4	21	2089.jpg	1	1	1	1	12
5	15	2006.jpg	1	1	1	1	10
6	14	1255.jpg	1	1	0	0	48
7	10	1191.jpg	1	0	0	0	54
8	12	1210.jpg	1	0	1	1	44
9	25	2164.jpg	1	1	0	0	14
10	2	1017.jpg	1	1	1	1	47
11	27	2218.jpg	1	1	1	0	18
12	26	2181.jpg	1	1	1	1	13
13	8	1173.jpg	1	1	0	0	56
14	22	2094.jpg	1	0	0	0	8
15	13	1246.jpg	1	0	0	0	55
16	4	1027.jpg	1	0	0	0	51
17	24	2112.jpg	1	0	0	0	5
18	9	1183.jpg	1	0	0	0	49
19	7	1127.jpg	1	1	1	1	53
20	19	2041.jpg	1	1	0	0	9
21	17	2015.jpg	1	0	0	0	11
22	23	2110.jpg	1	0	0	0	46
23	16	2010.jpg	1	1	0	0	6
24	1	1013.jpg	1	0	0	0	43
25	20	2043.jpg	1	0	1	0	52
26	11	1204.jpg	1	1	1	1	50
27	5	1060.jpg	1	0	0	0	16
28	6	1114.jpg	1	0	0	0	17
