1	7	1150.jpg	1	0	1	1	48
2	10	1204.jpg	1	0	0	0	52
3	3	1027.jpg	1	0	0	0	45
4	6	1127.jpg	1	1	0	0	12
5	2	1013.jpg	1	0	0	0	6
6	26	2218.jpg	1	1	1	1	17
7	18	2058.jpg	1	0	0	0	56
8	1	1007.jpg	1	0	0	0	47
9	17	2039.jpg	1	1	1	1	11
10	15	2015.jpg	1	0	0	0	53
11	4	1031.jpg	1	1	0	0	10
12	25	2212.jpg	1	0	1	1	8
13	13	1262.jpg	1	1	0	0	15
14	16	2024.jpg	1	1	1	1	16
15	28	2248.jpg	1	0	0	0	7
16	23	2181.jpg	1	0	1	1	9
17	9	1202.jpg	1	1	1	0	46
18	12	1226.jpg	1	0	0	0	50
19	27	2240.jpg	1	0	1	1	43
20	24	2209.jpg	1	1	0	0	5
21	22	2164.jpg	1	1	1	1	51
22	21	2149.jpg	1	1	1	1	54
23	5	1052.jpg	1	0	1	1	14
24	8	1192.jpg	1	0	0	0	44
25	19	2089.jpg	1	1	1	1	49
26	11	1216.jpg	1	0	0	0	18
27	20	2110.jpg	1	0	0	0	55
28	14	2006.jpg	1	1	0	0	13
