1	2	1035.jpg	1	0	0	1	7
2	8	1150.jpg	1	1	0	0	55
3	1	1031.jpg	1	0	1	1	11
4	27	2218.jpg	1	0	0	0	52
5	3	1050.jpg	1	1	1	1	17
6	22	2125.jpg	1	1	0	0	6
7	16	2010.jpg	1	0	1	1	14
8	14	1255.jpg	1	0	0	0	18
9	24	2155.jpg	1	1	1	0	54
10	28	2248.jpg	1	0	1	0	9
11	4	1052.jpg	1	1	1	1	48
12	12	1216.jpg	1	0	1	1	8
13	9	1183.jpg	1	1	1	1	49
14	7	1146.jpg	1	1	1	1	43
15	21	2118.jpg	1	1	0	0	15
16	19	2063.jpg	1	0	0	0	10
17	11	1202.jpg	1	0	0	1	13
18	5	1060.jpg	1	0	1	1	51
19	25	2209.jpg	1	0	1	0	16
20	20	2110.jpg	1	1	0	0	56
21	26	2212.jpg	1	0	0	1	5
22	23	2149.jpg	1	0	0	0	53
23	15	1262.jpg	1	0	0	0	50
24	18	2053.jpg	1	1	0	0	12
25	13	1226.jpg	1	0	1	1	46
26	17	2045.jpg	1	1	0	0	47
27	10	1191.jpg	1	0	0	0	45
28	6	1145.jpg	1	1	0	0	44
