1	 55	 6221.jpg	 0	 0	 0	 0	 
2	 54	 6217.jpg	 0	 0	 0	 0	 
3	 31	 5049.jpg	 0	 0	 0	 0	 
4	 29	 5009.jpg	 0	 0	 0	 0	 
5	 20	 2058.jpg	 1	 1	 50	 1	 
6	 22	 2125.jpg	 1	 1	 43	 0	 
7	 23	 2128.jpg	 1	 0	 53	 1	 
8	 32	 5057.jpg	 0	 0	 0	 0	 
9	 25	 2181.jpg	 1	 1	 6	 0	 
10	 46	 6042.jpg	 0	 0	 0	 0	 
11	 5	 1080.jpg	 1	 1	 44	 1	 
12	 52	 6201.jpg	 0	 0	 0	 0	 
13	 13	 1216.jpg	 1	 1	 16	 0	 
14	 42	 5254.jpg	 0	 0	 0	 0	 
15	 30	 5028.jpg	 0	 0	 0	 0	 
16	 12	 1210.jpg	 1	 1	 54	 0	 
17	 3	 1035.jpg	 1	 1	 9	 0	 
18	 38	 5182.jpg	 0	 0	 0	 0	 
19	 45	 6036.jpg	 0	 0	 0	 0	 
20	 41	 5228.jpg	 0	 0	 0	 0	 
21	 35	 5129.jpg	 0	 0	 0	 0	 
22	 11	 1204.jpg	 1	 1	 45	 1	 
23	 21	 2112.jpg	 1	 1	 17	 0	 
24	 36	 5144.jpg	 0	 0	 0	 0	 
25	 51	 6190.jpg	 0	 0	 0	 0	 
26	 43	 6008.jpg	 0	 0	 0	 0	 
27	 6	 1114.jpg	 1	 1	 5	 0	 
28	 28	 2240.jpg	 1	 0	 55	 0	 
29	 15	 1255.jpg	 1	 1	 8	 0	 
30	 34	 5115.jpg	 0	 0	 0	 0	 
31	 2	 1017.jpg	 1	 1	 47	 1	 
32	 44	 6016.jpg	 0	 0	 0	 0	 
33	 7	 1130.jpg	 1	 1	 11	 0	 
34	 24	 2149.jpg	 1	 0	 56	 0	 
35	 37	 5152.jpg	 0	 0	 0	 0	 
36	 16	 2010.jpg	 1	 1	 10	 1	 
37	 8	 1183.jpg	 1	 1	 46	 0	 
38	 47	 6054.jpg	 0	 0	 0	 0	 
39	 18	 2043.jpg	 1	 1	 18	 1	 
40	 48	 6111.jpg	 0	 0	 0	 0	 
41	 4	 1050.jpg	 1	 1	 12	 1	 
42	 56	 6249.jpg	 0	 0	 0	 0	 
43	 26	 2212.jpg	 1	 1	 14	 0	 
44	 9	 1192.jpg	 1	 1	 52	 1	 
45	 27	 2229.jpg	 1	 1	 7	 1	 
46	 49	 6124.jpg	 0	 0	 0	 0	 
47	 1	 1013.jpg	 1	 1	 13	 1	 
48	 33	 5081.jpg	 0	 0	 0	 0	 
49	 53	 6213.jpg	 0	 0	 0	 0	 
50	 19	 2053.jpg	 1	 1	 51	 0	 
51	 14	 1246.jpg	 1	 1	 49	 0	 
52	 50	 6154.jpg	 0	 0	 0	 0	 
53	 10	 1202.jpg	 1	 1	 15	 1	 
54	 39	 5207.jpg	 0	 0	 0	 0	 
55	 17	 2041.jpg	 1	 0	 48	 0	 
56	 40	 5220.jpg	 0	 0	 0	 0	 
