1	 4	 1052.jpg	 1	 1	 51	 0	 
2	 8	 1146.jpg	 1	 1	 8	 0	 
3	 41	 5228.jpg	 0	 0	 0	 0	 
4	 30	 5028.jpg	 0	 0	 0	 0	 
5	 19	 2110.jpg	 1	 1	 14	 0	 
6	 13	 2039.jpg	 1	 1	 47	 1	 
7	 55	 6221.jpg	 0	 0	 0	 0	 
8	 15	 2045.jpg	 1	 1	 46	 0	 
9	 37	 5152.jpg	 0	 0	 0	 0	 
10	 5	 1060.jpg	 1	 1	 16	 0	 
11	 12	 2015.jpg	 1	 0	 17	 0	 
12	 34	 5115.jpg	 0	 0	 0	 0	 
13	 49	 6124.jpg	 0	 0	 0	 0	 
14	 35	 5129.jpg	 0	 0	 0	 0	 
15	 18	 2063.jpg	 1	 0	 18	 1	 
16	 20	 2112.jpg	 1	 1	 43	 0	 
17	 14	 2041.jpg	 1	 1	 45	 1	 
18	 7	 1114.jpg	 1	 1	 5	 0	 
19	 40	 5220.jpg	 0	 0	 0	 0	 
20	 23	 2153.jpg	 1	 1	 11	 0	 
21	 22	 2149.jpg	 1	 0	 55	 0	 
22	 21	 2125.jpg	 1	 1	 50	 1	 
23	 46	 6042.jpg	 0	 0	 0	 0	 
24	 43	 6008.jpg	 0	 0	 0	 0	 
25	 56	 6249.jpg	 0	 0	 0	 0	 
26	 39	 5207.jpg	 0	 0	 0	 0	 
27	 17	 2058.jpg	 1	 1	 48	 0	 
28	 11	 1262.jpg	 1	 1	 53	 1	 
29	 28	 2240.jpg	 1	 1	 9	 0	 
30	 54	 6217.jpg	 0	 0	 0	 0	 
31	 3	 1035.jpg	 1	 1	 12	 1	 
32	 27	 2212.jpg	 1	 1	 6	 0	 
33	 26	 2194.jpg	 1	 1	 54	 0	 
34	 31	 5049.jpg	 0	 0	 0	 0	 
35	 52	 6201.jpg	 0	 0	 0	 0	 
36	 2	 1027.jpg	 1	 0	 56	 0	 
37	 38	 5182.jpg	 0	 0	 0	 0	 
38	 9	 1210.jpg	 1	 1	 15	 1	 
39	 32	 5057.jpg	 0	 0	 0	 0	 
40	 24	 2155.jpg	 1	 1	 52	 1	 
41	 48	 6111.jpg	 0	 0	 0	 0	 
42	 50	 6154.jpg	 0	 0	 0	 0	 
43	 36	 5144.jpg	 0	 0	 0	 0	 
44	 53	 6213.jpg	 0	 0	 0	 0	 
45	 47	 6054.jpg	 0	 0	 0	 0	 
46	 16	 2053.jpg	 1	 1	 13	 1	 
47	 33	 5081.jpg	 0	 0	 0	 0	 
48	 1	 1017.jpg	 1	 1	 44	 1	 
49	 6	 1073.jpg	 1	 1	 10	 1	 
50	 42	 5254.jpg	 0	 0	 0	 0	 
51	 44	 6016.jpg	 0	 0	 0	 0	 
52	 10	 1216.jpg	 1	 1	 7	 1	 
53	 29	 5009.jpg	 0	 0	 0	 0	 
54	 45	 6036.jpg	 0	 0	 0	 0	 
55	 51	 6190.jpg	 0	 0	 0	 0	 
56	 25	 2164.jpg	 1	 0	 49	 0	 
