1	22	2181.jpg	1	1	0	0	11
2	14	2010.jpg	1	1	0	0	8
3	28	2248.jpg	1	0	0	1	5
4	5	1114.jpg	1	1	0	0	46
5	18	2110.jpg	1	1	0	1	55
6	2	1017.jpg	1	0	1	0	45
7	4	1052.jpg	1	1	0	1	43
8	9	1202.jpg	1	1	1	1	47
9	21	2164.jpg	1	0	1	0	7
10	16	2045.jpg	1	1	1	1	15
11	23	2194.jpg	1	1	0	0	48
12	27	2240.jpg	1	0	1	1	10
13	25	2212.jpg	1	1	0	0	9
14	26	2229.jpg	1	1	0	0	16
15	17	2063.jpg	1	1	0	0	6
16	12	1262.jpg	1	1	1	1	52
17	6	1150.jpg	1	0	1	1	53
18	19	2112.jpg	1	1	0	0	17
19	13	2006.jpg	1	1	1	0	12
20	7	1173.jpg	1	0	0	0	51
21	3	1027.jpg	1	1	0	0	56
22	24	2209.jpg	1	1	0	0	14
23	15	2043.jpg	1	1	1	0	13
24	11	1210.jpg	1	1	1	0	44
25	20	2149.jpg	1	0	1	1	18
26	10	1204.jpg	1	1	1	0	50
27	8	1192.jpg	1	0	0	1	54
28	1	1013.jpg	1	0	0	0	49
