1	8	1146.jpg	1	1	0	0	8
2	6	1073.jpg	1	0	1	1	10
3	27	2212.jpg	1	0	0	0	6
4	9	1210.jpg	1	1	1	1	15
5	14	2041.jpg	1	1	1	0	45
6	21	2125.jpg	1	0	1	1	50
7	19	2110.jpg	1	0	0	0	14
8	18	2063.jpg	1	1	1	1	18
9	22	2149.jpg	1	0	0	0	55
10	5	1060.jpg	1	1	0	1	16
11	12	2015.jpg	1	0	0	1	17
12	20	2112.jpg	1	0	0	1	43
13	16	2053.jpg	1	0	1	0	13
14	4	1052.jpg	1	1	0	1	51
15	7	1114.jpg	1	0	0	1	5
16	3	1035.jpg	1	1	1	0	12
17	2	1027.jpg	1	0	0	0	56
18	25	2164.jpg	1	1	0	0	49
19	23	2153.jpg	1	0	0	1	11
20	24	2155.jpg	1	0	1	0	52
21	13	2039.jpg	1	0	1	0	47
22	10	1216.jpg	1	1	1	0	7
23	11	1262.jpg	1	1	1	0	53
24	15	2045.jpg	1	1	0	0	46
25	17	2058.jpg	1	0	0	1	48
26	28	2240.jpg	1	1	0	1	9
27	1	1017.jpg	1	0	1	0	44
28	26	2194.jpg	1	1	0	0	54
