1	28	2240.jpg	1	0	0	0	15
2	2	1017.jpg	1	0	1	0	14
3	26	2212.jpg	1	1	1	0	8
4	27	2218.jpg	1	1	1	1	46
5	18	2045.jpg	1	0	1	1	43
6	14	2010.jpg	1	1	0	0	47
7	16	2039.jpg	1	1	0	0	55
8	12	1255.jpg	1	0	0	1	52
9	25	2209.jpg	1	1	0	0	7
10	11	1226.jpg	1	1	1	1	16
11	9	1210.jpg	1	1	0	0	5
12	24	2194.jpg	1	0	0	1	44
13	20	2112.jpg	1	0	0	0	53
14	6	1130.jpg	1	1	0	0	6
15	7	1191.jpg	1	0	0	0	10
16	3	1052.jpg	1	1	0	0	18
17	21	2125.jpg	1	1	1	0	48
18	5	1114.jpg	1	0	1	1	51
19	1	1007.jpg	1	1	1	0	54
20	13	2006.jpg	1	1	0	0	12
21	8	1202.jpg	1	0	0	0	45
22	19	2110.jpg	1	0	0	1	13
23	17	2041.jpg	1	1	1	1	17
24	4	1073.jpg	1	0	0	0	56
25	10	1216.jpg	1	1	0	0	50
26	15	2024.jpg	1	1	1	0	11
27	23	2153.jpg	1	0	1	1	49
28	22	2128.jpg	1	0	1	1	9
