1	3	1060.jpg	1	0	1	0	46
2	18	2112.jpg	1	0	0	0	7
3	25	2194.jpg	1	0	1	0	48
4	6	1146.jpg	1	1	0	1	18
5	5	1130.jpg	1	0	1	0	17
6	7	1191.jpg	1	1	1	0	43
7	14	2024.jpg	1	0	0	0	47
8	4	1080.jpg	1	0	1	0	49
9	2	1050.jpg	1	0	0	1	13
10	17	2094.jpg	1	0	1	0	51
11	11	1262.jpg	1	1	0	0	44
12	23	2164.jpg	1	1	1	0	11
13	12	2010.jpg	1	1	0	0	10
14	19	2128.jpg	1	1	0	0	45
15	24	2181.jpg	1	0	1	1	9
16	10	1246.jpg	1	1	0	0	55
17	21	2153.jpg	1	0	0	0	12
18	9	1226.jpg	1	1	0	1	53
19	8	1204.jpg	1	1	1	0	54
20	26	2209.jpg	1	1	1	0	8
21	20	2149.jpg	1	1	0	0	52
22	13	2015.jpg	1	0	0	1	15
23	28	2248.jpg	1	0	1	0	14
24	1	1017.jpg	1	0	0	0	6
25	15	2039.jpg	1	0	0	0	50
26	22	2155.jpg	1	0	0	0	56
27	27	2218.jpg	1	0	0	0	5
28	16	2089.jpg	1	1	1	0	16
