1	11	1262.jpg	1	1	1	1	53
2	1	1017.jpg	1	0	0	0	49
3	6	1150.jpg	1	1	1	1	45
4	17	2041.jpg	1	0	1	1	44
5	10	1226.jpg	1	1	0	0	56
6	18	2043.jpg	1	0	0	1	16
7	9	1204.jpg	1	0	1	0	52
8	19	2110.jpg	1	0	0	0	55
9	3	1114.jpg	1	1	0	0	48
10	22	2125.jpg	1	0	1	1	10
11	20	2112.jpg	1	0	0	0	5
12	21	2118.jpg	1	0	0	0	9
13	13	2010.jpg	1	1	1	1	13
14	27	2212.jpg	1	0	1	1	7
15	8	1191.jpg	1	1	0	0	51
16	2	1035.jpg	1	0	1	0	18
17	25	2155.jpg	1	0	0	0	8
18	7	1183.jpg	1	0	0	0	46
19	16	2039.jpg	1	0	0	0	17
20	26	2194.jpg	1	0	1	1	47
21	24	2153.jpg	1	0	1	1	15
22	15	2024.jpg	1	1	1	1	12
23	5	1146.jpg	1	1	0	1	54
24	28	2248.jpg	1	0	0	1	6
25	12	2006.jpg	1	0	0	0	11
26	4	1127.jpg	1	0	0	0	43
27	23	2149.jpg	1	1	1	1	50
28	14	2015.jpg	1	1	0	0	14
