1	4	1050.jpg	1	0	1	0	12
2	15	1255.jpg	1	1	0	0	8
3	1	1013.jpg	1	0	1	1	13
4	28	2240.jpg	1	0	0	0	55
5	22	2125.jpg	1	0	0	0	43
6	14	1246.jpg	1	0	0	0	49
7	16	2010.jpg	1	1	1	1	10
8	2	1017.jpg	1	0	1	0	47
9	12	1210.jpg	1	0	0	0	54
10	13	1216.jpg	1	1	0	0	16
11	26	2212.jpg	1	0	0	0	14
12	21	2112.jpg	1	0	0	0	17
13	25	2181.jpg	1	0	0	0	6
14	10	1202.jpg	1	1	1	0	15
15	7	1130.jpg	1	0	0	0	11
16	23	2128.jpg	1	0	1	0	53
17	17	2041.jpg	1	0	0	0	48
18	20	2058.jpg	1	0	1	1	50
19	5	1080.jpg	1	1	1	1	44
20	18	2043.jpg	1	0	1	1	18
21	19	2053.jpg	1	0	0	0	51
22	11	1204.jpg	1	1	1	1	45
23	6	1114.jpg	1	1	0	0	5
24	3	1035.jpg	1	0	0	0	9
25	27	2229.jpg	1	1	1	0	7
26	8	1183.jpg	1	0	0	0	46
27	9	1192.jpg	1	1	1	1	52
28	24	2149.jpg	1	1	0	0	56
