1	 9	 1202.jpg	 1	 1	 46	 1	 
2	 3	 1027.jpg	 1	 0	 45	 0	 
3	 4	 1031.jpg	 1	 1	 10	 0	 
4	 29	 5009.jpg	 0	 0	 0	 0	 
5	 10	 1204.jpg	 1	 0	 52	 0	 
6	 45	 6036.jpg	 0	 0	 0	 0	 
7	 35	 5129.jpg	 0	 0	 0	 0	 
8	 39	 5207.jpg	 0	 0	 0	 0	 
9	 46	 6042.jpg	 0	 0	 0	 0	 
10	 54	 6217.jpg	 0	 0	 0	 0	 
11	 48	 6111.jpg	 0	 0	 0	 0	 
12	 52	 6201.jpg	 0	 0	 0	 0	 
13	 20	 2110.jpg	 1	 1	 55	 0	 
14	 12	 1226.jpg	 1	 1	 50	 0	 
15	 27	 2240.jpg	 1	 1	 43	 1	 
16	 28	 2248.jpg	 1	 1	 7	 0	 
17	 2	 1013.jpg	 1	 1	 6	 0	 
18	 42	 5254.jpg	 0	 0	 0	 0	 
19	 32	 5057.jpg	 0	 0	 0	 0	 
20	 11	 1216.jpg	 1	 1	 18	 0	 
21	 37	 5152.jpg	 0	 0	 0	 0	 
22	 31	 5049.jpg	 0	 0	 0	 0	 
23	 5	 1052.jpg	 1	 1	 14	 1	 
24	 7	 1150.jpg	 1	 1	 48	 1	 
25	 50	 6154.jpg	 0	 0	 0	 0	 
26	 13	 1262.jpg	 1	 1	 15	 0	 
27	 38	 5182.jpg	 0	 0	 0	 0	 
28	 19	 2089.jpg	 1	 1	 49	 1	 
29	 55	 6221.jpg	 0	 0	 0	 0	 
30	 56	 6249.jpg	 0	 0	 0	 0	 
31	 26	 2218.jpg	 1	 1	 17	 1	 
32	 47	 6054.jpg	 0	 0	 0	 0	 
33	 44	 6016.jpg	 0	 0	 0	 0	 
34	 21	 2149.jpg	 1	 1	 54	 1	 
35	 16	 2024.jpg	 1	 1	 16	 1	 
36	 25	 2212.jpg	 1	 1	 8	 1	 
37	 43	 6008.jpg	 0	 0	 0	 0	 
38	 18	 2058.jpg	 1	 1	 56	 0	 
39	 6	 1127.jpg	 1	 1	 12	 0	 
40	 51	 6190.jpg	 0	 0	 0	 0	 
41	 36	 5144.jpg	 0	 0	 0	 0	 
42	 53	 6213.jpg	 0	 0	 0	 0	 
43	 23	 2181.jpg	 1	 1	 9	 1	 
44	 1	 1007.jpg	 1	 1	 47	 0	 
45	 33	 5081.jpg	 0	 0	 0	 0	 
46	 34	 5115.jpg	 0	 0	 0	 0	 
47	 22	 2164.jpg	 1	 1	 51	 1	 
48	 30	 5028.jpg	 0	 0	 0	 0	 
49	 14	 2006.jpg	 1	 1	 13	 0	 
50	 8	 1192.jpg	 1	 1	 44	 0	 
51	 41	 5228.jpg	 0	 0	 0	 0	 
52	 17	 2039.jpg	 1	 1	 11	 1	 
53	 15	 2015.jpg	 1	 1	 53	 0	 
54	 49	 6124.jpg	 0	 0	 0	 0	 
55	 24	 2209.jpg	 1	 1	 5	 0	 
56	 40	 5220.jpg	 0	 0	 0	 0	 
