101 1 2 0 1 0.980570
101 3 2 0 1 0.912930
101 4 1 1 0 0.804560
101 5 1 0 1 0.702630
101 6 1 1 0 0.623500
101 7 2 1 1 0.636100
101 8 1 1 1 0.552740
101 9 2 0 0 0.857590
101 10 1 0 1 0.795960
101 11 2 1 1 0.848460
101 12 1 0 1 0.948060
101 13 1 0 0 0.739730
101 14 1 0 1 0.667990
101 15 1 0 1 0.832110
101 16 2 0 1 0.907590
101 17 2 1 0 0.712270
101 18 1 1 1 0.739600
101 19 2 1 0 0.676630
101 20 2 0 0 0.791080
101 21 1 0 1 0.578100
101 22 1 1 1 0.626260
101 23 2 0 0 0.896490
101 24 2 1 1 0.834120
101 26 2 0 0 0.845830
101 27 1 0 1 0.627180
101 28 2 0 1 0.790680
101 29 1 0 1 0.593740
101 30 2 0 0 0.888810
101 31 1 0 1 1.037440
101 32 2 1 1 0.936420
101 33 1 0 1 0.678560
101 34 2 0 0 0.691820
101 35 2 1 0 1.079340
101 36 2 1 1 1.003790
101 37 1 1 1 0.872230
101 39 1 1 1 0.853030
101 40 1 1 1 0.745210
101 41 2 1 0 0.797800
101 42 2 0 0 1.009410
101 43 2 1 0 0.692770
101 44 1 1 0 0.884590
101 45 1 0 0 0.841180
101 46 1 0 1 0.837870
101 47 1 1 1 0.827150
101 49 2 1 0 0.945110
101 50 1 0 1 0.661650
101 51 2 1 1 0.673950
101 52 2 1 1 0.758510
101 53 1 0 1 0.685550
101 54 1 1 1 0.782400
101 55 2 0 1 0.723020
101 56 2 0 1 0.853300
101 57 1 1 0 0.753600
101 58 1 0 1 0.790260
101 59 2 0 1 0.696710
101 60 2 1 1 0.690710
101 61 1 1 1 0.778820
101 62 1 1 1 0.652040
101 63 1 1 1 0.873320
101 64 1 1 1 0.638050
101 65 2 0 1 0.976390
101 66 2 1 1 0.829040
101 67 2 1 0 0.991070
101 68 2 0 1 1.083590
101 69 1 1 1 0.966050
101 70 1 0 1 0.858250
101 71 2 1 0 0.837730
101 72 1 0 1 0.732800
101 73 2 1 1 1.071900
101 74 2 1 1 1.077050
101 75 1 0 1 0.871560
101 76 2 0 1 0.935740
101 77 2 0 1 1.291290
101 78 2 0 1 1.164620
101 79 2 1 1 0.712880
101 80 2 0 1 0.733560
101 81 1 1 1 0.838820
101 82 1 0 1 0.686690
101 83 1 1 1 0.731280
101 84 1 1 1 0.920560
101 85 2 1 1 0.840760
101 86 2 1 0 1.307220
101 87 1 1 1 0.736470
101 88 2 0 1 0.819990
101 89 2 1 0 0.811980
101 90 1 0 1 0.691820
101 91 2 1 1 0.999370
101 92 2 1 0 0.755870
101 95 2 0 0 0.883930
101 96 1 0 1 0.686930
101 97 2 1 1 1.033340
101 98 1 0 1 0.658380
101 99 2 0 1 0.846970
101 100 1 1 1 1.298380
101 101 1 1 1 0.783210
101 102 2 1 0 0.691330
101 103 1 1 1 0.859320
101 104 1 1 0 0.830540
101 105 2 1 0 0.864940
101 106 1 1 1 0.696600
101 107 2 1 0 0.973300
101 108 2 1 0 0.919670
101 109 2 1 0 0.981200
101 110 2 1 0 0.684090
101 111 1 0 1 0.807350
101 113 2 0 1 0.623450
101 114 1 1 0 0.843880
101 115 2 0 1 0.669490
101 116 1 0 1 0.520430
101 117 1 0 1 0.589050
101 118 2 1 1 0.945240
101 119 2 0 0 1.067740
101 120 1 1 0 0.707880
101 121 2 0 1 0.633050
101 122 1 0 1 0.653830
101 123 1 0 1 0.738470
101 124 1 1 1 0.987690
101 125 2 0 1 0.793050
101 126 1 1 0 0.669720
101 127 1 1 1 0.817240
101 128 2 0 1 1.149770
101 129 2 0 1 0.781470
101 130 2 0 0 0.949660
101 131 1 0 1 0.659270
101 133 2 1 1 0.616970
101 134 1 0 1 0.589540
101 135 1 0 1 0.632650
101 136 1 0 1 0.809920
101 137 2 0 1 0.634980
101 138 1 0 1 0.683990
101 139 2 1 0 0.760640
101 141 2 1 1 0.800410
101 142 1 0 1 0.908990
101 144 2 0 1 0.859000
101 145 1 0 1 0.645960
101 146 1 0 1 0.729460
101 147 1 0 1 0.781050
101 148 1 0 0 0.652780
101 149 1 0 1 0.935170
101 150 2 1 1 0.940840
101 151 1 0 1 0.571480
101 152 1 1 1 0.863080
102 2 2 0 1 0.678850
102 3 1 0 0 0.506290
102 4 1 0 1 0.668710
102 6 1 0 0 0.878880
102 7 2 1 1 0.997420
102 8 1 0 0 0.758650
102 10 1 0 0 0.967460
102 11 1 0 1 0.634970
102 12 2 1 0 0.913640
102 13 1 0 0 0.638210
102 14 1 1 0 0.706850
102 15 2 1 1 1.071490
102 16 2 1 1 0.858670
102 17 1 0 0 0.911150
102 18 2 0 0 0.882710
102 19 2 0 0 1.141100
102 20 1 0 0 0.842600
102 21 2 1 1 0.878130
102 22 1 0 1 0.622950
102 23 2 1 1 0.922430
102 24 2 1 1 1.253960
102 25 2 1 0 1.195560
102 26 2 1 1 0.893720
102 27 2 1 0 1.312010
102 28 1 0 0 0.991800
102 29 2 1 1 0.996470
102 30 1 1 1 0.756520
102 31 1 1 1 1.046510
102 32 1 0 0 0.800940
102 34 1 1 1 1.134500
102 35 1 0 0 1.017960
102 36 1 0 1 1.085360
102 37 2 0 0 0.767360
102 38 2 0 1 1.004090
102 39 2 1 1 0.840330
102 40 2 1 1 0.808510
102 41 1 0 1 0.981090
102 42 2 1 0 0.953330
102 43 2 1 1 0.689420
102 44 2 1 1 0.981040
102 45 2 1 0 1.168020
102 47 1 0 0 1.047040
102 48 1 1 1 0.955680
102 49 2 0 0 0.978290
102 50 2 1 0 1.005830
102 51 1 1 0 0.958640
102 52 2 0 0 0.964570
102 53 1 0 1 1.328770
102 54 1 0 0 1.156340
102 55 1 1 0 0.832920
102 56 1 1 1 1.127480
102 57 2 0 1 0.878560
102 59 2 0 0 0.986950
102 60 1 1 0 1.014390
102 61 1 0 1 0.794850
102 62 2 1 1 1.343250
102 63 2 1 0 0.794730
102 64 1 0 1 0.734330
102 66 1 1 0 0.749960
102 67 2 1 1 0.773060
102 68 1 1 1 0.898570
102 69 1 1 0 0.844640
102 70 1 1 0 1.119160
102 71 2 0 1 0.803740
102 72 1 0 1 1.081100
102 73 1 1 1 0.813770
102 74 2 0 1 1.344090
102 75 2 0 1 0.963610
102 76 1 0 0 0.694760
102 77 2 0 1 0.787480
102 78 2 0 0 0.882030
102 79 2 1 1 1.069070
102 80 2 0 0 1.097890
102 81 2 1 0 1.116880
102 82 2 0 0 1.422140
102 83 1 1 0 1.160580
102 84 1 0 0 1.190140
102 85 2 1 1 0.834540
102 87 2 1 0 1.079300
102 88 2 1 0 0.762430
102 89 1 0 1 0.805860
102 90 2 0 0 1.073460
102 91 2 0 1 0.718990
102 92 1 1 1 0.899310
102 93 1 1 0 0.790890
102 94 2 0 0 0.988510
102 95 1 1 0 1.096060
102 96 1 1 0 0.385990
102 97 2 0 0 1.238600
102 98 2 1 0 1.012100
102 99 2 1 0 1.333110
102 100 2 1 1 0.993750
102 102 2 0 1 1.081880
102 103 1 0 1 0.686010
102 104 1 1 0 0.913530
102 105 1 0 0 1.142150
102 106 1 0 0 0.775440
102 107 1 1 1 1.043620
102 108 1 0 0 1.111190
102 109 2 0 0 0.785620
102 110 2 0 1 0.990010
102 112 1 1 0 1.448330
102 113 1 1 1 1.050290
102 114 1 0 0 1.067540
102 115 1 1 0 1.252580
102 116 2 0 1 1.358800
102 117 1 0 0 0.699090
102 118 2 0 1 1.471790
102 119 2 0 1 0.660360
102 121 1 1 0 1.196020
102 123 1 1 0 0.592880
102 124 1 0 0 0.573220
102 125 2 1 1 0.681830
102 126 1 0 1 1.382440
102 127 1 1 0 0.745560
102 128 2 1 1 1.043970
102 129 1 0 0 0.864650
102 130 2 1 1 0.659680
102 131 1 1 1 1.326090
102 132 2 1 0 1.047180
102 133 2 0 0 1.378470
102 134 1 1 1 1.020830
102 135 1 0 0 0.894720
102 137 2 0 1 0.726970
102 138 2 1 0 1.139610
102 139 2 1 0 1.037540
102 140 2 0 1 1.074110
102 141 1 1 0 0.661620
102 142 1 0 0 1.105250
102 143 1 0 1 0.998770
102 144 1 1 0 0.683180
102 145 2 1 1 0.854650
102 146 1 0 1 0.811300
102 147 2 1 1 0.901240
102 148 2 1 1 0.505840
102 149 2 0 0 0.784920
102 150 2 1 1 0.500000
102 151 1 1 1 0.544630
102 152 1 1 1 0.936760
103 1 1 0 0 0.826660
103 3 2 0 1 1.358530
103 4 2 1 0 1.321000
103 5 2 0 0 1.223520
103 6 2 0 0 1.185950
103 7 1 1 0 1.374620
103 9 1 0 1 1.206250
103 10 2 1 1 1.114990
103 11 1 0 1 1.237310
103 13 1 1 1 0.781110
103 14 1 0 0 1.330520
103 15 2 1 1 1.108900
103 16 1 0 1 1.107720
103 17 2 1 1 1.237850
103 19 1 0 0 1.287900
103 21 1 1 1 0.942940
103 24 1 1 0 1.129780
103 25 2 1 0 1.262570
103 28 2 0 1 0.821440
103 29 2 0 0 1.220840
103 31 2 1 0 1.124140
103 32 2 1 1 1.225520
103 33 2 0 0 1.046130
103 34 1 0 1 1.433680
103 35 2 1 1 1.311130
103 36 2 1 0 1.154810
103 37 1 0 0 1.184110
103 39 2 1 1 0.977350
103 40 1 0 0 1.330650
103 41 1 0 1 0.840000
103 43 2 1 0 1.077850
103 44 1 0 1 1.374660
103 45 2 0 0 1.139290
103 46 2 0 0 0.984020
103 47 2 0 0 1.076630
103 48 1 1 0 1.053430
103 49 1 1 1 1.362340
103 50 1 0 0 1.302750
103 51 1 1 1 1.211330
103 52 1 1 0 1.224680
103 53 2 0 0 1.343750
103 54 2 1 1 1.257580
103 55 2 0 0 1.214260
103 56 1 0 0 0.921870
103 58 2 1 0 1.192370
103 59 2 1 0 1.021080
103 60 1 0 0 1.022320
103 61 1 0 0 1.172950
103 62 1 1 0 1.241510
103 63 2 0 0 1.118140
103 64 1 1 1 0.976530
103 65 2 0 1 1.330540
103 67 1 1 0 1.209120
103 68 1 1 1 1.093770
103 69 1 1 1 1.002370
103 71 1 0 1 1.194410
103 72 2 1 1 1.204490
103 73 1 1 1 0.932620
103 74 2 1 0 1.214560
103 75 1 1 0 0.794190
103 77 2 1 1 0.896540
103 78 1 0 1 0.910530
103 79 2 1 0 0.920260
103 80 1 1 1 0.773830
103 81 2 0 0 1.064240
103 82 2 1 0 1.257490
103 83 2 0 1 1.428540
103 84 2 1 0 1.209120
103 85 1 0 0 1.375520
103 86 2 0 0 1.287090
103 87 1 1 0 1.171330
103 88 1 0 1 1.310070
103 89 1 1 0 1.017190
103 91 1 1 0 1.369980
103 92 2 0 1 1.118660
103 93 1 0 0 0.825870
103 94 2 1 1 1.103750
103 95 2 0 0 1.148020
103 96 2 1 1 1.189260
103 97 2 1 1 1.457860
103 98 2 1 0 1.255350
103 99 2 1 0 1.440400
103 100 1 1 1 1.085010
103 101 1 0 0 1.249660
103 102 1 1 0 1.037750
103 103 2 1 0 1.145410
103 104 1 0 1 1.148830
103 106 2 0 0 1.115400
103 107 1 1 1 1.006980
103 109 2 1 1 0.821890
103 110 1 1 0 0.969040
103 112 1 0 0 0.780240
103 113 1 1 0 0.709550
103 114 2 0 0 1.158830
103 115 2 1 0 0.991860
103 116 2 1 0 1.017750
103 117 1 0 0 0.710460
103 118 1 0 0 0.899060
103 119 2 1 0 1.371130
103 120 1 0 0 1.221040
103 122 2 1 0 0.993740
103 124 1 1 0 0.944520
103 125 1 1 1 1.005110
103 126 2 0 0 0.890510
103 128 2 0 0 1.079260
103 129 2 0 0 1.292490
103 131 1 0 0 1.273440
103 132 2 1 0 0.946280
103 134 1 0 1 0.952200
103 135 1 1 0 0.810120
103 136 2 1 1 0.990690
103 137 2 0 0 1.146230
103 138 2 0 1 1.167260
103 139 1 0 0 1.400880
103 140 2 0 0 1.157500
103 141 2 0 0 1.113040
103 142 1 0 1 1.413410
103 144 2 0 0 1.182530
103 145 2 1 1 1.153970
103 146 1 0 0 1.142590
103 147 1 1 1 1.096550
103 148 1 1 0 0.749190
103 149 2 1 1 1.189250
103 150 1 1 1 0.863300
103 151 1 0 1 0.923990
103 152 1 0 1 0.957020
104 1 1 1 0 0.812090
104 2 1 0 1 0.623730
104 3 2 1 1 0.683310
104 4 1 0 1 0.525650
104 5 2 1 1 1.116210
104 6 2 1 1 0.615690
104 7 1 1 0 0.678330
104 8 1 1 0 0.671570
104 9 1 1 0 0.891820
104 10 1 0 0 0.568370
104 11 2 1 1 0.963990
104 12 1 0 0 0.866550
104 13 1 1 0 0.615130
104 14 1 1 1 0.715760
104 15 1 1 0 1.160450
104 16 2 0 1 0.715470
104 18 1 0 1 0.827670
104 19 1 1 1 0.854120
104 20 1 0 1 0.739500
104 21 1 0 0 0.839090
104 22 2 1 1 0.727920
104 23 2 1 0 0.851460
104 24 1 0 1 0.646930
104 25 2 0 1 0.716010
104 26 1 0 0 0.646570
104 27 1 0 1 0.673010
104 28 2 0 1 0.664730
104 29 2 1 1 0.597340
104 30 1 1 1 0.589510
104 31 2 1 1 0.727480
104 32 2 1 1 0.745870
104 33 1 1 1 0.709430
104 34 2 0 1 0.767380
104 35 1 1 1 0.754880
104 36 2 0 1 0.918360
104 37 2 1 1 0.792300
104 39 1 0 0 0.937300
104 40 2 0 1 0.633490
104 41 1 1 1 0.582020
104 42 1 0 0 0.562300
104 44 1 0 1 0.637980
104 45 2 0 1 0.728980
104 46 1 1 1 0.757620
104 47 1 1 1 0.704080
104 48 2 1 1 0.748710
104 49 2 1 1 0.747240
104 51 2 1 1 1.151640
104 52 2 1 1 1.013610
104 53 2 0 1 0.921800
104 54 2 1 1 0.677250
104 55 2 1 1 0.713870
104 56 2 0 1 0.968530
104 57 1 0 1 1.087570
104 58 1 1 1 0.815290
104 59 2 1 1 0.995900
104 60 1 0 0 1.271350
104 61 2 0 1 0.707920
104 62 2 1 1 1.248240
104 63 2 0 0 0.827780
104 64 1 0 1 0.863260
104 65 2 0 1 0.866290
104 66 1 1 0 1.119020
104 67 2 0 1 1.165950
104 68 1 0 1 1.083300
104 69 2 0 1 0.749690
104 70 1 1 1 1.272030
104 71 1 0 1 1.068760
104 72 2 1 1 0.874050
104 73 2 0 1 0.710720
104 74 1 0 0 1.241120
104 75 2 0 1 0.693620
104 76 2 0 1 0.879680
104 77 1 1 0 0.735610
104 78 2 1 0 1.035110
104 80 1 1 0 0.706130
104 81 1 1 0 0.820300
104 82 1 1 0 1.293040
104 84 1 0 1 0.758370
104 86 2 1 1 0.825660
104 87 1 0 1 0.710210
104 88 2 1 1 1.089790
104 89 2 1 1 0.753520
104 90 1 1 0 0.585540
104 91 2 0 1 0.662180
104 92 2 0 1 0.601320
104 93 2 0 0 0.982000
104 94 1 0 1 0.808400
104 95 1 1 1 0.778290
104 96 2 1 0 0.844710
104 97 2 0 1 0.687130
104 98 2 1 1 0.911980
104 100 1 0 1 0.839840
104 101 1 1 1 0.628500
104 102 2 0 0 1.009100
104 103 1 1 1 0.664830
104 104 2 0 1 0.652330
104 105 1 1 0 0.566750
104 106 2 1 1 0.678480
104 107 2 0 1 0.571070
104 108 2 1 1 0.606360
104 109 1 1 1 0.650930
104 110 2 0 1 0.521530
104 111 1 0 0 0.877000
104 112 2 1 1 0.848590
104 113 1 1 1 0.693920
104 114 1 1 1 0.617470
104 116 2 0 1 0.823190
104 117 2 1 1 0.603490
104 118 1 1 1 0.703080
104 119 2 1 1 0.729380
104 120 2 0 0 0.770290
104 121 2 1 1 0.614860
104 122 1 1 1 0.499550
104 123 1 0 0 0.616130
104 124 1 0 0 0.778050
104 125 1 0 1 0.550810
104 126 2 0 0 0.731450
104 127 2 0 0 0.639740
104 128 1 0 1 0.708240
104 129 2 0 1 0.531290
104 130 1 1 1 0.724080
104 131 1 1 0 0.616690
104 132 1 0 0 0.801980
104 133 2 0 0 0.814680
104 134 2 0 1 0.556010
104 135 2 0 1 0.518330
104 136 2 0 1 0.575650
104 137 2 0 0 0.928430
104 138 1 1 0 0.521700
104 139 1 0 1 0.806410
104 140 1 0 0 0.515720
104 141 1 0 1 0.822090
104 142 2 1 1 0.562680
104 143 1 0 1 0.420630
104 144 2 0 1 0.513330
104 145 1 1 1 0.523760
104 146 2 1 1 0.519220
104 147 1 1 1 0.515490
104 148 1 0 0 0.546430
104 149 2 0 0 0.741460
104 150 1 1 0 0.842210
104 151 2 1 1 0.601230
104 152 1 0 1 0.725460
105 1 1 1 1 1.190330
105 2 1 0 1 0.898900
105 3 2 1 1 1.389370
105 4 1 0 1 0.706780
105 5 2 0 1 0.829120
105 6 2 1 1 0.751160
105 7 1 0 1 0.697480
105 8 2 0 0 0.926160
105 9 1 1 1 0.810820
105 12 2 0 0 0.858610
105 13 1 1 1 0.550780
105 14 2 0 0 1.010320
105 15 1 1 1 0.767010
105 16 1 1 0 0.795620
105 17 2 0 1 0.902900
105 18 2 0 1 1.013320
105 19 1 0 0 0.729000
105 20 2 1 0 0.874180
105 21 2 1 0 0.967480
105 22 2 0 1 0.852320
105 23 2 1 1 0.949280
105 24 1 0 1 1.217900
105 26 1 1 1 1.362730
105 27 2 1 1 1.006320
105 28 1 1 1 0.777830
105 29 2 0 1 0.823080
105 30 1 0 1 0.824400
105 31 2 0 1 1.035880
105 32 2 0 1 0.768410
105 33 1 1 0 0.682500
105 34 2 1 0 0.894000
105 35 1 0 1 0.849490
105 36 2 0 1 0.665270
105 37 1 0 1 0.714550
105 38 1 0 1 0.700440
105 40 1 0 1 0.903330
105 41 1 1 1 0.747380
105 42 1 1 0 0.864990
105 43 2 0 0 0.829280
105 44 2 0 1 0.769920
105 45 2 1 1 0.796240
105 46 1 1 1 0.599710
105 47 1 0 1 0.849770
105 48 2 1 0 1.142110
105 49 1 1 1 1.061630
105 51 2 0 1 0.817820
105 52 2 0 0 1.084800
105 53 1 1 1 1.001460
105 54 1 1 1 0.779910
105 55 1 1 1 0.878980
105 56 1 1 1 0.767090
105 57 1 1 0 0.946670
105 58 1 1 1 1.245760
105 59 2 0 0 0.959020
105 60 2 0 1 1.203650
105 61 1 0 1 0.800140
105 62 1 1 0 0.924500
105 63 2 1 0 0.925720
105 64 1 1 1 0.970340
105 65 2 0 0 0.934490
105 66 2 0 0 1.338120
105 67 2 1 1 1.030740
105 68 1 0 1 0.963390
105 69 2 1 1 0.855850
105 70 2 1 0 1.244170
105 71 1 1 1 0.757380
105 72 1 0 1 0.786070
105 73 2 0 1 1.369780
105 74 2 0 0 1.292260
105 76 1 0 1 0.825670
105 77 1 1 1 0.951660
105 80 2 1 1 1.117320
105 81 1 1 1 0.955940
105 82 1 0 0 0.790290
105 83 1 1 0 1.188300
105 84 1 1 1 1.047070
105 85 2 0 0 0.882570
105 86 2 0 0 0.863270
105 90 2 1 0 0.854790
105 91 1 0 1 0.721190
105 92 1 1 1 0.714700
105 93 2 1 1 0.962230
105 94 2 0 0 1.254890
105 95 1 1 1 0.619380
105 96 2 1 1 0.887680
105 97 1 1 1 1.020240
105 98 1 1 1 0.748140
105 99 2 1 0 0.976780
105 100 1 0 1 1.134170
105 101 2 1 1 1.130890
105 102 1 0 1 0.877260
105 103 2 1 1 0.981060
105 104 1 1 1 1.154480
105 105 1 0 1 0.680450
105 106 2 0 0 1.068970
105 107 1 1 1 0.913200
105 108 1 1 1 0.909930
105 109 1 0 1 0.858540
105 110 2 1 1 1.318050
105 111 2 0 1 0.915420
105 112 1 0 1 0.631780
105 113 1 1 1 1.236520
105 115 1 0 1 0.653690
105 116 1 0 1 0.607690
105 117 2 1 1 1.444360
105 118 1 1 1 1.247900
105 119 1 0 1 1.002900
105 120 1 1 1 0.731130
105 121 1 1 0 1.031710
105 122 1 0 1 1.084340
105 123 1 1 0 0.665620
105 124 2 0 0 1.041810
105 125 2 0 0 1.118490
105 126 2 1 0 0.900110
105 127 2 0 0 1.200450
105 128 2 1 1 1.317010
105 129 1 0 1 0.908100
105 130 1 1 0 1.110050
105 131 2 0 0 0.858590
105 132 2 0 1 0.718150
105 133 1 1 0 1.091370
105 134 2 0 1 1.028790
105 135 1 1 1 0.809420
105 136 2 1 1 0.739580
105 137 1 0 1 1.097270
105 138 2 0 0 1.029900
105 139 1 1 1 0.715500
105 140 2 1 0 0.988450
105 141 2 0 1 0.710850
105 142 2 0 0 1.492450
105 143 1 0 1 1.005460
105 144 2 0 1 0.858070
105 145 2 1 1 1.214790
105 146 2 1 1 0.931280
105 147 2 1 0 1.070500
105 148 2 0 1 0.712890
105 149 1 0 1 1.049650
105 150 2 0 0 1.066940
105 152 1 0 1 1.124110
106 1 1 0 0 1.097570
106 2 2 1 0 0.685770
106 3 2 1 1 0.689270
106 4 2 0 0 0.773130
106 5 1 1 0 0.890230
106 6 2 0 1 0.645820
106 7 1 0 1 0.940330
106 8 2 1 0 0.581580
106 9 1 1 1 0.705180
106 10 2 0 1 0.750350
106 11 2 1 0 0.722000
106 12 2 0 0 0.783910
106 13 1 0 1 0.581180
106 14 1 0 1 1.049900
106 15 1 1 1 1.078490
106 16 2 1 0 0.656900
106 17 1 0 0 0.798140
106 18 2 0 1 0.729660
106 19 2 1 1 0.740040
106 20 1 0 1 0.889500
106 21 1 0 1 0.725020
106 22 1 1 1 1.029940
106 23 2 1 1 1.025400
106 24 1 1 0 0.604950
106 25 1 0 1 0.849510
106 26 1 1 0 0.740650
106 27 1 1 0 0.591090
106 28 1 0 0 0.735060
106 29 2 0 1 1.059420
106 31 1 1 0 0.725540
106 32 2 1 1 0.655890
106 33 2 0 1 0.571360
106 34 2 0 1 0.781420
106 35 1 0 0 0.744840
106 36 1 1 0 0.676410
106 37 1 1 1 0.822320
106 38 1 1 1 0.587170
106 39 2 1 0 0.535600
106 40 2 1 1 0.671520
106 41 2 0 1 0.604090
106 42 1 0 0 1.231610
106 43 2 0 1 0.624430
106 44 1 0 0 0.774700
106 46 2 0 1 0.651730
106 47 2 0 1 0.614040
106 48 1 0 0 0.994710
106 49 2 1 1 0.649270
106 50 2 1 1 0.804810
106 51 1 0 0 0.781690
106 52 1 1 0 0.659590
106 53 1 0 0 0.808140
106 54 1 0 0 0.739260
106 55 1 1 0 0.991930
106 56 1 0 0 0.598820
106 57 2 1 1 0.613600
106 58 1 0 1 1.125190
106 59 1 0 0 0.801890
106 60 2 1 1 1.149380
106 61 2 1 1 0.640940
106 62 1 1 0 1.078540
106 64 2 1 0 1.165720
106 65 2 1 0 0.863710
106 66 1 0 0 0.701040
106 67 2 0 0 0.780110
106 68 2 0 1 0.888590
106 69 1 1 1 0.635720
106 70 2 1 0 0.878200
106 71 2 0 1 0.810820
106 72 2 0 0 1.288400
106 74 1 1 0 0.919540
106 75 2 1 0 0.890610
106 76 2 0 1 0.845810
106 77 2 0 1 1.176080
106 78 1 0 0 0.719790
106 79 1 1 0 0.939210
106 80 2 1 0 0.935270
106 81 2 0 0 0.644520
106 82 1 0 1 0.894710
106 83 2 0 0 0.595900
106 84 1 1 1 1.175950
106 85 2 1 0 0.971060
106 86 1 0 0 1.031700
106 88 2 0 1 0.826880
106 89 1 0 0 0.938530
106 90 2 0 1 0.919200
106 91 1 1 0 1.073610
106 92 1 1 0 0.688210
106 93 2 1 1 0.730670
106 94 1 1 0 0.999190
106 95 2 0 1 0.867420
106 96 1 1 1 1.120140
106 97 2 1 1 1.060750
106 98 1 0 0 0.604570
106 99 1 0 0 0.777240
106 100 1 0 0 0.654740
106 101 2 0 0 0.795260
106 102 1 0 0 0.741750
106 103 2 0 0 0.821480
106 104 1 1 0 1.002920
106 106 2 0 0 0.709510
106 107 1 0 0 0.649680
106 109 2 0 1 0.643020
106 110 1 1 0 0.734490
106 111 2 0 1 1.292000
106 112 1 1 1 1.312330
106 113 1 0 0 0.772910
106 114 2 1 1 0.713510
106 115 2 0 1 1.158250
106 116 2 1 1 1.048190
106 117 1 1 1 0.948870
106 118 2 1 0 0.792320
106 119 1 0 0 0.955360
106 120 1 1 1 0.875580
106 121 1 1 0 1.218120
106 122 2 0 0 0.676850
106 123 2 0 1 0.642170
106 124 2 1 1 0.698330
106 125 1 1 1 1.142950
106 126 1 1 0 0.839230
106 127 1 1 1 0.856840
106 128 1 1 0 0.645490
106 129 1 0 1 1.109540
106 130 2 1 1 0.904450
106 131 2 1 0 0.899200
106 132 1 1 0 0.782940
106 133 1 0 0 0.924320
106 134 2 0 1 0.597250
106 136 1 1 0 0.700140
106 137 2 0 0 0.657820
106 138 1 0 0 1.182390
106 139 2 1 1 0.643790
106 140 1 0 0 1.181070
106 141 1 1 1 0.959420
106 142 2 0 1 0.708050
106 143 2 0 0 1.125980
106 144 2 1 1 0.786610
106 146 2 0 1 0.691480
106 147 2 0 1 0.719000
106 148 2 1 1 1.017410
106 149 2 1 1 0.698260
106 150 2 1 1 0.707540
106 151 2 0 1 0.566980
106 152 1 1 1 0.684610
107 1 1 1 0 0.762040
107 2 2 1 1 0.777170
107 3 1 0 1 0.885340
107 4 1 1 1 0.647760
107 5 2 0 1 0.694270
107 6 2 1 1 0.832730
107 7 2 0 1 1.293320
107 8 1 0 1 0.848810
107 9 2 0 1 1.196940
107 10 2 0 0 1.097730
107 11 2 1 1 0.812000
107 12 1 1 1 0.828930
107 13 2 0 0 1.467930
107 14 2 1 0 1.240570
107 15 1 1 0 0.883580
107 17 1 1 1 0.956670
107 18 2 1 1 1.121310
107 20 1 0 1 0.577360
107 21 2 0 0 0.893790
107 22 1 0 1 0.774520
107 24 1 1 0 0.751980
107 25 2 1 0 0.765300
107 26 2 1 1 0.743720
107 27 2 1 0 0.631380
107 28 1 0 0 0.884220
107 29 1 0 0 1.018840
107 30 2 0 1 0.919440
107 31 2 0 0 1.178960
107 32 2 0 1 1.191620
107 33 1 0 0 0.868960
107 34 2 0 1 0.784400
107 35 1 1 0 0.581940
107 36 1 0 1 0.785540
107 37 2 0 0 0.879170
107 38 2 0 0 0.731530
107 39 1 0 1 0.584150
107 40 2 0 1 0.809480
107 41 2 1 0 0.806630
107 42 2 0 1 0.658330
107 43 1 0 1 0.660720
107 44 1 1 0 0.685540
107 45 1 1 1 0.841050
107 46 1 0 1 0.966800
107 47 2 1 0 0.907330
107 48 2 0 1 0.836290
107 49 2 0 0 1.024840
107 50 1 1 1 0.997510
107 51 1 1 1 0.714180
107 52 2 1 0 1.079390
107 53 2 0 0 1.366460
107 54 2 0 1 0.783790
107 55 2 1 0 0.981070
107 56 1 1 1 0.776580
107 57 2 0 1 0.877220
107 58 2 1 1 0.967510
107 59 1 1 0 1.035800
107 60 1 1 1 0.925140
107 61 1 0 1 1.027740
107 62 1 0 1 1.104340
107 63 2 1 0 1.149000
107 64 1 0 0 0.870960
107 65 1 1 1 0.705300
107 66 1 0 0 1.206000
107 68 1 1 0 1.292540
107 69 2 0 1 0.985210
107 70 1 0 0 0.644680
107 71 2 1 1 0.632280
107 72 1 1 1 0.827360
107 73 1 0 0 0.867490
107 74 1 1 0 0.861380
107 75 1 1 0 0.905010
107 76 2 1 0 0.941500
107 77 1 1 0 1.060800
107 78 2 1 0 1.168380
107 79 2 1 0 1.227890
107 80 1 1 0 1.270270
107 81 1 1 1 0.900860
107 82 2 0 1 0.904340
107 83 1 0 1 1.167000
107 84 1 1 0 1.280320
107 85 1 1 1 0.932510
107 86 1 1 0 0.881080
107 89 2 0 0 1.215800
107 90 2 1 0 0.988470
107 91 2 1 1 1.209020
107 92 2 1 1 1.156170
107 93 1 1 0 1.456860
107 94 2 1 0 1.140390
107 96 2 0 0 0.868200
107 97 2 0 1 0.767750
107 98 2 1 0 0.992510
107 99 2 0 0 1.044100
107 100 2 0 0 1.111570
107 101 1 1 1 0.892910
107 102 1 0 1 0.975290
107 103 2 1 0 1.049670
107 104 2 1 0 0.825400
107 105 1 1 1 1.142000
107 106 1 0 1 0.902200
107 107 2 0 1 1.072170
107 108 1 0 0 0.698530
107 109 2 0 0 0.991030
107 110 1 0 1 0.928180
107 111 2 1 1 0.827570
107 112 1 0 1 0.799060
107 113 1 0 0 1.105030
107 114 1 1 1 0.822740
107 115 2 1 1 0.930030
107 116 2 0 1 1.074090
107 117 1 0 1 1.054830
107 119 1 0 1 0.787100
107 120 1 0 1 1.118630
107 121 2 1 1 0.689770
107 122 1 1 0 0.726390
107 123 1 0 1 0.648810
107 124 2 1 0 0.974330
107 125 2 0 0 0.907980
107 127 2 1 1 0.872240
107 128 2 1 1 0.630260
107 130 1 1 1 0.638010
107 131 2 0 0 1.010660
107 132 1 1 1 0.721120
107 133 1 1 1 1.176220
107 134 2 0 1 0.671950
107 135 1 1 1 0.636590
107 136 2 0 0 0.888110
107 137 1 1 0 0.900240
107 138 2 0 0 0.912940
107 139 2 0 1 0.812450
107 140 1 0 0 1.119960
107 141 1 0 1 1.099040
107 142 1 1 0 1.239770
107 143 1 0 1 0.854750
107 144 2 1 1 0.932080
107 145 2 0 1 1.158510
107 146 2 1 1 0.680840
107 147 1 0 0 0.870130
107 148 1 1 1 0.986870
107 149 1 0 1 0.879480
107 150 1 0 0 0.713800
107 151 2 1 1 0.718310
107 152 2 0 1 0.704400
109 1 1 0 1 1.391730
109 2 1 1 0 0.668930
109 3 2 0 0 0.880530
109 4 1 1 1 0.890880
109 5 2 1 0 1.065520
109 6 2 0 0 0.940920
109 7 2 1 0 1.083490
109 8 1 1 1 0.828820
109 10 1 1 1 0.941920
109 11 2 0 0 0.825210
109 12 1 1 1 0.839060
109 13 1 1 0 0.988430
109 14 2 0 0 1.304990
109 16 1 1 1 0.896120
109 17 1 1 1 0.853380
109 18 2 0 1 0.992900
109 19 1 1 1 1.131340
109 20 1 1 1 0.792790
109 21 1 0 1 0.876310
109 22 1 0 1 0.789060
109 23 2 1 1 1.344630
109 24 2 1 0 1.204100
109 25 2 1 0 1.208810
109 27 1 0 0 0.910250
109 28 2 1 1 1.366300
109 29 1 0 0 1.330640
109 30 1 1 1 0.946720
109 31 2 0 0 0.868730
109 32 1 0 1 1.095090
109 33 2 0 1 0.986580
109 34 1 0 1 0.724500
109 35 1 1 1 0.672010
109 36 1 0 1 1.019580
109 37 1 1 0 1.029820
109 38 2 1 1 1.170280
109 39 2 0 0 0.949840
109 40 1 0 1 1.086680
109 41 1 0 1 0.811230
109 42 1 0 1 1.134840
109 43 2 1 1 1.103620
109 44 1 0 1 1.019210
109 45 2 1 1 0.877600
109 46 2 0 1 0.922760
109 47 1 0 1 0.877290
109 49 2 1 0 0.928450
109 50 2 1 0 0.963990
109 51 2 1 1 1.036720
109 52 2 0 0 0.858720
109 53 1 0 1 1.030330
109 54 2 0 1 1.018450
109 55 2 1 1 0.903180
109 56 2 0 0 1.006000
109 57 2 0 1 0.892680
109 58 1 0 1 0.764350
109 59 1 1 1 0.921060
109 60 1 0 1 0.804540
109 61 2 1 0 0.735990
109 62 2 1 1 1.157680
109 63 2 0 0 0.720940
109 64 1 1 0 1.132500
109 65 2 0 0 0.726900
109 66 2 0 0 1.052150
109 67 2 0 0 0.931170
109 68 1 0 1 0.904040
109 69 2 1 1 0.874910
109 70 2 1 1 0.845310
109 71 1 1 1 1.041990
109 72 1 1 1 0.758560
109 74 1 0 0 0.862320
109 75 1 1 1 0.633800
109 76 2 1 1 0.844910
109 77 2 1 1 1.117480
109 78 2 0 1 0.941120
109 79 1 0 1 0.864670
109 80 2 1 0 1.075030
109 81 1 1 1 0.825620
109 82 2 0 0 0.860050
109 83 1 0 1 0.744690
109 84 2 1 1 0.916940
109 85 1 0 1 0.888430
109 86 2 1 1 0.701070
109 87 2 1 0 1.192410
109 88 2 1 0 1.488300
109 89 1 0 1 0.671340
109 90 1 0 0 0.980540
109 92 2 0 1 0.845590
109 93 1 0 1 1.016000
109 95 2 0 1 0.872130
109 96 2 0 0 0.941480
109 97 1 1 1 0.873100
109 98 2 1 0 0.809970
109 99 2 1 0 1.014550
109 101 2 0 1 0.928690
109 102 2 1 0 1.387140
109 103 1 1 1 0.690760
109 104 1 0 1 1.008430
109 105 2 0 1 1.126190
109 107 2 0 1 1.014980
109 108 2 1 0 1.051660
109 109 1 0 1 0.592280
109 110 1 0 1 0.451860
109 111 2 0 0 0.953240
109 112 2 0 1 0.997670
109 113 1 1 1 0.602320
109 114 1 1 1 0.854870
109 116 2 1 0 0.901540
109 117 1 0 1 0.874200
109 118 1 1 0 0.893660
109 119 1 0 1 1.160980
109 120 1 0 1 1.096870
109 121 2 1 0 1.181470
109 122 1 0 1 1.154200
109 123 1 1 1 0.719410
109 124 2 1 1 1.055680
109 125 2 1 1 1.412280
109 126 2 1 0 0.824850
109 127 2 1 0 1.014220
109 128 2 0 0 0.906830
109 129 1 0 1 0.953910
109 130 2 0 0 1.155850
109 131 1 1 0 0.736520
109 132 2 0 0 0.891990
109 133 2 1 0 1.072620
109 134 1 1 1 0.946560
109 135 2 1 0 0.919180
109 136 1 0 1 0.824520
109 137 1 0 1 0.799090
109 138 1 0 1 0.987730
109 139 1 1 1 1.232430
109 140 2 0 1 0.930360
109 141 2 1 0 0.812660
109 142 1 0 1 1.473320
109 143 1 1 0 0.755300
109 144 2 1 0 1.472010
109 145 1 0 1 0.804490
109 146 1 1 1 1.368150
109 147 1 1 1 0.732340
109 148 1 1 1 1.006660
109 149 1 0 1 1.119380
109 150 1 0 1 0.744800
109 151 1 0 1 0.764340
109 152 2 1 1 1.168910
110 1 1 0 0 1.199710
110 2 1 1 1 0.969000
110 3 1 1 1 0.756520
110 4 1 0 1 0.840750
110 5 1 1 1 0.762780
110 6 1 1 0 0.810890
110 7 1 1 1 0.775500
110 8 2 0 1 1.204170
110 9 2 1 0 0.988950
110 10 2 0 0 0.695380
110 11 2 0 0 0.964090
110 12 1 0 0 0.640400
110 13 2 0 0 0.799230
110 14 1 0 1 1.016050
110 15 2 0 0 0.923680
110 16 1 0 0 0.839010
110 19 2 0 0 1.120150
110 20 2 0 0 1.027150
110 21 1 1 1 0.909600
110 22 2 1 0 0.893720
110 23 2 1 0 0.995240
110 24 2 1 0 1.133590
110 25 2 1 0 1.442940
110 26 1 0 0 0.855580
110 27 1 1 0 0.782610
110 28 1 1 0 0.538750
110 29 2 1 0 0.789170
110 30 2 0 0 0.828240
110 31 1 1 1 1.257570
110 32 2 1 0 1.019960
110 34 1 0 1 0.815300
110 35 2 1 0 0.811720
110 36 2 0 0 1.215050
110 38 1 1 1 1.367100
110 40 2 0 0 1.012670
110 41 1 1 0 1.393250
110 42 1 1 1 0.812790
110 43 2 1 0 1.135900
110 44 2 1 0 1.015960
110 46 1 0 1 1.041870
110 47 1 0 0 0.830570
110 48 1 0 1 1.247870
110 49 1 1 1 0.868500
110 50 2 0 0 0.761780
110 51 1 1 0 0.877280
110 52 1 0 0 0.697930
110 53 2 1 0 0.721710
110 54 2 1 1 1.177860
110 55 1 0 0 1.126500
110 57 1 0 1 0.853060
110 58 1 1 1 0.713710
110 60 1 0 0 1.422040
110 61 2 1 0 0.654200
110 62 2 1 0 0.808100
110 63 2 0 0 0.708820
110 64 2 1 0 1.145410
110 65 1 0 0 0.812620
110 66 1 0 1 0.817110
110 67 1 1 0 1.002430
110 68 2 0 0 0.751100
110 69 2 0 1 1.290080
110 70 2 0 0 0.717710
110 71 1 1 0 0.825140
110 72 2 0 0 0.880860
110 73 1 0 0 0.867320
110 74 1 1 1 1.295850
110 75 1 0 0 0.855590
110 76 2 1 0 1.011100
110 77 1 1 0 0.892600
110 78 2 0 0 1.120180
110 79 2 0 0 0.804280
110 80 2 0 0 0.710700
110 81 1 0 0 1.301680
110 82 2 1 0 1.152880
110 83 2 0 1 1.118800
110 84 1 1 1 1.016630
110 85 2 1 0 0.988210
110 86 1 0 1 0.624780
110 87 1 1 0 1.205050
110 88 2 1 0 1.018950
110 89 2 0 0 0.959630
110 90 2 1 0 1.084910
110 92 1 1 0 0.755900
110 93 2 0 0 0.960560
110 94 1 0 0 0.685100
110 95 1 1 1 0.791120
110 96 2 1 0 1.388630
110 97 1 0 1 0.888230
110 98 1 1 0 1.176320
110 99 2 1 0 0.684420
110 100 2 1 0 0.624020
110 101 1 1 0 0.972670
110 102 2 0 0 0.727110
110 103 2 1 0 0.722200
110 104 1 1 1 1.001230
110 105 2 1 0 1.093820
110 106 1 0 0 0.710590
110 107 1 0 1 0.679950
110 108 2 0 0 1.139050
110 109 2 1 0 0.774560
110 110 2 0 0 1.031770
110 111 1 1 0 1.179960
110 112 2 0 0 1.127530
110 113 1 1 0 0.616820
110 114 1 1 1 0.918220
110 115 2 0 0 1.241830
110 116 1 1 0 1.026630
110 117 2 1 0 0.927150
110 119 1 0 0 1.027620
110 120 2 0 0 1.015080
110 121 1 1 1 1.073480
110 122 1 1 0 1.358200
110 123 2 0 0 1.017270
110 124 2 0 0 0.813830
110 126 2 1 0 1.160010
110 127 1 1 0 0.912120
110 129 1 0 0 0.682220
110 130 2 0 0 0.758670
110 131 1 0 0 0.811080
110 133 1 0 0 1.104650
110 134 2 1 1 1.463770
110 135 1 0 0 1.172360
110 136 1 1 1 0.816520
110 139 1 0 1 0.988890
110 140 2 1 0 0.848390
110 141 1 1 0 0.850790
110 142 1 0 1 1.007430
110 143 2 1 1 0.935190
110 144 2 0 0 0.987780
110 145 2 1 0 0.871080
110 146 2 1 0 0.681290
110 148 1 0 0 1.290550
110 149 1 0 1 0.855170
110 150 1 0 1 1.050220
110 152 1 0 0 0.760190
111 1 1 0 1 1.010930
111 2 1 0 1 0.775220
111 3 1 1 1 0.706760
111 4 2 1 1 0.821040
111 5 1 0 1 0.923700
111 6 1 1 1 0.935200
111 8 2 0 1 1.407040
111 9 2 0 1 1.387360
111 10 2 0 0 1.135920
111 11 2 1 1 0.795410
111 12 1 0 1 0.722270
111 14 1 1 0 1.091240
111 15 2 0 1 0.719910
111 16 1 1 1 0.818240
111 17 2 0 1 0.823600
111 18 1 0 0 1.243090
111 19 2 1 1 0.661470
111 20 2 0 1 1.346970
111 21 2 1 0 1.206510
111 23 1 0 0 0.954830
111 24 1 0 0 0.622330
111 25 2 0 1 0.930940
111 26 1 0 0 1.214020
111 27 2 0 1 0.840400
111 28 2 1 0 0.944170
111 29 1 0 0 1.196750
111 30 2 1 1 0.772940
111 31 1 1 0 1.142830
111 32 2 1 1 0.769310
111 33 1 0 1 0.644740
111 34 2 1 1 0.694740
111 35 2 0 1 1.106200
111 36 1 0 0 0.861800
111 37 2 1 1 1.111640
111 38 1 1 0 1.132470
111 39 1 0 0 1.208660
111 40 1 0 1 1.232820
111 41 2 1 1 0.765490
111 42 2 0 0 0.809980
111 43 1 1 1 0.721870
111 44 1 0 0 0.765370
111 45 2 1 1 0.728340
111 46 2 0 1 0.957090
111 48 1 1 0 1.236100
111 50 1 0 0 1.086150
111 51 1 1 1 0.807000
111 52 2 1 1 0.860880
111 53 2 1 1 0.785110
111 54 1 0 1 1.140640
111 55 2 0 1 0.857310
111 56 2 1 1 0.903830
111 57 1 0 1 1.478960
111 58 2 0 1 0.838650
111 59 2 1 1 1.043250
111 60 2 1 1 0.966790
111 61 2 1 1 0.667170
111 62 2 1 1 0.559530
111 63 2 1 1 1.315020
111 64 1 0 1 0.894630
111 65 1 0 0 1.201910
111 66 2 1 1 1.334320
111 67 1 0 0 0.837350
111 68 2 1 1 1.154980
111 69 2 1 0 1.157010
111 70 1 0 0 1.095440
111 71 1 1 0 1.148120
111 72 1 0 0 1.217740
111 73 1 0 0 0.958040
111 75 2 0 1 1.051980
111 76 1 0 0 0.943040
111 77 1 0 0 1.058360
111 78 2 1 1 1.245850
111 79 2 1 1 0.753410
111 80 1 0 1 0.732400
111 81 2 1 1 0.658330
111 82 2 1 1 0.694520
111 83 2 1 1 0.628500
111 84 1 0 0 0.998370
111 85 2 1 0 1.145940
111 86 2 1 1 0.662580
111 87 2 1 1 0.602110
111 88 1 1 0 1.128650
111 89 1 0 1 1.085230
111 90 2 0 1 1.073900
111 91 2 0 1 0.975170
111 93 1 0 0 1.190210
111 94 2 0 1 0.690690
111 95 2 1 1 0.820830
111 97 2 1 1 0.621880
111 98 2 1 0 0.774000
111 100 2 1 0 0.669650
111 101 1 1 0 1.074350
111 102 1 1 0 0.772700
111 103 2 0 1 0.991740
111 104 1 0 1 1.006820
111 105 2 0 1 0.699440
111 106 1 1 0 0.804350
111 107 2 1 1 0.781540
111 108 1 0 0 0.864610
111 109 1 0 0 0.956200
111 110 1 0 1 0.925410
111 111 2 0 1 0.649970
111 112 1 1 0 0.773190
111 113 2 0 1 0.894430
111 114 2 1 0 0.715880
111 115 1 1 0 1.167420
111 116 1 0 0 0.904280
111 117 2 0 1 0.844830
111 118 2 0 1 1.096440
111 119 2 1 1 0.825470
111 120 2 0 1 0.676780
111 121 2 1 0 0.847170
111 122 1 0 0 0.923800
111 123 1 1 0 0.758800
111 124 1 1 0 0.643500
111 125 1 0 0 0.913390
111 126 1 0 1 0.813600
111 127 2 1 1 0.749700
111 128 2 0 1 0.868310
111 129 1 1 0 0.887810
111 130 1 0 0 0.731360
111 132 1 0 0 0.926590
111 133 1 1 0 1.182180
111 134 1 1 0 0.989350
111 135 1 0 1 0.889980
111 136 1 1 0 0.670150
111 137 2 1 1 0.809670
111 138 2 0 1 0.862310
111 139 1 0 1 0.953860
111 140 2 0 1 0.781940
111 141 2 1 0 0.848430
111 142 1 1 0 0.684990
111 143 2 1 0 0.980720
111 144 1 1 0 1.025340
111 145 1 0 0 0.731780
111 147 1 0 1 1.059540
111 148 1 0 0 1.048160
111 149 1 1 0 1.052810
111 150 1 0 1 0.911800
111 151 2 0 1 1.235320
111 152 2 0 1 0.669750
113 1 1 1 1 0.710760
113 2 2 0 1 0.763330
113 3 1 1 1 0.654370
113 4 1 1 1 0.707280
113 5 1 0 0 0.638290
113 6 1 1 1 0.575630
113 7 1 1 0 0.842850
113 8 2 0 1 0.903250
113 9 1 1 1 0.571870
113 10 2 1 1 1.069230
113 11 2 0 1 0.801730
113 12 2 0 0 0.659740
113 13 2 1 1 0.647330
113 14 2 1 1 0.706760
113 15 2 0 1 0.856130
113 16 1 1 0 0.924800
113 17 1 0 0 0.896050
113 18 1 1 0 0.893920
113 19 1 0 0 1.082240
113 20 2 0 1 1.035350
113 21 1 0 0 1.136020
113 22 1 0 0 0.877420
113 23 2 0 0 1.038420
113 24 2 0 1 1.059100
113 25 1 0 1 0.951690
113 26 1 1 0 1.259170
113 27 2 1 1 0.783430
113 29 1 0 1 0.943550
113 30 2 0 1 0.937470
113 31 1 0 1 0.877110
113 32 2 1 1 0.696560
113 33 2 1 1 0.730920
113 34 1 1 1 0.831070
113 35 1 1 1 0.722700
113 36 2 0 1 0.930660
113 37 1 1 1 0.667610
113 38 1 1 1 1.164940
113 39 2 1 1 0.605970
113 40 2 1 1 1.135910
113 42 1 0 1 0.705190
113 43 1 1 1 1.269820
113 44 1 0 0 0.858390
113 45 2 1 1 0.725470
113 46 2 0 1 0.887830
113 47 2 1 1 0.586340
113 48 1 0 0 1.030640
113 49 1 0 0 0.907290
113 50 2 0 1 0.688610
113 51 2 0 1 0.778950
113 52 2 0 1 0.813350
113 53 1 0 0 0.720930
113 54 1 1 1 1.069110
113 55 1 1 1 0.679500
113 56 2 0 0 0.920280
113 57 1 1 1 1.051850
113 59 2 0 0 1.048230
113 60 2 0 1 0.900810
113 61 2 1 0 1.176370
113 62 2 0 1 0.821000
113 63 2 1 1 0.703020
113 64 2 0 1 1.003610
113 65 1 1 0 1.047110
113 66 2 0 1 0.858680
113 68 2 1 1 0.964590
113 69 1 0 0 0.752050
113 70 1 0 0 0.764700
113 71 2 1 1 0.774720
113 72 1 1 1 0.651310
113 74 2 1 1 1.173460
113 75 1 0 0 0.842070
113 76 1 1 0 0.866240
113 77 2 0 1 0.925460
113 78 1 1 1 0.886730
113 79 1 0 1 0.618150
113 80 1 0 1 0.582320
113 81 1 0 0 0.879760
113 83 1 1 0 0.653290
113 84 2 1 1 1.001970
113 85 2 0 1 0.698720
113 86 1 1 1 0.677090
113 87 2 0 1 0.897770
113 88 1 1 0 0.669950
113 90 2 1 0 0.709900
113 91 1 1 0 0.593430
113 92 2 0 1 0.796870
113 93 2 1 0 1.097570
113 94 1 0 0 0.796660
113 95 1 0 0 0.701830
113 96 2 0 1 0.640280
113 97 2 0 1 1.003330
113 98 1 0 0 1.123500
113 99 2 1 1 1.145030
113 100 1 1 0 0.915380
113 101 2 0 1 0.623970
113 102 2 0 1 0.605320
113 103 1 1 1 0.892410
113 104 2 1 1 0.967890
113 105 2 1 1 0.570940
113 106 2 1 1 1.249980
113 107 1 1 1 1.118690
113 108 1 0 0 0.881730
113 109 2 0 1 0.710500
113 110 2 1 1 0.685080
113 111 1 0 1 0.640600
113 112 2 0 1 0.652810
113 113 2 1 1 0.737470
113 114 1 1 1 1.372930
113 115 1 0 0 0.887290
113 116 2 1 1 1.258410
113 117 2 0 1 0.751080
113 118 1 0 0 0.770670
113 119 1 1 1 1.005620
113 122 1 0 1 0.767070
113 123 1 1 0 0.668500
113 125 1 0 1 0.730290
113 126 1 1 0 1.023940
113 127 1 1 1 0.667180
113 128 2 0 1 1.031780
113 129 2 0 0 0.934820
113 130 2 1 1 0.631680
113 132 2 1 1 0.782580
113 133 2 0 1 0.554920
113 134 1 0 0 0.631540
113 135 1 1 0 0.761960
113 137 2 0 1 0.660010
113 138 2 1 1 0.677890
113 139 2 0 0 1.138690
113 140 1 1 1 0.567360
113 141 2 1 1 0.497620
113 142 1 0 1 0.871290
113 143 2 0 0 0.832260
113 144 1 0 0 0.804930
113 145 1 1 1 0.655380
113 146 1 1 0 0.915480
113 147 1 1 0 0.799050
113 148 1 1 0 0.991090
113 149 1 0 0 1.049080
113 150 1 1 1 0.853770
113 151 2 0 1 0.669530
113 152 2 1 1 1.048990
114 1 1 1 1 0.528600
114 2 2 1 1 0.648320
114 3 2 0 1 0.491850
114 4 1 0 1 0.622210
114 5 1 0 0 0.532880
114 6 2 1 1 0.687240
114 7 2 0 1 1.308340
114 8 2 0 0 1.408060
114 9 1 0 1 0.739530
114 10 1 1 1 1.000220
114 11 2 0 0 1.083240
114 12 2 0 1 0.507420
114 13 1 1 0 0.635080
114 14 1 0 1 0.615780
114 15 1 1 1 0.906130
114 16 2 1 1 0.680740
114 17 1 1 0 0.531140
114 18 2 0 1 0.935840
114 19 1 1 0 1.219860
114 20 2 1 1 0.888550
114 21 1 0 1 0.652920
114 23 2 1 1 0.993650
114 24 2 1 0 0.959140
114 25 1 1 0 1.011850
114 26 1 0 1 0.694210
114 27 2 0 0 0.694000
114 28 1 1 1 0.547370
114 29 1 0 0 0.705270
114 30 1 0 1 0.653950
114 31 1 1 0 0.818170
114 32 1 1 1 0.878810
114 33 2 1 1 0.923400
114 34 2 1 1 0.710970
114 35 2 0 1 0.692360
114 37 2 0 0 0.885440
114 38 2 1 0 0.626080
114 39 2 1 0 0.518640
114 40 1 0 1 0.728610
114 41 1 0 1 0.997240
114 42 2 1 1 0.872740
114 44 1 0 1 0.627970
114 45 2 1 1 0.928700
114 46 1 0 0 0.726180
114 47 2 1 0 0.874640
114 48 2 1 0 0.554750
114 49 2 0 1 0.895390
114 50 1 1 1 0.604910
114 51 2 1 1 0.929340
114 52 2 1 1 0.829930
114 53 2 1 1 0.814020
114 54 1 0 0 0.590960
114 55 1 0 1 0.635530
114 56 1 0 1 0.671060
114 57 1 1 1 1.108360
114 58 2 0 1 0.813670
114 59 2 0 1 0.826280
114 60 1 0 1 0.868250
114 61 1 0 1 0.778150
114 62 2 0 1 0.902850
114 63 1 1 1 0.764190
114 64 2 0 1 0.717460
114 65 1 0 0 0.895820
114 66 2 1 0 1.005080
114 67 1 1 0 1.302430
114 68 2 1 1 0.923040
114 69 1 0 1 1.271730
114 70 1 0 0 0.763910
114 71 2 1 1 0.919410
114 73 2 1 1 0.738560
114 75 1 0 1 0.591380
114 76 1 0 1 0.668740
114 77 1 0 0 0.864290
114 78 1 0 0 0.915880
114 79 1 0 1 0.607370
114 80 2 1 1 0.602460
114 81 1 0 1 0.656400
114 82 1 0 1 0.804590
114 83 1 1 1 0.842410
114 84 1 1 0 0.756230
114 85 2 0 1 0.959950
114 86 1 0 1 0.580540
114 87 1 1 1 0.952100
114 88 2 1 1 0.718670
114 89 2 0 0 0.867290
114 90 2 0 1 0.984000
114 91 1 1 0 1.109170
114 92 2 1 1 0.871700
114 93 1 0 1 1.188330
114 94 2 0 1 0.775810
114 95 1 1 0 0.866890
114 96 1 0 1 0.695700
114 97 2 1 0 0.451830
114 98 2 1 1 1.036030
114 99 2 0 0 1.231550
114 100 2 1 0 0.995670
114 101 2 1 0 0.640390
114 102 2 1 0 1.210790
114 103 2 1 1 0.910190
114 104 2 0 1 0.892930
114 105 2 0 0 1.361570
114 106 1 1 0 1.154350
114 107 2 0 1 0.803580
114 108 2 0 1 0.789990
114 109 1 1 0 0.658250
114 110 2 0 1 1.371440
114 111 2 0 1 1.287060
114 112 1 1 0 0.859160
114 113 1 1 1 0.852430
114 114 2 0 0 0.825900
114 115 2 1 1 1.053440
114 116 2 0 1 0.845560
114 117 1 1 0 0.794930
114 118 1 0 1 0.918390
114 119 1 0 0 1.070550
114 122 1 1 1 0.849870
114 123 1 0 0 1.245250
114 124 1 1 1 0.769540
114 125 1 0 1 0.871440
114 126 2 1 1 0.699590
114 127 2 1 1 0.843840
114 128 1 1 1 0.834390
114 129 2 0 1 0.741950
114 131 1 0 0 0.734070
114 132 2 1 0 1.164620
114 133 1 1 1 0.924300
114 135 1 1 1 0.840060
114 136 1 0 1 0.740250
114 137 2 0 1 0.687750
114 138 2 1 1 1.068300
114 139 1 1 1 0.759860
114 140 1 1 0 0.692030
114 141 1 0 1 0.742500
114 142 1 0 1 0.851130
114 143 2 1 1 0.906830
114 144 2 0 0 0.975520
114 145 2 1 1 0.985820
114 146 1 1 0 0.845190
114 147 2 0 0 1.313590
114 149 2 0 1 0.970880
114 150 2 0 1 0.653280
114 151 1 0 0 1.089420
114 152 1 1 0 0.683840
115 1 1 1 1 0.796520
115 2 1 1 1 0.631840
115 4 1 0 0 0.893760
115 5 1 1 1 0.660250
115 6 1 0 1 0.719840
115 7 1 1 1 0.726350
115 8 2 0 0 0.879670
115 10 1 1 1 0.872510
115 12 1 1 1 0.754600
115 14 1 0 1 1.227820
115 16 1 0 1 0.819530
115 18 1 0 1 0.819730
115 21 1 0 1 1.207090
115 22 1 1 1 0.679910
115 25 1 1 1 0.764600
115 26 1 1 1 0.766710
115 28 1 1 1 0.728730
115 29 1 0 1 0.669420
115 30 1 1 1 0.533540
115 32 2 1 1 1.121960
115 34 1 1 0 0.975400
115 35 1 0 1 0.626900
115 36 1 0 0 1.006420
115 37 1 0 1 0.728410
115 38 2 0 1 0.893900
115 39 2 1 1 0.841320
115 40 1 0 1 0.761390
115 42 2 1 1 1.370250
115 43 1 1 1 0.994500
115 47 1 0 1 0.720120
115 48 1 1 1 0.637590
115 51 1 1 1 0.863670
115 52 1 1 1 0.845600
115 54 1 0 1 0.909310
115 55 2 0 0 1.249900
115 57 2 1 1 0.799470
115 58 2 1 0 0.951300
115 59 1 0 1 0.787920
115 63 1 0 1 0.731830
115 65 1 1 0 0.978360
115 67 2 1 1 0.702060
115 68 1 0 1 1.027370
115 69 1 0 1 0.693690
115 70 1 0 1 0.824130
115 73 1 1 1 0.934790
115 75 2 1 1 0.677650
115 76 2 0 1 0.895690
115 77 1 1 1 0.634020
115 78 1 0 1 0.901590
115 79 1 1 1 0.625090
115 80 2 1 1 0.876140
115 81 2 1 1 1.354110
115 82 1 1 1 1.302240
115 83 1 0 1 0.788180
115 85 1 1 1 0.817610
115 87 1 0 1 1.457860
115 91 2 1 0 1.118930
115 94 1 0 1 1.225510
115 95 1 0 0 1.132550
115 96 1 1 1 0.769440
115 98 2 1 1 0.877740
115 101 2 0 1 0.754120
115 102 1 0 1 0.932480
115 103 1 0 1 0.607600
115 106 2 0 1 0.620100
115 107 2 1 1 1.317310
115 108 1 1 1 1.272690
115 109 1 0 1 0.891850
115 110 1 1 1 0.789250
115 112 2 0 1 0.692960
115 113 2 1 0 0.854200
115 114 1 1 1 1.131660
115 116 1 0 1 0.632010
115 118 1 1 1 0.832200
115 120 1 0 1 0.596490
115 121 1 0 1 0.910950
115 122 2 1 1 0.859590
115 124 1 1 1 0.963230
115 125 1 0 1 1.049180
115 126 1 1 0 1.181340
115 127 1 1 1 1.109500
115 128 2 1 1 0.852130
115 129 2 0 1 0.607660
115 132 2 0 1 0.726390
115 134 1 1 1 1.093090
115 135 1 1 1 0.801800
115 136 2 1 1 0.989940
115 138 1 1 0 0.934120
115 139 1 0 1 1.057640
115 140 1 1 0 0.893730
115 141 1 0 0 0.880190
115 142 1 0 1 0.556850
115 143 1 0 1 0.828550
115 144 1 1 0 1.073240
115 145 2 0 0 1.115630
115 149 1 0 0 1.284620
115 150 1 1 1 1.271590
117 1 2 0 0 1.031520
117 2 1 1 1 1.084140
117 3 1 0 1 0.950530
117 4 2 1 1 1.051980
117 5 1 0 1 1.094280
117 7 1 1 1 1.418680
117 8 2 1 0 0.959290
117 9 2 0 0 1.419890
117 10 2 1 1 1.085870
117 13 1 0 0 0.743960
117 14 1 1 1 0.803560
117 15 2 0 0 1.176080
117 16 1 1 1 0.836840
117 17 2 0 1 0.967980
117 18 1 0 0 1.294530
117 19 2 0 0 1.202150
117 20 2 1 0 1.211370
117 21 1 1 1 0.864640
117 22 1 0 1 1.477490
117 23 2 1 1 1.022440
117 24 2 1 1 0.988070
117 27 1 1 0 1.159460
117 28 1 1 0 1.155930
117 29 2 1 1 1.008230
117 31 1 0 0 1.301110
117 32 1 0 0 0.689210
117 33 2 1 1 1.139660
117 35 1 0 1 0.995620
117 36 1 0 0 0.826360
117 37 2 1 1 0.915720
117 38 2 1 1 1.141670
117 39 2 0 1 1.158650
117 40 2 0 1 0.903960
117 41 1 1 1 1.052500
117 42 1 0 1 1.345740
117 45 1 0 0 1.029460
117 46 1 0 1 0.936660
117 47 2 0 0 0.875010
117 48 1 0 0 1.159400
117 49 2 1 1 0.907950
117 50 2 0 1 0.856620
117 51 1 1 1 0.916000
117 52 2 1 1 0.966100
117 53 2 0 0 0.858690
117 54 1 1 1 1.093150
117 55 2 1 1 1.096170
117 56 2 1 0 0.960350
117 57 1 0 1 1.179810
117 58 1 0 1 0.822910
117 59 2 1 1 1.064240
117 60 1 0 0 1.060840
117 61 2 0 0 0.889090
117 62 2 0 1 0.909640
117 63 1 0 0 0.918960
117 64 1 1 0 0.980470
117 65 2 0 1 0.879850
117 66 1 1 1 0.723350
117 67 1 0 1 1.431900
117 68 1 1 1 1.164580
117 69 2 1 1 0.680750
117 70 1 0 0 1.173370
117 72 2 0 0 1.107370
117 73 1 1 1 0.674980
117 74 2 1 1 1.357440
117 75 2 0 0 1.034980
117 76 1 0 1 0.890890
117 77 1 0 1 1.009970
117 78 2 1 1 0.651340
117 79 1 1 1 0.767800
117 80 1 0 0 0.923030
117 81 1 1 0 1.053090
117 82 1 1 1 0.621240
117 83 2 0 0 0.857960
117 84 2 0 0 0.886590
117 85 2 0 1 1.127330
117 86 2 0 1 0.833820
117 87 2 1 1 0.679040
117 88 2 1 1 0.762630
117 89 1 0 0 0.809630
117 90 1 0 0 1.050430
117 91 2 0 1 1.142020
117 92 1 1 1 1.281470
117 95 2 1 1 0.850490
117 96 1 0 0 1.301600
117 97 1 0 1 0.719940
117 98 1 0 1 0.792060
117 99 1 1 1 1.213540
117 100 2 1 1 0.960860
117 101 1 0 1 1.149280
117 102 2 1 1 0.849890
117 103 1 1 0 0.848990
117 104 1 1 1 0.717230
117 105 2 1 1 1.143560
117 106 1 1 1 0.807220
117 107 1 1 0 1.179840
117 108 1 0 0 1.438270
117 109 1 0 1 1.011800
117 110 2 1 0 1.169700
117 111 2 0 0 0.861810
117 113 2 1 0 1.358100
117 115 2 0 0 1.179480
117 116 1 1 1 1.215100
117 117 1 0 1 0.883680
117 118 2 1 1 0.696230
117 119 2 1 0 1.250250
117 120 2 1 1 1.026460
117 121 1 0 1 0.951770
117 122 1 1 1 1.156340
117 124 1 0 1 1.010240
117 125 2 1 1 0.983900
117 126 1 1 1 0.828270
117 127 1 1 1 1.143760
117 128 1 1 1 0.604440
117 129 1 0 1 0.876110
117 130 1 1 1 1.060280
117 131 1 0 1 0.808950
117 132 2 0 1 0.762880
117 133 2 1 0 1.015540
117 134 2 1 1 0.924100
117 135 1 0 1 0.967210
117 136 2 1 1 0.728470
117 137 2 1 0 0.889520
117 138 1 0 1 0.666650
117 139 2 1 1 0.863280
117 140 2 0 0 1.019930
117 141 1 1 0 1.118950
117 142 2 0 1 1.259660
117 143 1 0 1 0.876790
117 146 2 0 1 0.768160
117 147 2 0 1 1.083630
117 148 2 0 1 1.027380
117 149 2 1 0 1.141770
117 150 1 1 1 0.842400
117 151 2 0 1 0.906050
117 152 2 0 1 0.669610
118 1 2 0 1 0.847850
118 2 2 1 0 1.292510
118 3 1 0 1 0.943620
118 4 1 0 1 1.124380
118 5 1 1 1 0.975520
118 6 2 0 0 0.976700
118 7 2 1 0 0.924070
118 8 2 1 0 0.816510
118 9 1 1 1 0.853090
118 10 1 1 1 0.846350
118 11 1 1 1 1.034570
118 12 2 0 0 0.932900
118 13 1 0 1 0.960430
118 14 2 1 1 0.684940
118 15 1 1 1 0.817310
118 16 2 0 1 0.629910
118 17 1 1 1 0.977180
118 20 2 0 1 0.652610
118 21 2 0 0 0.969150
118 22 1 0 0 0.974670
118 23 2 0 1 0.791660
118 24 1 1 0 1.124240
118 25 2 1 1 0.808910
118 27 2 1 0 0.680670
118 28 2 1 1 0.740160
118 29 2 0 1 0.520800
118 30 2 0 1 0.514680
118 31 1 0 0 0.598290
118 32 1 0 1 0.625790
118 33 2 1 1 0.669120
118 34 2 1 1 0.688410
118 36 2 1 1 0.611560
118 37 2 0 1 0.540870
118 38 1 1 1 0.750170
118 39 1 0 0 1.031140
118 40 1 1 1 1.073120
118 41 1 0 1 0.869710
118 42 2 0 1 0.618370
118 44 1 0 1 0.860580
118 45 2 1 1 0.862730
118 46 2 1 1 0.617150
118 47 1 0 1 0.924440
118 48 2 0 1 0.767830
118 49 2 1 1 0.636470
118 50 2 1 1 0.625810
118 51 1 0 1 0.732240
118 52 1 1 0 0.550610
118 53 1 1 1 0.988210
118 54 2 0 1 0.550300
118 55 2 1 0 0.928690
118 56 1 1 1 0.793580
118 57 1 0 1 0.741120
118 58 1 0 1 0.567450
118 59 2 0 1 0.641480
118 60 1 0 1 0.822110
118 61 1 0 1 0.737630
118 62 1 0 1 0.702190
118 63 1 0 1 0.848220
118 64 2 1 1 0.628770
118 65 2 0 1 0.896340
118 66 1 1 1 0.644890
118 67 1 1 1 0.593190
118 68 1 0 0 1.077840
118 69 2 1 1 0.609360
118 70 2 0 1 0.653990
118 71 1 1 1 0.887980
118 72 1 0 1 0.636550
118 74 2 1 1 0.558670
118 75 1 1 1 0.747340
118 76 1 1 1 0.756420
118 77 1 0 1 0.736470
118 78 2 1 1 0.685700
118 79 2 1 1 0.872140
118 80 2 0 1 0.581870
118 81 1 0 0 1.080010
118 82 1 0 1 0.729210
118 83 1 0 0 1.188640
118 84 2 0 1 0.657000
118 85 1 0 1 0.805600
118 86 1 1 1 0.822940
118 87 1 1 1 0.803100
118 88 1 0 1 0.773470
118 89 1 1 1 0.817040
118 90 1 0 1 0.621140
118 91 2 0 1 0.569870
118 92 2 0 0 0.558480
118 93 1 0 1 0.857740
118 94 2 1 1 0.671670
118 95 2 0 1 1.091710
118 96 2 0 1 0.581150
118 97 1 1 1 0.745730
118 98 2 1 1 0.615230
118 99 2 0 0 0.784160
118 100 1 0 1 0.820820
118 101 1 1 1 0.857420
118 102 2 0 1 0.533960
118 103 1 1 1 0.753250
118 105 2 1 1 0.825400
118 106 1 1 1 1.051300
118 107 2 0 0 0.798870
118 108 1 1 1 0.690370
118 109 1 0 0 1.109780
118 110 2 0 1 0.640990
118 111 1 0 1 1.148510
118 112 1 1 0 0.940220
118 113 2 0 1 0.669480
118 114 2 0 1 0.678720
118 115 1 1 1 0.919770
118 116 2 1 1 0.577640
118 117 2 1 1 0.790380
118 118 2 0 1 0.683010
118 119 1 0 0 0.975630
118 120 2 0 1 0.812770
118 121 2 0 1 0.639360
118 122 1 0 1 0.745740
118 123 2 1 1 1.101020
118 124 1 1 1 0.680480
118 125 1 1 1 1.110050
118 128 2 1 1 0.687210
118 129 2 1 1 0.764520
118 131 2 1 1 0.553290
118 132 2 1 1 0.810150
118 133 1 0 0 0.861660
118 134 2 0 1 0.640070
118 135 1 1 1 0.706010
118 136 2 0 1 0.606700
118 137 2 1 1 0.818240
118 138 1 0 1 0.478880
118 139 1 1 1 0.584730
118 140 2 0 1 0.565430
118 141 1 0 1 0.504940
118 142 2 0 1 0.429490
118 143 1 1 1 0.809840
118 144 1 1 1 0.838430
118 145 1 0 1 0.601920
118 146 1 0 0 0.614550
118 148 1 1 1 0.837210
118 149 1 1 0 0.733200
118 150 2 1 0 0.887270
118 151 2 1 1 0.803940
118 152 2 1 1 0.637020
119 1 1 0 1 0.662520
119 2 2 0 0 0.678080
119 3 1 0 0 0.617680
119 4 1 0 1 0.580120
119 5 2 1 1 0.658660
119 6 2 0 1 0.725010
119 7 2 1 0 0.801600
119 8 2 1 1 0.581910
119 9 1 0 0 0.577300
119 10 1 0 1 0.526050
119 11 2 1 1 0.561040
119 12 2 1 1 0.537270
119 13 2 0 0 0.721250
119 14 1 1 1 0.661580
119 15 1 1 0 0.463890
119 16 2 1 0 0.518480
119 18 2 1 1 0.653520
119 19 1 1 1 0.553100
119 20 2 0 1 0.558420
119 21 2 1 1 0.682080
119 22 2 0 1 0.738800
119 23 1 1 0 0.663520
119 24 2 0 1 0.796920
119 25 2 0 0 0.745550
119 26 2 0 0 0.707960
119 27 1 1 1 0.539690
119 28 2 0 1 0.705380
119 29 2 1 0 0.766950
119 30 1 1 1 0.683660
119 31 2 0 0 0.895780
119 32 2 0 1 0.908540
119 33 1 1 1 0.601100
119 34 2 1 0 0.772690
119 35 2 1 1 1.002140
119 36 2 1 1 0.806480
119 37 1 0 1 0.539080
119 38 1 1 1 0.703680
119 39 1 0 1 0.572340
119 40 1 1 1 0.630260
119 41 1 1 1 0.554980
119 42 1 1 1 0.646420
119 43 2 1 0 0.505760
119 45 2 0 0 0.958260
119 46 1 0 1 0.546950
119 47 2 0 1 0.736280
119 48 1 1 1 0.720370
119 49 2 1 1 0.997010
119 50 1 1 1 0.634680
119 51 1 0 1 0.535020
119 52 2 0 0 0.835670
119 53 2 0 1 0.794680
119 54 1 0 1 0.580590
119 55 1 1 0 0.977220
119 57 2 1 1 0.681350
119 58 1 0 1 0.531320
119 59 1 1 0 0.848000
119 60 1 0 1 1.113230
119 61 1 1 1 0.743770
119 62 2 1 0 0.884380
119 63 2 1 1 0.681990
119 65 1 0 1 0.925440
119 66 2 0 1 1.002080
119 67 1 1 1 0.756030
119 68 2 0 1 0.792640
119 69 1 0 1 0.805240
119 70 1 0 1 0.649690
119 71 2 1 1 0.756960
119 72 1 0 1 0.695380
119 73 1 1 1 0.536230
119 74 2 1 1 0.625420
119 75 1 0 0 1.052970
119 76 1 0 1 0.665590
119 77 1 1 1 0.843450
119 78 2 0 0 1.043420
119 79 1 1 0 1.110650
119 80 1 0 1 1.225130
119 81 2 0 1 1.079660
119 82 2 1 1 1.106080
119 83 1 1 1 0.750670
119 84 2 1 0 1.083100
119 85 1 0 0 0.950360
119 86 2 0 1 1.051070
119 87 2 1 0 0.941370
119 88 2 1 1 0.910250
119 89 1 1 1 0.581330
119 90 2 0 1 0.962860
119 92 2 0 1 1.155890
119 93 1 1 0 0.717910
119 94 1 1 1 0.658580
119 95 2 0 1 0.950130
119 96 2 1 1 1.251730
119 97 1 0 1 0.679070
119 99 2 0 1 0.972570
119 100 1 1 1 0.785980
119 101 2 0 1 1.230660
119 102 2 1 1 0.825100
119 103 1 1 1 0.544770
119 104 2 0 0 0.973460
119 105 1 1 0 1.060110
119 106 1 0 0 1.272790
119 107 1 0 1 0.636250
119 108 2 1 1 0.777560
119 109 1 0 1 0.654230
119 110 2 0 1 0.921680
119 111 2 0 1 1.031230
119 112 1 0 1 0.795720
119 114 1 0 1 0.932780
119 115 1 0 1 0.825390
119 116 2 1 1 0.771650
119 117 2 1 0 0.727930
119 118 2 0 0 0.595510
119 119 2 0 1 0.733900
119 120 2 1 1 0.726730
119 121 1 1 1 0.587350
119 122 1 0 1 0.608000
119 123 1 1 1 0.476620
119 124 1 0 1 0.517510
119 125 1 1 1 0.594090
119 126 1 0 1 0.510710
119 127 2 1 1 0.604340
119 128 1 0 1 0.648640
119 129 1 0 1 0.951730
119 130 2 0 0 1.241580
119 131 1 0 1 0.822260
119 132 2 1 0 0.945870
119 133 1 0 1 1.374410
119 134 1 0 1 0.768470
119 135 1 1 1 0.909110
119 136 2 1 0 0.814250
119 137 2 1 0 0.964930
119 138 2 1 1 1.097580
119 140 1 0 1 0.832180
119 141 1 0 0 0.802510
119 142 1 1 1 0.551140
119 143 1 1 1 0.681120
119 144 1 0 0 0.981810
119 145 2 1 1 0.970410
119 146 2 1 1 0.781860
119 147 2 1 0 1.050120
119 148 2 0 0 0.828440
119 149 1 1 0 1.284650
119 150 2 1 1 0.830640
119 151 2 1 1 0.698110
120 1 1 0 1 1.296520
120 2 2 0 0 1.269220
120 3 1 0 0 0.896210
120 5 2 0 0 0.864080
120 6 2 1 1 1.065450
120 7 2 0 1 1.420750
120 8 1 1 0 1.329000
120 9 2 1 1 0.941700
120 10 2 0 1 1.047000
120 11 2 0 0 1.083160
120 12 1 1 1 1.133590
120 13 1 1 1 1.169160
120 14 2 0 1 0.973610
120 15 1 0 1 1.121930
120 16 1 1 1 1.022520
120 17 2 0 1 1.081790
120 18 1 1 0 1.111710
120 20 1 1 0 1.365140
120 21 1 0 0 0.961790
120 22 1 1 1 0.855280
120 24 2 0 0 0.484870
120 25 1 0 0 1.297510
120 26 1 1 0 0.821060
120 27 2 1 1 1.161170
120 28 1 0 1 1.108730
120 29 1 1 0 1.025370
120 30 2 0 1 0.867340
120 31 1 1 1 0.806740
120 32 2 0 0 1.362370
120 33 2 1 0 1.093590
120 35 1 1 0 1.324470
120 36 2 1 1 1.004110
120 38 1 1 0 1.398670
120 40 1 0 0 1.377620
120 42 1 1 1 0.890870
120 44 2 0 1 1.117140
120 45 2 1 1 1.439180
120 47 1 1 0 1.117000
120 48 1 0 1 0.928370
120 49 2 0 1 0.997020
120 50 2 0 1 1.234330
120 51 1 0 0 0.740740
120 52 1 1 0 0.895070
120 53 1 1 0 0.852670
120 54 1 0 0 1.062700
120 55 1 1 0 1.057170
120 56 2 0 0 1.410020
120 57 2 1 1 1.437500
120 58 2 0 1 1.087870
120 59 2 0 1 1.225840
120 61 2 1 0 1.121980
120 62 2 1 0 1.150630
120 63 1 1 1 1.320600
120 64 1 0 0 0.869230
120 66 2 0 0 1.373250
120 67 2 0 0 0.745520
120 68 1 1 0 0.806190
120 69 1 0 1 0.545720
120 70 1 0 1 0.662430
120 71 2 1 1 0.944340
120 72 1 0 0 1.308990
120 73 2 1 1 0.892970
120 74 2 1 1 1.335080
120 75 1 0 0 0.819670
120 76 2 0 1 0.868500
120 77 2 1 1 0.853690
120 78 2 0 1 1.132710
120 80 1 1 1 0.691300
120 81 1 0 0 0.721140
120 82 2 0 1 1.028270
120 83 2 0 1 0.944840
120 84 1 1 0 0.844390
120 86 2 0 1 1.005240
120 87 1 0 1 0.623580
120 88 1 1 0 0.999360
120 89 2 0 0 1.095490
120 90 1 0 0 1.260110
120 91 2 0 1 1.007200
120 92 2 1 1 1.005080
120 93 2 0 1 1.103520
120 94 1 0 0 1.140800
120 95 1 0 0 0.720290
120 96 1 1 1 1.316980
120 98 2 0 1 1.433460
120 100 1 1 0 0.939560
120 102 1 1 0 0.923240
120 103 1 1 1 0.802270
120 105 1 0 0 0.990370
120 106 2 1 1 0.922990
120 107 1 0 0 0.598530
120 108 2 0 0 1.083130
120 109 1 0 0 0.912760
120 110 1 1 1 0.995910
120 111 2 0 0 0.800780
120 112 2 0 0 0.845090
120 113 2 0 0 1.457720
120 114 1 1 0 1.215020
120 116 1 1 0 0.700980
120 118 1 1 1 0.669800
120 119 2 1 1 0.728170
120 120 2 1 1 1.160390
120 122 1 0 0 0.890270
120 123 2 1 1 0.950970
120 124 1 0 0 0.992040
120 125 2 1 1 0.780430
120 126 1 1 1 0.649060
120 128 1 1 1 0.786320
120 129 1 1 1 0.802060
120 130 2 1 1 0.851190
120 132 2 1 1 1.020100
120 133 2 1 1 0.656680
120 135 2 1 1 0.879550
120 136 2 1 1 0.752610
120 137 1 0 0 0.719480
120 138 1 1 1 1.267850
120 139 2 0 0 1.208460
120 140 1 1 0 1.153710
120 141 2 0 0 0.844830
120 142 2 0 1 0.729480
120 143 2 0 0 1.234690
120 144 2 0 1 0.920220
120 145 1 1 0 0.668610
120 146 2 0 1 0.744220
120 148 1 0 1 0.655060
120 149 1 1 0 0.702980
120 150 2 0 1 0.696160
120 151 2 0 1 1.188390
120 152 2 1 0 0.881040
121 1 1 1 0 1.202540
121 2 2 1 1 0.815910
121 3 1 0 1 0.882280
121 4 1 1 0 1.095720
121 5 1 0 1 1.010140
121 6 1 0 0 1.059440
121 7 2 1 0 1.214370
121 8 2 0 0 1.019100
121 11 1 1 0 0.933210
121 12 2 1 1 1.087600
121 13 1 1 1 0.867000
121 14 1 0 1 0.919320
121 15 1 1 0 1.363860
121 16 2 0 0 1.160540
121 17 1 1 1 0.939740
121 18 2 0 1 1.353580
121 19 1 0 1 1.397860
121 20 1 0 1 0.967140
121 21 2 1 1 1.155610
121 23 2 1 1 1.098150
121 25 1 0 0 1.187370
121 26 2 1 0 1.151660
121 28 1 0 1 0.902580
121 29 2 0 1 0.995280
121 30 2 1 1 0.773220
121 31 1 0 1 1.216690
121 32 1 0 1 1.236240
121 33 2 0 0 1.039290
121 34 1 0 0 1.042780
121 35 2 1 1 1.110250
121 37 1 1 1 0.927330
121 38 2 1 1 0.769120
121 39 1 1 1 1.097610
121 40 1 1 0 1.107480
121 41 2 1 1 1.264170
121 42 1 1 1 0.916810
121 43 2 0 1 0.897440
121 44 2 0 0 0.998640
121 45 2 0 1 0.905130
121 46 1 0 1 0.867440
121 47 2 0 0 1.022540
121 48 1 1 1 0.994270
121 49 1 1 1 0.727560
121 51 2 0 1 1.070520
121 52 1 1 0 0.696970
121 53 1 0 0 0.734280
121 54 1 0 0 1.256620
121 55 2 1 1 1.043030
121 57 2 0 1 0.967340
121 58 1 1 1 0.801740
121 59 2 0 1 0.859780
121 60 1 0 1 0.776270
121 61 2 1 0 0.883880
121 62 1 1 1 0.921450
121 63 2 0 0 1.274450
121 64 1 1 1 0.871100
121 65 2 0 1 0.754530
121 66 1 1 1 0.766740
121 67 1 0 1 0.731460
121 68 2 0 1 1.440110
121 69 2 0 1 0.731530
121 70 2 1 0 0.977210
121 71 2 1 0 1.370140
121 72 2 1 1 1.462830
121 73 1 1 1 0.782540
121 74 1 1 1 1.048930
121 75 2 0 0 0.773450
121 76 1 0 0 1.158380
121 77 1 1 1 1.122750
121 78 1 0 1 0.720130
121 79 2 1 0 1.026560
121 80 1 1 1 1.455950
121 81 2 0 0 0.746380
121 82 1 1 1 0.707570
121 83 2 1 1 0.918710
121 84 2 0 1 1.043340
121 85 1 0 0 0.999930
121 86 2 1 1 0.738260
121 87 1 0 0 0.765440
121 88 2 0 0 0.975870
121 89 2 0 1 1.427260
121 90 1 1 1 1.271400
121 91 1 1 1 1.204120
121 92 1 1 1 0.912760
121 93 2 0 1 0.884030
121 94 1 0 1 0.682760
121 95 2 1 0 1.262090
121 96 1 0 1 0.815330
121 97 1 0 1 0.691940
121 100 1 0 1 1.111060
121 101 2 0 1 0.731650
121 102 2 1 1 0.839850
121 103 2 1 1 1.251360
121 104 1 1 1 0.854960
121 105 1 1 1 1.075530
121 106 2 1 1 0.677470
121 107 2 1 1 0.793080
121 108 1 0 1 0.732570
121 110 2 0 0 0.939140
121 111 2 0 1 0.830610
121 112 2 0 1 0.966320
121 113 2 1 1 0.871590
121 114 1 0 1 0.569420
121 115 2 0 1 0.986330
121 116 1 0 0 0.971750
121 117 2 0 0 0.936410
121 118 1 1 1 1.405040
121 119 2 1 1 1.034710
121 120 2 1 1 1.054950
121 121 1 1 0 0.705400
121 122 2 1 0 0.811820
121 123 1 1 1 0.678920
121 124 1 0 1 0.698570
121 125 1 0 1 0.799820
121 126 1 1 1 0.868540
121 127 2 1 1 0.822830
121 128 2 1 0 0.810250
121 129 1 0 1 0.702520
121 130 1 0 1 0.705000
121 131 1 1 1 0.931390
121 132 1 0 1 1.108150
121 133 2 0 0 0.975650
121 134 2 1 1 1.010130
121 135 1 1 1 0.876040
121 136 1 0 1 0.960620
121 137 2 0 1 1.348190
121 139 1 1 1 0.682770
121 140 2 0 1 1.047340
121 141 2 0 0 0.866940
121 142 2 0 0 0.839080
121 144 1 0 1 0.872430
121 146 2 0 1 0.729480
121 147 1 1 1 1.210420
121 148 1 0 0 0.967010
121 149 1 1 1 1.134710
121 150 2 1 1 1.249180
121 151 1 1 1 1.397850
121 152 2 1 1 0.742620
122 1 1 1 0 0.775260
122 2 1 1 1 0.722750
122 3 1 1 0 0.846920
122 4 1 0 1 1.153390
122 5 1 0 1 0.991880
122 6 2 1 1 0.915450
122 7 1 0 1 1.042360
122 10 2 0 1 1.331380
122 11 2 1 1 0.879670
122 12 2 0 1 0.749460
122 14 2 0 0 1.375490
122 15 1 1 0 0.828120
122 16 1 1 1 0.654470
122 18 2 0 1 1.103330
122 19 1 0 1 0.817680
122 20 1 1 0 0.551120
122 22 1 0 1 1.210810
122 24 2 0 1 0.890530
122 25 1 0 1 1.063190
122 30 1 0 0 1.425070
122 32 1 1 0 1.205390
122 33 1 0 1 1.056890
122 34 1 0 1 0.947110
122 36 1 1 0 1.353930
122 40 1 0 1 0.772930
122 42 1 1 0 1.269150
122 44 2 0 1 1.465490
122 47 1 0 0 1.099580
122 48 1 0 1 1.464230
122 52 1 1 0 0.561020
122 53 1 0 0 1.356480
122 54 2 0 1 1.432690
122 55 1 0 1 1.061390
122 57 1 1 1 0.938960
122 58 1 0 0 0.826000
122 59 1 1 1 0.927280
122 60 1 1 0 0.802810
122 61 1 1 1 1.022320
122 64 1 0 1 0.538730
122 65 2 1 1 1.469090
122 68 1 1 1 0.870050
122 69 1 0 1 0.761140
122 70 2 1 1 1.459520
122 71 2 1 1 0.832150
122 72 2 1 1 0.860720
122 73 1 1 1 1.170430
122 74 1 1 1 0.668460
122 75 1 0 0 1.239950
122 77 1 1 1 0.900920
122 79 1 0 0 0.800110
122 80 1 0 0 0.690500
122 81 1 1 1 0.905060
122 82 2 1 1 1.195490
122 83 1 1 1 1.176060
122 84 1 1 1 1.084350
122 85 2 0 1 1.103740
122 86 2 1 0 1.468420
122 87 2 1 1 1.254800
122 89 1 0 0 0.614670
122 90 1 0 1 0.611980
122 91 1 1 1 0.918350
122 92 1 1 1 0.621020
122 93 2 1 1 0.895410
122 95 1 1 1 0.607460
122 96 2 1 1 1.340750
122 97 2 1 1 1.040470
122 98 1 0 1 0.953200
122 99 2 1 1 1.070000
122 100 1 1 0 1.267350
122 101 1 0 0 0.576040
122 103 1 1 0 0.490160
122 104 2 1 1 0.958900
122 106 2 0 1 0.914160
122 107 1 0 1 0.798550
122 108 1 0 1 0.843030
122 109 2 0 1 1.407650
122 111 2 0 1 0.728640
122 112 1 1 0 0.692900
122 113 2 1 0 1.249620
122 116 1 1 1 0.812740
122 117 1 1 1 0.769430
122 118 2 1 0 1.012920
122 119 1 1 0 1.015310
122 120 2 0 1 0.968200
122 121 2 1 1 1.332840
122 122 1 0 1 1.097380
122 123 1 0 1 1.047020
122 124 2 0 1 1.022940
122 125 1 0 1 1.203490
122 126 1 0 1 1.128150
122 127 2 1 1 1.237400
122 128 1 0 1 1.162150
122 129 1 1 1 0.889190
122 130 1 0 1 0.763130
122 131 2 1 1 0.967710
122 132 1 1 1 0.875260
122 133 1 1 1 0.895910
122 134 1 0 1 0.801810
122 136 1 1 1 1.015670
122 137 1 0 0 0.958280
122 138 1 0 0 1.482930
122 139 2 1 0 1.071600
122 140 2 1 1 0.969470
122 141 1 1 0 1.211950
122 142 2 0 0 1.160570
122 144 2 0 1 0.607160
122 146 2 1 1 0.959250
122 147 2 0 0 1.219460
122 148 2 0 1 0.725830
122 150 2 0 1 0.600000
122 151 1 0 0 0.867510
123 2 2 1 1 0.981780
123 3 1 1 1 0.785330
123 5 1 0 1 0.906260
123 6 2 1 0 1.005900
123 7 2 0 1 0.820370
123 8 2 0 1 0.845670
123 9 2 1 0 1.009160
123 10 2 1 1 1.342500
123 11 2 1 0 1.417980
123 12 1 1 0 0.735850
123 13 1 0 0 0.757160
123 14 2 0 0 0.969880
123 15 2 1 0 0.710500
123 16 2 0 0 1.296890
123 17 2 0 1 1.046110
123 18 2 0 1 0.993730
123 19 1 0 1 0.908100
123 20 1 1 0 0.737560
123 22 2 1 1 0.805940
123 23 2 0 1 0.649450
123 24 2 0 0 0.804930
123 25 1 0 0 0.817570
123 26 1 1 0 0.620570
123 27 1 0 0 0.718990
123 28 2 0 1 0.703030
123 29 2 1 0 1.123320
123 30 1 1 0 1.003520
123 31 2 0 1 0.653420
123 32 1 0 0 0.759800
123 33 2 1 0 1.059350
123 34 2 1 0 1.293290
123 35 1 0 0 0.952760
123 37 2 0 0 1.134300
123 40 1 1 1 0.863430
123 41 2 0 0 1.468020
123 42 1 1 0 1.151420
123 43 2 1 0 0.880380
123 44 1 1 0 1.227850
123 45 2 0 1 1.246840
123 46 1 0 0 0.723610
123 47 1 0 0 1.133920
123 48 1 0 1 0.730600
123 49 2 0 0 0.977120
123 50 2 1 0 0.820680
123 51 2 0 0 0.773490
123 52 1 1 1 0.947450
123 53 2 1 0 1.183830
123 54 2 1 0 1.107190
123 55 1 1 0 0.999720
123 56 1 0 0 0.598620
123 57 1 0 0 0.789330
123 58 2 1 0 1.109080
123 59 1 0 0 0.825640
123 60 2 0 1 0.893180
123 61 1 1 1 0.872690
123 62 2 1 1 0.853950
123 63 1 1 0 0.705570
123 64 1 1 0 0.853040
123 65 1 0 0 0.567480
123 67 2 1 0 0.659790
123 68 1 1 0 0.864400
123 69 2 0 1 0.851520
123 70 2 1 1 0.621940
123 71 1 0 1 0.906500
123 72 2 0 0 0.784120
123 73 1 0 0 1.004400
123 74 1 1 0 0.998860
123 75 1 0 1 0.714430
123 76 1 1 1 0.669430
123 77 1 0 0 0.827940
123 78 2 1 1 0.730750
123 79 2 1 0 0.654170
123 80 1 0 0 0.697270
123 81 1 1 0 0.567130
123 82 1 1 0 0.906260
123 83 1 0 0 0.814880
123 84 2 0 1 0.586430
123 85 2 1 0 0.933850
123 86 2 0 1 0.843200
123 87 2 0 0 0.885500
123 88 2 0 0 0.853770
123 89 1 1 1 0.749410
123 90 2 0 0 0.898000
123 91 2 0 1 0.580520
123 92 1 0 0 0.835050
123 93 2 1 0 0.733410
123 94 1 0 0 1.018670
123 95 2 0 1 0.702270
123 96 1 0 0 0.722940
123 97 2 1 0 0.511310
123 98 2 0 0 0.687350
123 99 1 0 0 0.853040
123 100 2 0 1 0.521560
123 101 2 1 0 1.006120
123 103 1 0 0 1.000220
123 104 2 1 1 0.989680
123 105 1 0 0 0.796570
123 106 1 1 0 1.072920
123 107 2 0 0 0.900440
123 108 1 1 0 0.665010
123 109 1 0 0 0.661640
123 110 1 1 0 1.065800
123 111 2 1 0 0.694620
123 112 2 1 0 0.747000
123 114 1 0 0 0.973110
123 115 2 0 0 1.273640
123 116 1 0 0 0.962890
123 117 1 1 0 0.655510
123 118 1 1 0 0.811960
123 119 2 1 0 1.110020
123 120 2 1 0 0.894250
123 121 2 0 1 1.107760
123 122 1 1 0 0.720200
123 123 1 1 1 0.948780
123 124 1 0 0 1.052940
123 125 2 1 0 0.834220
123 126 2 0 0 0.934880
123 127 1 1 0 0.555420
123 128 1 1 1 0.848130
123 129 1 1 0 0.983850
123 130 2 1 0 0.737170
123 131 2 1 1 0.837830
123 132 1 0 0 0.698040
123 133 1 0 0 0.894580
123 134 2 1 0 0.743910
123 135 2 0 1 1.084510
123 136 1 1 0 1.014540
123 137 2 0 0 0.924410
123 138 1 1 0 1.289720
123 139 2 1 0 0.902350
123 140 2 0 0 0.567610
123 141 1 0 0 0.930870
123 143 2 1 1 1.096610
123 144 1 1 0 0.797210
123 145 2 0 1 0.666460
123 146 1 0 0 0.846030
123 147 1 1 0 1.089500
123 148 1 1 0 1.035980
123 149 2 1 0 1.164750
123 150 1 0 0 0.669980
123 151 2 0 1 1.178190
125 1 1 0 1 1.008330
125 2 1 0 0 0.941060
125 3 2 1 0 1.079420
125 5 2 0 0 1.103290
125 6 1 1 1 1.409230
125 8 1 0 0 1.040180
125 9 2 0 1 1.053810
125 10 1 1 0 1.166780
125 11 2 1 1 1.098270
125 12 2 0 1 0.828740
125 13 1 0 1 1.256920
125 14 1 0 0 1.084450
125 16 2 0 1 0.757720
125 17 2 1 0 1.336910
125 18 2 0 1 1.271470
125 19 1 0 1 1.379040
125 20 1 1 1 1.453250
125 22 1 0 0 1.334320
125 23 1 1 1 1.063300
125 24 1 1 0 1.124910
125 25 2 0 1 0.889260
125 27 1 0 0 0.816330
125 28 2 0 1 0.620420
125 29 2 1 1 1.097110
125 30 1 1 0 0.650490
125 31 1 1 0 0.677920
125 32 1 0 0 0.970160
125 33 2 1 1 0.772530
125 34 2 0 1 0.800100
125 35 1 0 1 0.892150
125 36 1 0 0 1.147160
125 37 1 0 1 1.181510
125 38 2 1 1 0.950490
125 39 1 0 0 1.327420
125 40 2 0 1 1.264790
125 41 1 0 0 1.293430
125 42 2 1 1 0.866600
125 43 2 0 0 0.895330
125 44 2 0 0 1.123980
125 45 2 0 1 0.982390
125 46 1 1 1 1.377390
125 47 1 1 0 1.203870
125 48 2 1 1 0.928180
125 49 1 1 1 0.772760
125 50 1 1 0 0.849400
125 51 1 0 0 1.196820
125 52 2 1 0 1.382870
125 53 2 0 1 1.355590
125 54 2 1 1 0.997960
125 55 2 1 0 1.337060
125 57 2 1 1 1.117710
125 58 2 1 1 0.879700
125 60 1 0 1 0.989710
125 61 2 1 1 1.025830
125 62 1 1 1 1.206450
125 63 1 0 0 1.111800
125 64 2 0 1 1.085260
125 66 2 1 1 0.948130
125 67 1 1 0 0.896680
125 68 2 0 1 0.878410
125 69 1 1 1 0.889470
125 70 2 0 1 0.694230
125 71 2 1 1 0.871430
125 72 1 1 0 1.333110
125 73 1 0 1 0.963790
125 74 1 0 0 1.038120
125 75 2 1 0 0.875490
125 77 1 1 1 0.936840
125 78 2 0 0 0.890110
125 79 2 0 0 1.038500
125 80 2 1 1 0.849790
125 81 1 1 1 1.043940
125 82 2 1 1 0.948100
125 83 1 1 0 0.888770
125 84 2 1 1 0.982350
125 85 1 1 0 1.078250
125 86 1 0 0 0.800600
125 87 1 0 1 0.718260
125 88 2 0 0 1.241370
125 90 2 1 1 1.073300
125 91 2 0 0 1.260810
125 92 1 1 1 0.992370
125 93 1 1 0 0.717900
125 94 2 0 0 0.920020
125 95 2 1 1 0.697260
125 96 2 0 0 1.140430
125 97 2 0 1 0.926750
125 98 2 1 1 0.766910
125 99 2 0 1 1.020350
125 100 2 1 1 1.038740
125 101 2 1 1 0.868140
125 102 2 1 1 0.944760
125 103 1 0 1 1.135760
125 104 2 0 0 0.811900
125 105 1 1 1 1.054330
125 106 2 1 0 0.838380
125 107 1 0 0 0.986740
125 108 2 0 1 1.013110
125 110 2 0 0 1.344490
125 111 2 1 1 0.948650
125 112 1 0 0 1.240210
125 113 2 0 0 1.004770
125 114 1 1 1 1.112350
125 115 1 0 1 0.722310
125 116 1 1 0 0.909810
125 117 2 1 1 1.306360
125 118 2 0 1 0.981940
125 119 2 1 0 1.265000
125 120 1 1 1 0.881180
125 122 1 0 1 0.619080
125 123 1 0 0 0.551780
125 124 1 0 0 0.921090
125 125 2 1 0 0.838700
125 126 2 1 1 0.971000
125 127 1 0 1 0.718450
125 129 1 1 1 0.666890
125 130 2 0 0 0.907000
125 131 1 1 1 1.247680
125 132 1 0 1 1.065510
125 133 2 1 0 0.942270
125 134 1 1 1 0.634900
125 135 1 0 0 1.006170
125 136 1 0 0 0.767170
125 137 1 1 0 0.791380
125 138 1 0 0 0.793290
125 139 1 1 1 1.333880
125 140 1 0 0 1.074610
125 142 1 1 0 0.794280
125 143 1 1 0 1.075570
125 144 2 0 1 0.792160
125 145 1 0 1 1.051270
125 146 1 0 0 0.878760
125 147 2 1 1 0.890310
125 148 2 1 1 1.193970
125 149 2 0 1 0.836370
125 150 1 0 0 0.945050
125 151 2 1 0 1.024770
128 1 2 0 1 0.730340
128 2 1 0 0 0.590870
128 3 2 1 0 0.897340
128 4 2 1 0 0.982770
128 5 2 0 1 0.774770
128 6 2 1 0 1.011100
128 7 1 0 0 0.693490
128 8 1 0 0 0.626140
128 9 1 0 0 0.527790
128 10 1 0 0 1.008680
128 11 1 1 1 1.012240
128 13 2 0 1 0.818730
128 14 2 1 0 0.974380
128 15 2 0 0 0.914900
128 16 2 0 1 1.392550
128 17 1 1 1 0.922820
128 18 1 0 0 1.241400
128 19 1 1 0 1.140870
128 20 1 0 0 0.614870
128 21 2 0 1 1.107510
128 22 2 1 1 1.168240
128 23 1 1 0 1.209230
128 24 2 0 0 1.246580
128 25 2 0 1 1.299230
128 26 2 0 0 0.942660
128 27 1 1 0 1.010150
128 28 2 1 1 1.062380
128 29 1 0 0 1.419020
128 30 1 0 0 0.716280
128 32 1 0 1 0.972040
128 34 1 0 0 0.937920
128 35 2 1 0 0.894120
128 36 1 1 1 0.885070
128 37 1 1 1 1.135080
128 38 1 1 0 1.296360
128 41 1 0 1 0.583880
128 42 2 0 1 0.700490
128 43 1 1 1 0.625230
128 44 1 1 1 0.725780
128 45 1 1 0 0.697150
128 46 2 1 0 0.851330
128 47 1 1 1 0.525710
128 49 1 1 1 0.638700
128 50 2 0 0 1.011310
128 51 1 0 1 0.846380
128 52 2 1 0 0.744770
128 53 2 1 1 0.901420
128 54 2 0 1 0.712720
128 55 1 0 1 0.714830
128 56 2 0 0 1.131030
128 57 2 0 0 1.015090
128 58 1 0 1 0.777650
128 59 2 1 1 0.898810
128 60 1 1 1 0.976430
128 61 2 1 0 0.915690
128 62 1 1 1 1.024300
128 63 2 1 0 0.993610
128 64 2 0 0 0.846840
128 65 2 1 1 1.106360
128 66 1 0 1 0.813980
128 67 1 1 1 0.650560
128 68 2 1 0 0.911860
128 69 1 0 0 0.691420
128 70 1 0 0 0.767990
128 71 2 1 1 1.121340
128 72 2 1 1 1.054620
128 73 2 1 1 1.005650
128 74 1 0 1 0.784020
128 75 2 0 1 0.813290
128 76 1 1 0 0.709510
128 77 1 0 0 0.649810
128 78 2 1 1 1.151080
128 79 2 1 1 1.249540
128 80 2 0 0 0.966950
128 81 1 0 1 0.801340
128 82 1 1 1 0.938570
128 83 2 0 1 0.933630
128 84 1 0 1 1.154340
128 85 1 0 0 0.726980
128 86 2 1 0 1.280190
128 87 1 1 1 0.772440
128 88 1 1 1 0.742820
128 89 1 1 1 0.754260
128 90 2 1 0 1.262450
128 91 2 1 1 1.411150
128 93 1 1 1 1.419060
128 94 2 1 0 1.040960
128 95 2 1 1 1.205090
128 96 1 0 0 0.870410
128 97 1 1 1 1.026980
128 98 1 1 1 1.032500
128 99 1 0 0 0.937470
128 100 2 0 1 1.222060
128 101 2 0 0 0.882700
128 102 1 0 1 0.878900
128 104 2 0 0 0.861910
128 105 2 1 0 1.242590
128 106 2 1 1 0.884520
128 107 2 0 0 1.432010
128 108 2 0 0 0.875570
128 109 1 0 0 1.326530
128 110 1 0 1 1.050170
128 111 1 0 1 0.933660
128 112 1 1 1 0.869320
128 113 2 0 1 1.438680
128 114 1 0 1 1.015860
128 115 1 1 0 0.384910
128 116 1 1 1 0.890780
128 117 1 0 0 1.167510
128 118 2 0 1 1.076120
128 119 1 0 1 0.928750
128 120 2 1 1 0.886020
128 121 1 0 1 0.744500
128 122 2 0 0 1.114760
128 123 2 0 0 0.981910
128 124 1 1 1 0.961510
128 125 2 0 0 1.150840
128 126 2 1 1 1.003530
128 127 2 1 1 1.437950
128 128 1 0 0 1.336340
128 129 2 1 0 1.077550
128 130 2 1 0 1.000080
128 131 2 1 1 1.146460
128 133 2 0 1 0.910750
128 134 2 1 1 0.913160
128 135 2 1 1 1.307090
128 137 1 0 1 0.739260
128 138 1 1 0 0.800850
128 139 2 0 1 0.929770
128 140 1 1 0 0.974400
128 141 2 1 1 0.929910
128 142 1 0 0 1.126170
128 143 1 1 1 1.010850
128 144 1 0 1 0.983450
128 145 2 1 1 0.938970
128 146 1 0 0 0.656520
128 147 2 1 1 1.001480
128 149 2 1 1 0.941880
128 150 1 1 1 1.056330
128 151 1 0 1 1.100920
128 152 1 0 0 0.693730
130 1 2 1 1 0.758870
130 2 1 0 0 0.618430
130 3 1 1 1 0.646540
130 4 2 0 0 0.896910
130 5 1 1 1 0.647520
130 7 2 0 1 1.169980
130 8 2 0 1 1.114950
130 9 1 1 0 1.110430
130 10 2 1 1 0.931090
130 11 1 1 1 0.775280
130 12 2 0 1 0.805130
130 13 2 1 1 0.937790
130 14 1 0 0 0.831150
130 15 1 1 1 0.683750
130 16 2 1 0 0.814150
130 17 1 1 1 1.090760
130 18 2 1 1 0.846950
130 19 1 1 1 0.945410
130 20 2 1 1 0.926890
130 21 1 0 0 0.794410
130 22 1 0 0 0.779460
130 23 2 1 1 1.230590
130 24 2 0 0 0.826180
130 25 1 1 0 0.958880
130 26 2 0 1 1.001880
130 27 1 0 1 1.028360
130 28 1 1 1 0.795360
130 29 2 1 1 0.736560
130 30 1 0 0 0.776770
130 31 2 1 1 0.882100
130 32 2 1 1 0.965100
130 34 2 0 1 0.650830
130 36 1 0 1 0.873690
130 37 2 0 1 0.674840
130 39 1 0 0 0.867890
130 40 2 0 1 0.924730
130 41 1 0 1 0.849390
130 42 2 0 0 1.012870
130 43 2 0 1 0.861680
130 44 1 1 0 1.009190
130 45 2 1 1 0.867560
130 46 1 0 1 0.968930
130 47 1 1 0 1.155290
130 48 2 0 0 0.728000
130 49 2 1 1 1.022530
130 50 2 1 0 1.026040
130 51 1 0 0 0.779130
130 52 2 0 0 0.800740
130 53 1 1 0 0.764340
130 54 2 1 1 0.848440
130 55 2 0 1 0.845150
130 56 1 0 0 0.611050
130 57 1 0 0 0.826770
130 58 2 0 0 0.618780
130 59 1 0 0 0.839150
130 61 1 1 0 0.774120
130 62 1 0 0 1.122730
130 63 1 1 0 0.879010
130 64 1 0 0 0.946480
130 65 2 1 0 0.636890
130 66 2 1 0 0.890440
130 67 2 0 1 0.697220
130 68 1 1 1 0.925800
130 69 1 1 1 1.240940
130 70 1 0 1 0.875320
130 71 1 0 0 0.599950
130 72 2 1 1 0.724620
130 73 1 0 0 0.713900
130 74 2 1 1 0.868350
130 75 2 0 0 0.799840
130 76 2 0 1 0.731120
130 77 1 1 0 0.933050
130 78 2 0 0 1.313690
130 79 2 1 1 0.700120
130 80 1 0 0 0.817560
130 81 2 1 0 1.275950
130 82 2 0 1 1.045780
130 83 2 0 0 0.656350
130 84 2 0 1 0.540950
130 85 2 1 1 0.569600
130 86 2 1 1 0.931490
130 87 1 0 0 0.663080
130 88 1 0 0 0.761440
130 90 2 0 0 0.545170
130 91 1 1 0 0.997730
130 93 1 1 1 0.853700
130 94 2 1 0 0.980190
130 95 2 1 0 1.183710
130 96 2 1 0 0.705050
130 97 1 1 0 1.078650
130 98 2 0 1 0.995160
130 99 1 1 0 1.188110
130 100 2 0 1 0.768710
130 101 2 0 0 0.686090
130 102 1 0 0 0.769560
130 103 2 1 1 0.765100
130 104 2 1 1 1.112530
130 105 1 1 1 0.837890
130 106 1 1 1 0.727150
130 107 2 1 0 1.098660
130 108 1 1 1 0.783220
130 109 1 1 1 0.729290
130 110 2 0 1 0.820790
130 111 1 0 1 1.320200
130 112 2 0 1 1.112030
130 113 2 0 0 0.993340
130 114 1 1 0 0.779240
130 115 1 1 0 0.772210
130 116 2 0 0 0.909540
130 117 1 1 0 0.682100
130 118 1 1 0 1.230820
130 119 1 1 0 0.692150
130 120 1 0 0 1.032720
130 121 1 1 1 0.795150
130 122 2 0 1 1.054530
130 123 2 0 1 0.728620
130 124 2 0 0 1.476970
130 125 1 0 0 0.689560
130 126 1 1 1 0.542260
130 127 1 0 1 0.568660
130 128 2 1 1 1.267690
130 129 1 0 0 0.792290
130 130 2 0 1 0.634770
130 132 2 0 0 1.133890
130 133 1 0 1 0.857430
130 135 2 1 1 0.733830
130 137 2 0 0 0.590860
130 138 1 0 0 0.611270
130 139 1 1 1 0.940550
130 140 2 0 1 0.849190
130 141 1 0 0 0.773310
130 142 1 0 0 0.624870
130 143 1 1 0 1.253560
130 144 2 1 1 0.626170
130 145 2 1 1 1.174650
130 146 1 0 1 0.682960
130 147 1 0 0 0.700240
130 148 1 1 0 0.848940
130 149 2 0 1 0.576650
130 150 1 0 0 0.715020
130 151 1 1 1 0.767670
130 152 2 1 1 0.744460
132 1 2 1 1 0.650390
132 2 2 0 1 0.878610
132 3 1 0 1 0.546130
132 4 2 1 0 0.572480
132 5 2 0 1 0.451070
132 6 1 0 0 0.502540
132 7 1 0 1 0.429210
132 8 1 1 1 0.422400
132 9 1 1 0 0.410000
132 10 2 1 1 0.599170
132 11 2 0 1 0.458750
132 12 2 0 0 0.481700
132 13 2 1 1 0.534010
132 14 1 0 1 0.434630
132 15 1 1 1 0.519280
132 16 2 0 1 0.417660
132 17 1 0 1 0.519000
132 18 2 1 1 0.826520
132 19 2 1 1 0.916850
132 20 2 1 1 0.754350
132 21 2 1 1 0.781890
132 22 1 0 1 0.638650
132 23 1 1 1 0.874260
132 24 1 0 1 0.733790
132 25 1 1 1 0.626410
132 26 2 1 1 0.781450
132 27 2 1 0 0.815810
132 29 2 0 0 1.060190
132 30 1 0 1 0.596350
132 31 2 0 1 0.790270
132 32 2 1 1 0.656700
132 33 1 0 1 0.748200
132 34 2 1 0 0.846120
132 35 2 1 0 0.633690
132 36 2 1 0 1.133140
132 37 1 0 1 0.903150
132 38 2 0 0 1.275870
132 39 1 0 0 1.064070
132 41 1 1 1 1.116910
132 42 2 0 1 1.089410
132 44 1 0 1 0.692780
132 45 2 1 0 0.559820
132 46 1 1 1 0.748430
132 47 2 0 1 0.518910
132 48 1 0 0 0.675480
132 49 1 0 1 0.498100
132 50 2 0 0 0.581570
132 51 1 0 1 0.550480
132 53 2 1 0 0.520820
132 54 1 0 1 0.548010
132 55 1 0 1 0.544740
132 56 2 1 1 0.639310
132 57 1 1 0 0.630300
132 58 1 1 1 0.582050
132 60 1 0 0 0.798170
132 61 1 0 1 0.817680
132 62 2 0 1 0.710940
132 63 2 1 1 0.738550
132 64 1 1 0 0.478010
132 65 2 0 1 0.641430
132 66 1 1 1 0.581810
132 67 2 0 1 0.500740
132 68 2 1 1 0.578440
132 69 1 0 1 0.748490
132 70 2 1 1 0.486820
132 71 1 0 0 0.547460
132 72 2 0 1 0.545120
132 73 1 1 0 0.741470
132 74 1 0 1 0.471860
132 75 1 1 1 0.563390
132 76 1 1 1 0.566400
132 77 1 1 1 0.617030
132 78 2 1 1 0.597130
132 79 2 1 0 0.496660
132 80 1 0 0 0.627090
132 81 1 1 1 0.537780
132 82 2 1 1 0.573210
132 83 1 1 1 0.611840
132 84 1 1 1 0.589080
132 85 2 1 1 0.472610
132 86 2 0 1 0.461880
132 88 1 1 1 0.567330
132 89 2 0 1 0.588640
132 90 2 0 0 0.505310
132 91 1 0 1 0.493870
132 92 1 0 1 0.360330
132 93 1 1 1 0.477880
132 94 2 1 1 0.625170
132 95 1 1 0 0.587570
132 96 1 0 1 0.625020
132 97 2 1 0 0.412590
132 98 2 0 1 0.573380
132 99 1 1 1 0.544850
132 100 2 0 1 0.540410
132 101 2 1 0 0.449050
132 102 2 0 1 0.716150
132 103 1 1 1 0.710540
132 104 2 0 1 0.766500
132 105 2 1 1 0.658880
132 106 2 1 0 0.659050
132 107 2 0 1 0.757000
132 108 1 0 1 0.647370
132 109 1 0 0 0.562840
132 110 2 0 1 0.484840
132 111 2 1 1 0.624300
132 112 2 0 1 0.435850
132 113 1 1 1 0.717970
132 114 2 0 1 0.546560
132 115 2 0 0 0.526980
132 116 1 0 1 0.462980
132 117 1 0 1 0.403490
132 118 1 0 1 0.375090
132 119 1 1 1 0.623900
132 121 1 1 1 0.542760
132 122 2 1 0 0.387130
132 123 2 1 0 0.397460
132 124 2 1 1 0.754230
132 125 1 0 1 0.648700
132 126 2 1 1 0.492240
132 127 1 1 0 0.653140
132 128 2 1 1 0.658970
132 129 1 0 1 0.671560
132 130 2 0 1 0.506690
132 131 1 0 0 0.767370
132 133 2 1 1 0.492990
132 134 1 0 1 0.468630
132 135 1 1 1 0.465410
132 136 2 0 1 0.604850
132 137 1 1 0 0.608370
132 138 1 0 1 0.669920
132 139 2 1 0 0.569230
132 140 1 1 0 0.564680
132 141 2 0 1 0.711160
132 143 1 1 0 0.723460
132 144 2 1 1 0.568120
132 145 1 0 1 0.443150
132 146 1 0 0 0.757580
132 147 1 1 1 0.530180
132 148 2 0 1 0.462850
132 149 1 0 1 0.588190
132 150 2 0 1 0.590600
132 151 2 1 1 0.570020
132 152 1 0 1 0.469090
134 1 1 0 0 1.299710
134 2 1 0 1 0.752040
134 3 1 1 1 0.914420
134 4 1 0 1 0.911940
134 5 2 0 0 0.842300
134 6 2 1 1 0.819590
134 7 2 1 0 0.870610
134 8 2 1 0 1.011230
134 9 2 1 0 1.135930
134 10 1 0 1 0.705860
134 11 1 0 1 0.837400
134 12 1 1 0 1.119700
134 13 2 0 0 0.763230
134 14 1 0 0 0.887430
134 15 1 0 0 0.916140
134 16 1 0 1 0.832780
134 17 2 0 1 0.731900
134 19 2 1 1 0.949980
134 20 2 1 1 0.703310
134 21 1 1 1 0.819870
134 22 1 0 1 0.905380
134 23 1 1 1 0.938400
134 24 2 1 0 0.639030
134 25 1 0 1 0.667620
134 26 2 0 1 0.775850
134 27 2 0 0 0.651410
134 28 1 1 0 0.670900
134 29 2 0 0 0.875480
134 30 1 0 1 0.613490
134 31 1 1 1 0.656930
134 32 1 1 0 0.620480
134 33 2 1 1 0.679530
134 34 1 1 1 0.803150
134 35 2 0 1 0.622660
134 36 1 0 1 0.774270
134 37 2 0 0 0.607540
134 39 1 1 1 0.634750
134 40 2 1 0 0.883830
134 41 2 1 1 0.880460
134 42 2 0 0 0.749020
134 43 1 1 0 0.842390
134 45 1 1 1 0.729390
134 46 2 0 1 0.755760
134 47 2 0 1 0.918860
134 48 1 0 1 0.595570
134 49 1 1 1 0.631840
134 50 1 0 1 0.596500
134 51 2 1 1 0.670930
134 53 1 1 0 0.710590
134 54 2 1 1 0.624960
134 55 1 0 1 0.715420
134 56 1 0 0 0.892160
134 57 1 1 1 0.871770
134 58 1 1 0 0.698730
134 59 2 1 1 0.604130
134 60 1 0 0 0.720620
134 61 2 0 0 0.620270
134 62 2 0 0 0.697510
134 63 2 1 1 0.914830
134 64 1 1 0 0.623500
134 65 2 1 0 1.268000
134 66 1 0 1 0.887190
134 67 1 1 0 0.747840
134 68 2 1 1 0.664470
134 69 2 1 0 0.603970
134 70 2 0 0 1.217330
134 71 2 1 1 1.178520
134 72 2 0 0 0.815180
134 73 2 1 1 0.734890
134 74 1 0 1 0.577310
134 76 2 0 1 0.614800
134 77 1 0 1 0.650450
134 78 1 1 1 0.606070
134 79 1 0 0 0.553530
134 81 2 0 1 0.650470
134 82 2 0 1 0.598720
134 83 2 0 0 0.660630
134 84 2 1 0 0.646570
134 85 1 1 1 0.554020
134 86 1 0 0 0.934740
134 87 1 1 1 0.666250
134 88 1 0 1 0.704870
134 89 1 0 0 0.685500
134 90 1 0 1 0.722110
134 91 2 1 0 1.087370
134 92 1 1 0 0.913870
134 93 2 0 1 1.046420
134 94 1 1 1 0.641980
134 95 1 0 1 0.637130
134 96 1 1 0 0.641850
134 97 2 0 1 0.749960
134 98 1 1 0 0.774180
134 99 2 0 1 0.729750
134 100 2 0 0 0.765940
134 101 2 0 0 1.226540
134 102 2 0 1 0.860960
134 103 2 1 0 1.391940
134 104 2 1 1 0.743090
134 105 2 1 1 0.795570
134 106 1 0 0 0.772560
134 107 2 1 0 0.557750
134 108 1 0 1 0.577160
134 109 2 0 0 0.564420
134 110 1 0 0 0.685560
134 111 2 0 0 0.561160
134 112 1 0 1 0.629290
134 113 1 1 0 0.606690
134 114 1 0 1 0.668010
134 115 1 1 1 0.511550
134 116 2 0 1 0.992620
134 117 2 1 1 0.588980
134 118 1 0 0 0.592540
134 119 1 0 0 0.569760
134 120 1 1 0 0.580900
134 121 2 1 1 0.567350
134 122 2 1 0 0.715970
134 123 2 0 0 0.751100
134 124 2 0 0 0.795590
134 125 1 1 0 0.665550
134 126 1 1 1 0.677800
134 127 2 1 0 0.621940
134 128 2 1 1 0.628540
134 130 1 0 1 0.667590
134 131 2 1 1 0.681090
134 132 1 0 0 0.582770
134 133 1 0 0 0.814460
134 134 2 1 0 0.685480
134 135 2 1 1 0.626130
134 136 2 1 1 0.902380
134 137 2 1 0 1.169850
134 138 1 0 0 1.094470
134 139 1 1 0 1.106040
134 141 2 0 0 0.744660
134 142 2 1 0 1.405210
134 143 1 1 1 0.876940
134 144 2 0 0 0.712870
134 145 2 1 0 0.795970
134 146 1 1 0 0.967060
134 148 2 1 0 0.752260
134 149 2 0 0 0.837000
134 150 1 1 0 0.615970
134 151 1 0 1 0.571560
134 152 1 0 0 0.757880
