StimNum	 Colley_original	 Colley_TiesRemoved	 Colley_TiesDuplicated	 Ranks_original	 Ranks_TiesRemoved	 Ranks_TiesDuplicated	 Wins	 Loses	 Total	 NoChoices
1	 3.399444e-01	 3.388610e-01	 3.260147e-01	 46	 46	 43	 2	 8	 10	 0
2	 8.873128e-01	 8.872532e-01	 8.727797e-01	 3	 3	 3	 8	 2	 10	 0
3	 3.938321e-01	 3.937013e-01	 3.787561e-01	 37	 37	 37	 3	 7	 10	 0
4	 2.019916e-01	 1.988277e-01	 1.841770e-01	 54	 54	 54	 1	 9	 10	 0
5	 3.722057e-01	 3.717710e-01	 3.589459e-01	 41	 40	 39	 3	 7	 10	 0
6	 3.874106e-01	 3.867970e-01	 3.727502e-01	 39	 39	 38	 3	 7	 10	 0
7	 2.161533e-01	 2.158743e-01	 1.988248e-01	 53	 53	 53	 2	 8	 10	 0
8	 4.999984e-01	 5.066426e-01	 4.410753e-01	 30	 29	 32	 5	 4	 9	 1
9	 1.758015e-01	 1.748502e-01	 1.601951e-01	 57	 57	 57	 1	 9	 10	 0
10	 3.745961e-01	 3.444803e-01	 3.248799e-01	 40	 44	 44	 2	 7	 9	 1
11	 4.258976e-01	 4.257660e-01	 4.104507e-01	 35	 35	 34	 4	 6	 10	 0
12	 6.628584e-02	 6.749196e-02	 4.861083e-02	 60	 60	 60	 0	 10	 10	 0
13	 3.532704e-01	 3.534700e-01	 3.401531e-01	 44	 43	 42	 3	 7	 10	 0
14	 4.786531e-01	 4.785249e-01	 4.601154e-01	 32	 32	 31	 4	 6	 10	 0
15	 2.849998e-01	 2.851631e-01	 2.700636e-01	 47	 47	 47	 2	 8	 10	 0
16	 7.307034e-02	 7.372691e-02	 5.665583e-02	 59	 59	 59	 0	 10	 10	 0
17	 5.887261e-01	 5.882486e-01	 5.766032e-01	 25	 25	 25	 5	 5	 10	 0
18	 2.513882e-01	 2.543849e-01	 2.292095e-01	 49	 49	 49	 3	 7	 10	 0
19	 2.329682e-01	 2.301084e-01	 2.124809e-01	 51	 52	 51	 2	 8	 10	 0
20	 5.049833e-01	 5.043279e-01	 4.895420e-01	 29	 30	 28	 5	 5	 10	 0
21	 2.318499e-01	 2.347599e-01	 2.034247e-01	 52	 51	 52	 2	 8	 10	 0
22	 8.260429e-01	 8.231317e-01	 8.096913e-01	 4	 4	 4	 9	 1	 10	 0
23	 3.431798e-01	 3.425390e-01	 3.227498e-01	 45	 45	 46	 4	 6	 10	 0
24	 3.716002e-01	 3.705865e-01	 3.237925e-01	 42	 41	 45	 4	 5	 9	 1
25	 8.221596e-01	 8.230308e-01	 8.069065e-01	 5	 5	 5	 9	 1	 10	 0
26	 4.409241e-01	 4.344293e-01	 3.887973e-01	 34	 34	 36	 5	 4	 9	 1
27	 4.155504e-01	 4.147530e-01	 3.971010e-01	 36	 36	 35	 4	 6	 10	 0
28	 3.917273e-01	 3.912397e-01	 3.413114e-01	 38	 38	 41	 4	 5	 9	 1
29	 6.590687e-01	 6.594197e-01	 6.376929e-01	 18	 18	 17	 6	 4	 10	 0
30	 6.353497e-01	 6.349909e-01	 6.220671e-01	 20	 20	 19	 7	 3	 10	 0
31	 6.412890e-01	 6.417729e-01	 6.283171e-01	 19	 19	 18	 7	 3	 10	 0
32	 7.096815e-01	 7.128635e-01	 6.846872e-01	 14	 15	 14	 7	 3	 10	 0
33	 7.440073e-01	 7.471026e-01	 7.219893e-01	 12	 12	 12	 7	 3	 10	 0
34	 5.341910e-01	 5.311999e-01	 5.114414e-01	 27	 27	 27	 6	 4	 10	 0
35	 4.821121e-01	 4.821842e-01	 4.689221e-01	 31	 31	 30	 5	 5	 10	 0
36	 5.778431e-01	 5.788570e-01	 5.607401e-01	 26	 26	 26	 6	 4	 10	 0
37	 8.335807e-02	 8.355963e-02	 7.058943e-02	 58	 58	 58	 0	 10	 10	 0
38	 6.856393e-01	 7.160079e-01	 6.137925e-01	 16	 14	 21	 7	 2	 9	 1
39	 8.074265e-01	 8.073059e-01	 7.945907e-01	 6	 6	 6	 10	 0	 10	 0
40	 7.672378e-01	 7.668643e-01	 7.550087e-01	 10	 9	 9	 9	 1	 10	 0
41	 7.572692e-01	 7.578633e-01	 7.430938e-01	 11	 11	 11	 9	 1	 10	 0
42	 1.863120e-01	 1.890786e-01	 1.679740e-01	 56	 56	 56	 2	 8	 10	 0
43	 7.315898e-01	 7.312242e-01	 7.193288e-01	 13	 13	 13	 7	 3	 10	 0
44	 3.636019e-01	 3.635333e-01	 3.487489e-01	 43	 42	 40	 3	 7	 10	 0
45	 6.247871e-01	 6.243947e-01	 6.130258e-01	 22	 22	 22	 6	 4	 10	 0
46	 6.314459e-01	 6.323331e-01	 6.145389e-01	 21	 21	 20	 6	 4	 10	 0
47	 2.391559e-01	 2.393825e-01	 2.256580e-01	 50	 50	 50	 2	 8	 10	 0
48	 7.681479e-01	 7.648868e-01	 7.489689e-01	 9	 10	 10	 9	 1	 10	 0
49	 7.972398e-01	 7.947541e-01	 7.823375e-01	 7	 7	 7	 9	 1	 10	 0
50	 1.974672e-01	 1.977320e-01	 1.819012e-01	 55	 55	 55	 2	 8	 10	 0
51	 6.067220e-01	 6.091225e-01	 5.846907e-01	 24	 24	 24	 6	 4	 10	 0
52	 8.981371e-01	 8.957150e-01	 8.815447e-01	 2	 2	 2	 9	 1	 10	 0
53	 6.147150e-01	 6.149245e-01	 5.979889e-01	 23	 23	 23	 7	 3	 10	 0
54	 7.746982e-01	 7.744823e-01	 7.613849e-01	 8	 8	 8	 9	 1	 10	 0
55	 2.621731e-01	 2.621153e-01	 2.464620e-01	 48	 48	 48	 2	 8	 10	 0
56	 6.932386e-01	 6.933401e-01	 6.788095e-01	 15	 16	 15	 7	 3	 10	 0
57	 9.326583e-01	 9.323297e-01	 9.208485e-01	 1	 1	 1	 10	 0	 10	 0
58	 5.101897e-01	 5.131997e-01	 4.885729e-01	 28	 28	 29	 5	 5	 10	 0
59	 4.538564e-01	 4.561555e-01	 4.361816e-01	 33	 33	 33	 5	 5	 10	 0
60	 6.768672e-01	 6.765634e-01	 6.652196e-01	 17	 17	 16	 6	 4	 10	 0
