108	0	2	1	1	2	8.0253	0	0	49	45	1	0	2	0	830.13	2.56	2.62
108	0	2	1	1	4	16.018	0	0	53	48	0	0	2	1	917.77	1.58	2.58
108	0	2	1	1	6	36.023	0	0	16	18	1	1	1	1	1232	5.89	5.87
108	0	2	1	1	8	42.013	0	0	11	15	1	1	1	1	1266	6.87	5.93
108	0	2	1	1	10	54.01	0	0	44	43	0	0	2	1	853.59	2.71	2.78
108	0	2	1	1	12	61.018	0	0	49	44	1	0	2	0	1093.4	2.56	2.71
108	0	2	1	1	14	76.018	0	0	52	54	0	999	2	999	9.99e+05	1.62	1.58
108	0	2	1	1	16	84.01	0	0	10	11	0	0	1	1	725.27	6.93	6.87
108	0	2	1	1	18	92.019	0	0	7	14	0	1	1	0	1308	7.02	5.96
108	0	2	1	1	20	103.02	0	0	13	16	0	0	1	1	712.32	6	5.89
108	0	2	1	1	22	115.01	0	0	44	54	0	0	2	1	1075.5	2.71	1.58
108	0	2	1	1	24	130.01	0	0	48	52	1	1	2	1	867.41	2.58	1.62
108	0	2	1	1	26	136.02	0	0	54	50	1	0	2	0	764.7	1.58	1.64
108	0	2	1	1	28	148.02	0	0	47	51	0	0	2	1	735.9	2.6	1.64
108	0	2	1	1	30	161.01	0	0	51	53	1	1	2	1	1114.1	1.64	1.58
108	0	2	1	1	32	169.02	0	0	12	16	0	0	1	1	881.12	6.07	5.89
108	0	2	1	1	34	188.01	0	0	9	15	1	1	1	1	1197.2	7	5.93
108	0	2	1	1	36	196.02	0	0	47	46	0	1	2	0	1188.2	2.6	2.62
108	0	2	1	1	38	203.01	0	0	14	10	1	0	1	0	821.38	5.96	6.93
108	0	2	1	1	40	213.02	0	0	43	53	1	1	2	1	1017.8	2.78	1.58
108	0	2	1	1	42	220.01	0	0	48	47	1	0	2	0	914.68	2.58	2.6
108	0	2	1	1	44	232.01	0	0	11	7	1	0	1	0	1470.2	6.87	7.02
108	0	2	1	1	46	238.02	0	0	12	9	0	1	1	0	1095.3	6.07	7
108	0	2	1	1	48	247.01	0	0	8	18	1	1	1	1	998.02	7.02	5.87
108	0	2	1	1	50	253.02	0	0	44	48	0	0	2	1	711.11	2.71	2.58
108	0	2	1	1	52	260.02	0	0	18	11	0	0	1	1	871.22	5.87	6.87
108	0	2	1	1	54	275.02	0	0	7	16	0	0	1	1	1175.1	7.02	5.89
108	0	2	1	1	56	284.02	0	0	45	43	0	1	2	0	1077.5	2.62	2.78
108	0	2	1	1	58	290.02	0	0	53	49	0	0	2	1	1159	1.58	2.56
108	0	2	1	1	60	301.02	0	0	46	52	1	0	2	0	1275.3	2.62	1.62
108	0	2	1	1	62	314.02	0	0	45	48	0	0	2	1	749.48	2.62	2.58
108	0	2	1	1	64	320.02	0	0	8	12	1	1	1	1	1062.7	7.02	6.07
108	0	2	1	1	66	328.02	0	0	7	17	0	0	1	1	998.48	7.02	5.89
108	0	2	1	1	68	337.01	0	0	51	45	1	0	2	0	701.39	1.64	2.62
108	0	2	1	1	70	346.02	0	0	47	54	0	1	2	0	898.96	2.6	1.58
108	0	2	1	1	72	358.02	0	0	48	50	1	1	2	1	998.24	2.58	1.64
108	0	2	1	1	74	366.01	0	0	12	11	0	1	1	0	1014.2	6.07	6.87
108	0	2	1	1	76	378.02	0	0	7	9	0	0	1	1	560.5	7.02	7
108	0	2	2	1	2	6.0234	0	0	52	43	0	0	2	1	1027.3	1.62	2.78
108	0	2	2	1	4	15.017	0	0	52	49	0	1	2	0	889.96	1.62	2.56
108	0	2	2	1	6	28.014	0	0	49	45	1	0	2	0	780.3	2.56	2.62
108	0	2	2	1	8	43.014	0	0	51	53	1	1	2	1	1012.3	1.64	1.58
108	0	2	2	1	10	50.023	0	0	11	12	1	0	1	0	884.07	6.87	6.07
108	0	2	2	1	12	63.021	0	0	15	16	0	1	1	0	902.23	5.93	5.89
108	0	2	2	1	14	69.027	0	0	54	45	1	0	2	0	791.48	1.58	2.62
108	0	2	2	1	16	77.02	0	0	14	18	1	1	1	1	823.2	5.96	5.87
108	0	2	2	1	18	84.027	0	0	48	47	1	1	2	1	895.38	2.58	2.6
108	0	2	2	1	20	99.028	0	0	14	7	1	0	1	0	1239.3	5.96	7.02
108	0	2	2	1	22	110.02	0	0	52	46	0	0	2	1	1331.6	1.62	2.62
108	0	2	2	1	24	118.02	0	0	17	15	1	0	1	0	891.3	5.89	5.93
108	0	2	2	1	26	126.02	0	0	49	44	1	0	2	0	994.37	2.56	2.71
108	0	2	2	1	28	139.02	0	0	53	48	0	0	2	1	692.54	1.58	2.58
108	0	2	2	1	30	149.02	0	0	50	51	0	0	2	1	1058	1.64	1.64
108	0	2	2	1	32	160.03	0	0	11	13	1	1	1	1	1277.7	6.87	6
108	0	2	2	1	34	170.02	0	0	53	49	0	1	2	0	907.12	1.58	2.56
108	0	2	2	1	36	178.02	0	0	14	15	1	1	1	1	1002.8	5.96	5.93
108	0	2	2	1	38	194.02	0	0	45	43	0	1	2	0	857.64	2.62	2.78
108	0	2	2	1	40	205.03	0	0	13	16	0	0	1	1	1397.3	6	5.89
108	0	2	2	1	42	212.02	0	0	8	13	1	1	1	1	630.2	7.02	6
108	0	2	2	1	44	223.02	0	0	46	47	1	0	2	0	954.43	2.62	2.6
108	0	2	2	1	46	231.03	0	0	6	55	1	1	4	1	745.58	7.04	1.58
108	0	2	2	1	48	239.02	0	0	43	53	1	1	2	1	873.22	2.78	1.58
108	0	2	2	1	50	252.02	0	0	50	48	0	0	2	1	723.65	1.64	2.58
108	0	2	2	1	52	268.02	0	0	16	7	1	1	1	1	962.17	5.89	7.02
108	0	2	2	1	54	276.03	0	0	16	12	1	0	1	0	1089.2	5.89	6.07
108	0	2	2	1	56	288.02	0	0	12	8	0	0	1	1	548.38	6.07	7.02
108	0	2	2	1	58	304.02	0	0	48	52	1	1	2	1	835.15	2.58	1.62
108	0	2	2	1	60	311.01	0	0	51	45	1	0	2	0	740.31	1.64	2.62
108	0	2	2	1	62	318.02	0	0	50	49	0	1	2	0	860.18	1.64	2.56
108	0	2	2	1	64	326.01	0	0	12	14	0	0	1	1	820.14	6.07	5.96
108	0	2	2	1	66	334.02	0	0	47	51	0	0	2	1	1242.9	2.6	1.64
108	0	2	2	1	68	345.02	0	0	44	48	0	0	2	1	671.33	2.71	2.58
108	0	2	2	1	70	355.01	0	0	45	48	0	0	2	1	613.1	2.62	2.58
108	0	2	2	1	72	361.02	0	0	54	52	1	999	2	999	9.99e+05	1.58	1.62
108	0	2	2	1	74	369.03	0	0	47	49	0	1	2	0	821.13	2.6	2.56
108	0	2	2	1	76	378.02	0	0	8	10	1	1	1	1	747.74	7.02	6.93
