112	0	2	1	1	2	5.0048	0	0	48	44	1	1	2	1	695.13	1.67	2.11
112	0	2	1	1	4	20.005	0	0	43	44	1	1	2	1	975	2.13	2.11
112	0	2	1	1	6	31.018	0	0	48	52	1	0	2	0	1050.3	1.67	1.62
112	0	2	1	1	8	39.01	0	0	7	8	0	1	1	0	1002	4.78	4.78
112	0	2	1	1	10	48.02	0	0	45	48	0	0	2	1	1064	2.09	1.67
112	0	2	1	1	12	57.013	0	0	13	16	0	1	1	0	1118.5	4.2	3.8
112	0	2	1	1	14	65.005	0	0	12	9	0	1	1	0	950.55	4.22	4.78
112	0	2	1	1	16	71.012	0	0	13	8	0	0	1	1	1111.5	4.2	4.78
112	0	2	1	1	18	92.019	0	0	15	8	0	0	1	1	1016.6	3.82	4.78
112	0	2	1	1	20	102.01	0	0	46	52	1	1	2	1	1134	1.69	1.62
112	0	2	1	1	22	115.01	0	0	9	10	1	1	1	1	1008.2	4.78	4.78
112	0	2	1	1	24	132.01	0	0	53	48	0	1	2	0	1221.8	1.62	1.67
112	0	2	1	1	26	139.01	0	0	43	45	1	1	2	1	1078.8	2.13	2.09
112	0	2	1	1	28	147.01	0	0	50	49	0	1	2	0	829.65	1.67	1.67
112	0	2	1	1	30	156.01	0	0	13	14	0	0	1	1	1092.2	4.2	3.84
112	0	2	1	1	32	164.02	0	0	46	53	1	1	2	1	1059.2	1.69	1.62
112	0	2	1	1	34	173.01	0	0	55	6	0	0	4	1	1017.8	1.6	4.8
112	0	2	1	1	36	185.01	0	0	50	43	0	1	2	0	828.99	1.67	2.13
112	0	2	1	1	38	197.02	0	0	49	47	1	0	2	0	951.51	1.67	1.67
112	0	2	1	1	40	217.01	0	0	43	47	1	1	2	1	890.47	2.13	1.67
112	0	2	1	1	42	223.02	0	0	9	18	1	1	1	1	715.73	4.78	3.76
112	0	2	1	1	44	229.01	0	0	47	51	0	1	2	0	941.71	1.67	1.62
112	0	2	1	1	46	239.02	0	0	11	18	1	1	1	1	762.5	4.76	3.76
112	0	2	1	1	48	255.02	0	0	16	15	1	0	1	0	961.3	3.8	3.82
112	0	2	1	1	50	261.01	0	0	49	45	1	0	2	0	835.16	1.67	2.09
112	0	2	1	1	52	271.02	0	0	11	13	1	1	1	1	959.96	4.76	4.2
112	0	2	1	1	54	279.01	0	0	13	17	0	1	1	0	1167.7	4.2	3.78
112	0	2	1	1	56	291.01	0	0	11	10	1	1	1	1	1090.9	4.76	4.78
112	0	2	1	1	58	300.02	0	0	51	53	1	1	2	1	824.78	1.62	1.62
112	0	2	1	1	60	309.01	0	0	8	12	1	0	1	0	847.44	4.78	4.22
112	0	2	1	1	62	316.02	0	0	9	7	1	1	1	1	607.47	4.78	4.78
112	0	2	1	1	64	325.01	0	0	7	16	0	1	1	0	814.18	4.78	3.8
112	0	2	1	1	66	333.01	0	0	45	54	0	1	2	0	1158.1	2.09	1.6
112	0	2	1	1	68	339.01	0	0	15	14	0	0	1	1	983.14	3.82	3.84
112	0	2	1	1	70	346.02	0	0	14	10	1	0	1	0	1255.3	3.84	4.78
112	0	2	1	1	72	355.01	0	0	44	54	0	0	2	1	805.83	2.11	1.6
112	0	2	1	1	74	368.01	0	0	12	11	0	0	1	1	1240.1	4.22	4.76
112	0	2	1	1	76	378.01	0	0	10	16	0	1	1	0	933.51	4.78	3.8
112	0	2	2	1	2	6.0067	0	0	54	53	1	0	2	0	696	1.6	1.62
112	0	2	2	1	4	15.017	0	0	14	18	1	0	1	0	997.93	3.84	3.76
112	0	2	2	1	6	28.015	0	0	17	10	1	1	1	1	1176	3.78	4.78
112	0	2	2	1	8	43.015	0	0	48	44	1	999	2	999	9.99e+05	1.67	2.11
112	0	2	2	1	10	50.006	0	0	7	14	0	0	1	1	1160.8	4.78	3.84
112	0	2	2	1	12	63.004	0	0	51	44	1	1	2	1	802.82	1.62	2.11
112	0	2	2	1	14	69.011	0	0	14	15	1	999	1	999	9.99e+05	3.84	3.82
112	0	2	2	1	16	77.003	0	0	48	47	1	0	2	0	1004.1	1.67	1.67
112	0	2	2	1	18	84.011	0	0	49	52	1	0	2	0	907.92	1.67	1.62
112	0	2	2	1	20	99.011	0	0	16	13	1	0	1	0	659.81	3.8	4.2
112	0	2	2	1	22	110.01	0	0	52	54	0	1	2	0	880.18	1.62	1.6
112	0	2	2	1	24	118.02	0	0	43	45	1	1	2	1	1247.2	2.13	2.09
112	0	2	2	1	26	126.01	0	0	49	50	1	0	2	0	894.87	1.67	1.67
112	0	2	2	1	28	139.01	0	0	46	53	1	1	2	1	1081	1.69	1.62
112	0	2	2	1	30	149.02	0	0	53	51	0	0	2	1	981.83	1.62	1.62
112	0	2	2	1	32	160.01	0	0	6	55	1	1	4	1	1026.2	4.8	1.6
112	0	2	2	1	34	170.01	0	0	10	14	0	1	1	0	1199.6	4.78	3.84
112	0	2	2	1	36	178.02	0	0	44	43	0	0	2	1	918.64	2.11	2.13
112	0	2	2	1	38	194.02	0	0	11	18	1	0	1	0	1221.5	4.76	3.76
112	0	2	2	1	40	205.01	0	0	45	46	0	0	2	1	657.74	2.09	1.69
112	0	2	2	1	42	212	0	0	15	17	0	0	1	1	890.55	3.82	3.78
112	0	2	2	1	44	223.02	0	0	54	47	1	0	2	0	934.25	1.6	1.67
112	0	2	2	1	46	231.01	0	0	14	12	1	0	1	0	1150	3.84	4.22
112	0	2	2	1	48	239.02	0	0	50	51	0	1	2	0	1053	1.67	1.62
112	0	2	2	1	50	252.02	0	0	8	18	1	0	1	0	767.04	4.78	3.76
112	0	2	2	1	52	268.02	0	0	18	16	0	1	1	0	941.86	3.76	3.8
112	0	2	2	1	54	276.01	0	0	51	47	1	0	2	0	1117.6	1.62	1.67
112	0	2	2	1	56	288.01	0	0	43	53	1	0	2	0	1000.8	2.13	1.62
112	0	2	2	1	58	304.01	0	0	18	17	0	1	1	0	1159.5	3.76	3.78
112	0	2	2	1	60	311.01	0	0	18	9	0	0	1	1	695.69	3.76	4.78
112	0	2	2	1	62	318.01	0	0	56	5	0	0	4	1	744.53	0.96	4.8
112	0	2	2	1	64	326.02	0	0	44	49	0	0	2	1	919.6	2.11	1.67
112	0	2	2	1	66	334.01	0	0	17	12	1	0	1	0	919.21	3.78	4.22
112	0	2	2	1	68	345	0	0	12	16	0	1	1	0	763.95	4.22	3.8
112	0	2	2	1	70	355.01	0	0	8	10	1	0	1	0	736.46	4.78	4.78
112	0	2	2	1	72	361	0	0	12	11	0	1	1	0	818.37	4.22	4.76
112	0	2	2	1	74	369.01	0	0	52	46	0	0	2	1	825.38	1.62	1.69
112	0	2	2	1	76	378.01	0	0	7	11	0	1	1	0	919.95	4.78	4.76
