105	0	1	1	1	2	8.008	0	0	43	50	0	0	2	1	1378.8	5.33	2.2
105	0	1	1	1	4	16.017	0	0	17	13	0	0	1	1	865.75	7.49	7.6
105	0	1	1	1	6	36.006	0	0	45	54	1	1	2	1	1036.9	4.89	0.6
105	0	1	1	1	8	42.013	0	0	52	51	1	0	2	0	1077.9	1.11	1.62
105	0	1	1	1	10	54.01	0	0	51	45	0	0	2	1	633.16	1.62	4.89
105	0	1	1	1	12	61.017	0	0	18	17	1	1	1	1	937.26	7.09	7.49
105	0	1	1	1	14	76.018	0	0	46	50	0	1	2	0	857.07	4.84	2.2
105	0	1	1	1	16	84.01	0	0	54	47	0	0	2	1	656.75	0.6	4.82
105	0	1	1	1	18	92.019	0	0	11	13	0	0	1	1	831.77	8.02	7.6
105	0	1	1	1	20	103.01	0	0	52	46	1	0	2	0	708.11	1.11	4.84
105	0	1	1	1	22	115.01	0	0	8	10	0	0	1	1	799.32	8.04	8.02
105	0	1	1	1	24	130.01	0	0	48	47	0	0	2	1	1007.4	3.78	4.82
105	0	1	1	1	26	136.02	0	0	18	11	1	1	1	1	832.37	7.09	8.02
105	0	1	1	1	28	148.02	0	0	43	45	0	0	2	1	899.59	5.33	4.89
105	0	1	1	1	30	161.01	0	0	53	43	1	0	2	0	1021.7	0.69	5.33
105	0	1	1	1	32	169.02	0	0	51	44	0	0	2	1	604.72	1.62	4.91
105	0	1	1	1	34	188.01	0	0	46	47	0	0	2	1	792.74	4.84	4.82
105	0	1	1	1	36	196.02	0	0	11	10	0	0	1	1	847.75	8.02	8.02
105	0	1	1	1	38	203.01	0	0	14	15	0	0	1	1	928.54	7.56	7.56
105	0	1	1	1	40	213	0	0	17	7	0	0	1	1	934.22	7.49	8.07
105	0	1	1	1	42	220.01	0	0	8	12	0	0	1	1	862.09	8.04	7.98
105	0	1	1	1	44	232.01	0	0	15	9	1	1	1	1	865.25	7.56	8.02
105	0	1	1	1	46	238.02	0	0	16	15	0	999	1	999	9.99e+05	7.53	7.56
105	0	1	1	1	48	247.01	0	0	47	49	1	1	2	1	897.18	4.82	2.71
105	0	1	1	1	50	253.02	0	0	8	18	0	0	1	1	650.35	8.04	7.09
105	0	1	1	1	52	260.01	0	0	14	18	0	1	1	0	891.24	7.56	7.09
105	0	1	1	1	54	275.01	0	0	11	15	0	0	1	1	691.06	8.02	7.56
105	0	1	1	1	56	284.02	0	0	5	56	1	1	4	1	1000.9	8.51	0.58
105	0	1	1	1	58	290.01	0	0	10	9	1	1	1	1	778.82	8.02	8.02
105	0	1	1	1	60	301.02	0	0	53	51	1	0	2	0	1022.6	0.69	1.62
105	0	1	1	1	62	314.02	0	0	8	13	0	0	1	1	752.69	8.04	7.6
105	0	1	1	1	64	320.01	0	0	53	48	1	0	2	0	1130.6	0.69	3.78
105	0	1	1	1	66	328.02	0	0	7	16	1	1	1	1	801.52	8.07	7.53
105	0	1	1	1	68	337.01	0	0	11	12	0	0	1	1	944.15	8.02	7.98
105	0	1	1	1	70	346.02	0	0	10	16	1	1	1	1	798.04	8.02	7.53
105	0	1	1	1	72	358.02	0	0	13	16	1	0	1	0	1329.3	7.6	7.53
105	0	1	1	1	74	366.01	0	0	13	14	1	0	1	0	1472.9	7.6	7.56
105	0	1	1	1	76	378.01	0	0	54	53	0	0	2	1	644.06	0.6	0.69
105	0	1	2	1	2	10.028	0	0	45	48	1	1	2	1	692.48	4.89	3.78
105	0	1	2	1	4	19.021	0	0	48	52	0	1	2	0	891.03	3.78	1.11
105	0	1	2	1	6	33.02	0	0	18	16	1	0	1	0	996.02	7.09	7.53
105	0	1	2	1	8	40.028	0	0	18	14	1	0	1	0	916.1	7.09	7.56
105	0	1	2	1	10	47.019	0	0	17	10	0	0	1	1	908.93	7.49	8.02
105	0	1	2	1	12	59.033	0	0	48	47	0	1	2	0	999.48	3.78	4.82
105	0	1	2	1	14	70.028	0	0	16	7	0	0	1	1	1323.8	7.53	8.07
105	0	1	2	1	16	84.028	0	0	51	47	0	0	2	1	1204.8	1.62	4.82
105	0	1	2	1	18	92.02	0	0	6	56	1	1	4	1	820.43	8.07	0.58
105	0	1	2	1	20	99.028	0	0	44	46	1	0	2	0	1084.5	4.91	4.84
105	0	1	2	1	22	117.03	0	0	54	47	0	0	2	1	993.1	0.6	4.82
105	0	1	2	1	24	130.03	0	0	43	45	0	1	2	0	1139.1	5.33	4.89
105	0	1	2	1	26	138.02	0	0	9	13	0	0	1	1	802.81	8.02	7.6
105	0	1	2	1	28	156.02	0	0	8	18	0	0	1	1	839.33	8.04	7.09
105	0	1	2	1	30	168.02	0	0	11	12	0	0	1	1	914.55	8.02	7.98
105	0	1	2	1	32	175.03	0	0	11	10	0	0	1	1	666.65	8.02	8.02
105	0	1	2	1	34	182.02	0	0	16	13	0	0	1	1	907.49	7.53	7.6
105	0	1	2	1	36	203.03	0	0	9	18	0	0	1	1	892.53	8.02	7.09
105	0	1	2	1	38	209.02	0	0	46	47	0	1	2	0	982.48	4.84	4.82
105	0	1	2	1	40	218.03	0	0	53	48	1	1	2	1	1068.3	0.69	3.78
105	0	1	2	1	42	225.02	0	0	52	49	1	0	2	0	1141.2	1.11	2.71
105	0	1	2	1	44	237.03	0	0	53	51	1	0	2	0	855.78	0.69	1.62
105	0	1	2	1	46	243.02	0	0	45	51	1	1	2	1	825.6	4.89	1.62
105	0	1	2	1	48	253.02	0	0	53	54	1	0	2	0	1047.1	0.69	0.6
105	0	1	2	1	50	259.02	0	0	44	54	1	1	2	1	928.35	4.91	0.6
105	0	1	2	1	52	265.03	0	0	49	45	0	0	2	1	705.7	2.71	4.89
105	0	1	2	1	54	279.03	0	0	46	53	0	1	2	0	762.64	4.84	0.69
105	0	1	2	1	56	286.02	0	0	9	12	0	0	1	1	947.39	8.02	7.98
105	0	1	2	1	58	295.03	0	0	12	14	1	0	1	0	977.38	7.98	7.56
105	0	1	2	1	60	304.02	0	0	7	9	1	1	1	1	791.9	8.07	8.02
105	0	1	2	1	62	316.02	0	0	5	56	1	1	4	1	755.16	8.51	0.58
105	0	1	2	1	64	325.03	0	0	46	45	0	1	2	0	920.97	4.84	4.89
105	0	1	2	1	66	333.02	0	0	43	47	0	1	2	0	936.64	5.33	4.82
105	0	1	2	1	68	342.02	0	0	17	12	0	0	1	1	1079.7	7.49	7.98
105	0	1	2	1	70	349.02	0	0	15	17	1	1	1	1	1047.4	7.56	7.49
105	0	1	2	1	72	358.02	0	0	18	17	1	1	1	1	726.05	7.09	7.49
105	0	1	2	1	74	371.03	0	0	16	10	0	0	1	1	631.33	7.53	8.02
105	0	1	2	1	76	378.02	0	0	14	15	0	1	1	0	904.23	7.56	7.56
