1	 6	 109.jpg	 1	 1	 14	 1	 
2	 91	 243.jpg	 0	 0	 0	 0	 
3	 5	 106.jpg	 1	 1	 19	 1	 
4	 83	 235.jpg	 0	 0	 0	 0	 
5	 22	 125.jpg	 1	 1	 46	 1	 
6	 24	 127.jpg	 1	 1	 37	 0	 
7	 48	 160.jpg	 1	 1	 7	 0	 
8	 16	 119.jpg	 1	 1	 24	 0	 
9	 81	 233.jpg	 0	 0	 0	 0	 
10	 93	 245.jpg	 0	 0	 0	 0	 
11	 46	 158.jpg	 1	 0	 58	 1	 
12	 58	 210.jpg	 0	 0	 0	 0	 
13	 36	 143.jpg	 1	 1	 57	 0	 
14	 74	 226.jpg	 0	 0	 0	 0	 
15	 95	 247.jpg	 0	 0	 0	 0	 
16	 96	 248.jpg	 0	 1	 0	 0	 
17	 62	 214.jpg	 0	 0	 0	 0	 
18	 63	 215.jpg	 0	 0	 0	 0	 
19	 31	 137.jpg	 1	 1	 56	 0	 
20	 13	 116.jpg	 1	 1	 50	 0	 
21	 47	 159.jpg	 1	 1	 51	 1	 
22	 23	 126.jpg	 1	 1	 39	 0	 
23	 14	 117.jpg	 1	 1	 3	 1	 
24	 73	 225.jpg	 0	 0	 0	 0	 
25	 28	 133.jpg	 1	 1	 11	 1	 
26	 70	 222.jpg	 0	 0	 0	 0	 
27	 8	 111.jpg	 1	 1	 12	 0	 
28	 77	 229.jpg	 0	 0	 0	 0	 
29	 39	 150.jpg	 1	 1	 41	 1	 
30	 86	 238.jpg	 0	 0	 0	 0	 
31	 92	 244.jpg	 0	 0	 0	 0	 
32	 51	 203.jpg	 0	 0	 0	 0	 
33	 9	 112.jpg	 1	 1	 16	 1	 
34	 4	 105.jpg	 1	 1	 21	 0	 
35	 64	 216.jpg	 0	 0	 0	 0	 
36	 71	 223.jpg	 0	 1	 0	 0	 
37	 82	 234.jpg	 0	 0	 0	 0	 
38	 84	 236.jpg	 0	 1	 0	 0	 
39	 17	 120.jpg	 1	 1	 15	 0	 
40	 10	 113.jpg	 1	 1	 17	 1	 
41	 35	 142.jpg	 1	 1	 54	 1	 
42	 66	 218.jpg	 0	 0	 0	 0	 
43	 90	 242.jpg	 0	 0	 0	 0	 
44	 69	 221.jpg	 0	 0	 0	 0	 
45	 26	 129.jpg	 1	 1	 36	 0	 
46	 44	 156.jpg	 1	 1	 44	 0	 
47	 11	 114.jpg	 1	 1	 25	 0	 
48	 80	 232.jpg	 0	 0	 0	 0	 
49	 38	 147.jpg	 1	 1	 8	 1	 
50	 27	 131.jpg	 1	 1	 47	 0	 
51	 55	 207.jpg	 0	 0	 0	 0	 
52	 30	 135.jpg	 1	 0	 35	 1	 
53	 52	 204.jpg	 0	 0	 0	 0	 
54	 43	 155.jpg	 1	 1	 42	 0	 
55	 68	 220.jpg	 0	 0	 0	 0	 
56	 76	 228.jpg	 0	 0	 0	 0	 
57	 88	 240.jpg	 0	 0	 0	 0	 
58	 19	 122.jpg	 1	 1	 22	 1	 
59	 67	 219.jpg	 0	 0	 0	 0	 
60	 72	 224.jpg	 0	 0	 0	 0	 
61	 75	 227.jpg	 0	 0	 0	 0	 
62	 60	 212.jpg	 0	 0	 0	 0	 
63	 34	 141.jpg	 1	 1	 9	 1	 
64	 7	 110.jpg	 1	 1	 26	 1	 
65	 94	 246.jpg	 0	 1	 0	 0	 
66	 89	 241.jpg	 0	 0	 0	 0	 
67	 1	 101.jpg	 1	 1	 23	 1	 
68	 61	 213.jpg	 0	 0	 0	 0	 
69	 12	 115.jpg	 1	 1	 45	 0	 
70	 59	 211.jpg	 0	 0	 0	 0	 
71	 21	 124.jpg	 1	 1	 5	 0	 
72	 33	 140.jpg	 1	 1	 49	 1	 
73	 45	 157.jpg	 1	 1	 43	 1	 
74	 37	 146.jpg	 1	 1	 52	 0	 
75	 65	 217.jpg	 0	 0	 0	 0	 
76	 87	 239.jpg	 0	 0	 0	 0	 
77	 78	 230.jpg	 0	 0	 0	 0	 
78	 50	 202.jpg	 0	 0	 0	 0	 
79	 42	 154.jpg	 1	 0	 38	 1	 
80	 18	 121.jpg	 1	 1	 20	 0	 
81	 56	 208.jpg	 0	 0	 0	 0	 
82	 49	 201.jpg	 0	 0	 0	 0	 
83	 79	 231.jpg	 0	 0	 0	 0	 
84	 2	 103.jpg	 1	 1	 13	 0	 
85	 57	 209.jpg	 0	 0	 0	 0	 
86	 20	 123.jpg	 1	 1	 18	 0	 
87	 32	 139.jpg	 1	 1	 55	 1	 
88	 85	 237.jpg	 0	 0	 0	 0	 
89	 41	 153.jpg	 1	 1	 53	 0	 
90	 54	 206.jpg	 0	 0	 0	 0	 
91	 29	 134.jpg	 1	 0	 40	 1	 
92	 25	 128.jpg	 1	 1	 48	 1	 
93	 53	 205.jpg	 0	 0	 0	 0	 
94	 40	 152.jpg	 1	 1	 10	 0	 
95	 15	 118.jpg	 1	 1	 6	 1	 
96	 3	 104.jpg	 1	 1	 4	 0	 
