1	 69	 221.jpg	 0	 0	 0	 0	 
2	 52	 204.jpg	 0	 0	 0	 0	 
3	 44	 156.jpg	 1	 1	 24	 0	 
4	 30	 137.jpg	 1	 1	 40	 1	 
5	 32	 140.jpg	 1	 1	 50	 0	 
6	 40	 151.jpg	 1	 0	 58	 1	 
7	 25	 131.jpg	 1	 1	 44	 0	 
8	 7	 108.jpg	 1	 1	 13	 0	 
9	 26	 132.jpg	 1	 1	 49	 1	 
10	 14	 117.jpg	 1	 1	 6	 1	 
11	 91	 243.jpg	 0	 0	 0	 0	 
12	 37	 148.jpg	 1	 0	 55	 1	 
13	 95	 247.jpg	 0	 0	 0	 0	 
14	 35	 146.jpg	 1	 0	 7	 0	 
15	 60	 212.jpg	 0	 0	 0	 0	 
16	 39	 150.jpg	 1	 1	 41	 1	 
17	 21	 125.jpg	 1	 1	 56	 0	 
18	 17	 120.jpg	 1	 1	 23	 1	 
19	 24	 130.jpg	 1	 1	 12	 0	 
20	 81	 233.jpg	 0	 0	 0	 0	 
21	 66	 218.jpg	 0	 0	 0	 0	 
22	 90	 242.jpg	 0	 1	 0	 0	 
23	 43	 155.jpg	 1	 1	 54	 1	 
24	 11	 113.jpg	 1	 1	 21	 0	 
25	 33	 141.jpg	 1	 1	 26	 1	 
26	 4	 104.jpg	 1	 1	 22	 1	 
27	 87	 239.jpg	 0	 1	 0	 0	 
28	 89	 241.jpg	 0	 0	 0	 0	 
29	 38	 149.jpg	 1	 0	 47	 0	 
30	 55	 207.jpg	 0	 0	 0	 0	 
31	 72	 224.jpg	 0	 0	 0	 0	 
32	 88	 240.jpg	 0	 0	 0	 0	 
33	 86	 238.jpg	 0	 0	 0	 0	 
34	 47	 159.jpg	 1	 1	 38	 1	 
35	 19	 123.jpg	 1	 1	 16	 1	 
36	 2	 102.jpg	 1	 1	 9	 1	 
37	 58	 210.jpg	 0	 0	 0	 0	 
38	 78	 230.jpg	 0	 0	 0	 0	 
39	 28	 135.jpg	 1	 1	 52	 0	 
40	 36	 147.jpg	 1	 1	 57	 0	 
41	 71	 223.jpg	 0	 1	 0	 0	 
42	 67	 219.jpg	 0	 0	 0	 0	 
43	 53	 205.jpg	 0	 0	 0	 0	 
44	 6	 107.jpg	 1	 1	 19	 1	 
45	 64	 216.jpg	 0	 1	 0	 0	 
46	 18	 121.jpg	 1	 1	 3	 1	 
47	 94	 246.jpg	 0	 1	 0	 0	 
48	 41	 152.jpg	 1	 1	 51	 1	 
49	 15	 118.jpg	 1	 1	 20	 0	 
50	 3	 103.jpg	 1	 1	 5	 0	 
51	 8	 109.jpg	 1	 1	 4	 0	 
52	 85	 237.jpg	 0	 1	 0	 0	 
53	 29	 136.jpg	 1	 1	 39	 0	 
54	 49	 201.jpg	 0	 0	 0	 0	 
55	 68	 220.jpg	 0	 0	 0	 0	 
56	 59	 211.jpg	 0	 1	 0	 0	 
57	 27	 134.jpg	 1	 1	 48	 1	 
58	 62	 214.jpg	 0	 0	 0	 0	 
59	 84	 236.jpg	 0	 1	 0	 0	 
60	 54	 206.jpg	 0	 0	 0	 0	 
61	 42	 154.jpg	 1	 1	 36	 0	 
62	 5	 106.jpg	 1	 1	 8	 1	 
63	 34	 142.jpg	 1	 1	 35	 1	 
64	 79	 231.jpg	 0	 0	 0	 0	 
65	 76	 228.jpg	 0	 0	 0	 0	 
66	 80	 232.jpg	 0	 0	 0	 0	 
67	 45	 157.jpg	 1	 1	 46	 1	 
68	 83	 235.jpg	 0	 1	 0	 0	 
69	 12	 114.jpg	 1	 1	 14	 1	 
70	 50	 202.jpg	 0	 1	 0	 0	 
71	 75	 227.jpg	 0	 0	 0	 0	 
72	 65	 217.jpg	 0	 1	 0	 0	 
73	 13	 115.jpg	 1	 1	 25	 0	 
74	 51	 203.jpg	 0	 0	 0	 0	 
75	 73	 225.jpg	 0	 0	 0	 0	 
76	 10	 112.jpg	 1	 1	 10	 0	 
77	 70	 222.jpg	 0	 0	 0	 0	 
78	 74	 226.jpg	 0	 0	 0	 0	 
79	 63	 215.jpg	 0	 0	 0	 0	 
80	 93	 245.jpg	 0	 0	 0	 0	 
81	 1	 101.jpg	 1	 1	 53	 0	 
82	 61	 213.jpg	 0	 0	 0	 0	 
83	 96	 248.jpg	 0	 0	 0	 0	 
84	 20	 124.jpg	 1	 1	 11	 1	 
85	 22	 126.jpg	 1	 1	 45	 0	 
86	 48	 160.jpg	 1	 1	 15	 0	 
87	 82	 234.jpg	 0	 1	 0	 0	 
88	 77	 229.jpg	 0	 1	 0	 0	 
89	 92	 244.jpg	 0	 0	 0	 0	 
90	 16	 119.jpg	 1	 0	 43	 1	 
91	 9	 111.jpg	 1	 1	 18	 0	 
92	 56	 208.jpg	 0	 1	 0	 0	 
93	 57	 209.jpg	 0	 0	 0	 0	 
94	 23	 129.jpg	 1	 0	 37	 0	 
95	 31	 139.jpg	 1	 1	 17	 1	 
96	 46	 158.jpg	 1	 1	 42	 0	 
