subjectID	order	stimName	itemIndABC	bidInd	runtrial	isOld?	subjectAnswerIsOld	isBeep?	subjectAnswerIsBeep	onsettime	resp_choice	RT
BMI_bfr_116	2	113.jpg	11	21	1	1	1	0	0	1.377867e-02	u	3.707717e+00
BMI_bfr_116	2	157.jpg	45	46	2	1	1	1	0	4.768982e+00	u	7.750802e-01
BMI_bfr_116	2	123.jpg	19	16	3	1	1	1	0	6.587691e+00	u	1.318979e+00
BMI_bfr_116	2	160.jpg	48	15	4	1	1	0	1	8.957068e+00	i	7.272466e-01
BMI_bfr_116	2	101.jpg	1	53	5	1	1	0	1	1.074228e+01	i	6.520378e-01
BMI_bfr_116	2	235.jpg	83	0	6	0	1	0	1	1.244431e+01	i	5.701046e-01
BMI_bfr_116	2	103.jpg	3	5	7	1	1	0	1	1.406274e+01	i	4.817302e-01
BMI_bfr_116	2	236.jpg	84	0	8	0	1	0	0	1.559782e+01	u	7.467153e-01
BMI_bfr_116	2	139.jpg	31	17	9	1	1	1	0	1.739980e+01	u	7.898349e-01
BMI_bfr_116	2	217.jpg	65	0	10	0	1	0	0	1.923523e+01	u	9.569846e-01
BMI_bfr_116	2	237.jpg	85	0	11	0	1	0	0	2.123746e+01	u	5.523357e-01
BMI_bfr_116	2	137.jpg	30	40	12	1	1	1	0	2.283920e+01	u	5.819372e-01
BMI_bfr_116	2	154.jpg	42	36	13	1	1	0	1	2.447444e+01	i	7.805194e-01
BMI_bfr_116	2	118.jpg	15	20	14	1	1	0	1	2.630975e+01	i	5.990471e-01
BMI_bfr_116	2	246.jpg	94	0	15	0	1	0	1	2.796163e+01	i	5.447126e-01
BMI_bfr_116	2	102.jpg	2	9	16	1	1	1	1	2.956354e+01	i	7.429014e-01
BMI_bfr_116	2	124.jpg	20	11	17	1	1	1	1	3.136560e+01	i	6.397203e-01
BMI_bfr_116	2	242.jpg	90	0	18	0	1	0	0	3.305076e+01	u	6.421286e-01
BMI_bfr_116	2	155.jpg	43	54	19	1	1	1	0	3.473608e+01	u	4.530734e-01
BMI_bfr_116	2	147.jpg	36	57	20	1	1	0	0	3.623759e+01	u	5.828866e-01
BMI_bfr_116	2	114.jpg	12	14	21	1	1	1	1	3.787279e+01	i	6.465586e-01
BMI_bfr_116	2	112.jpg	10	10	22	1	1	0	1	3.957482e+01	i	6.433404e-01
BMI_bfr_116	2	158.jpg	46	42	23	1	1	0	0	4.127658e+01	u	6.291775e-01
BMI_bfr_116	2	159.jpg	47	38	24	1	1	1	1	4.296193e+01	i	9.576368e-01
BMI_bfr_116	2	115.jpg	13	25	25	1	1	0	0	4.496401e+01	u	5.644311e-01
BMI_bfr_116	2	156.jpg	44	24	26	1	1	0	0	4.658253e+01	u	6.109468e-01
BMI_bfr_116	2	140.jpg	32	50	27	1	1	0	0	4.825108e+01	u	6.187297e-01
BMI_bfr_116	2	136.jpg	29	39	28	1	1	0	0	4.991958e+01	u	6.152717e-01
BMI_bfr_116	2	239.jpg	87	0	29	0	1	0	1	5.158819e+01	i	6.792553e-01
BMI_bfr_116	2	150.jpg	39	41	30	1	1	1	1	5.332338e+01	i	6.541611e-01
BMI_bfr_116	2	229.jpg	77	0	31	0	1	0	0	5.502532e+01	u	7.972931e-01
BMI_bfr_116	2	142.jpg	34	35	32	1	1	1	0	5.687747e+01	u	6.552336e-01
BMI_bfr_116	2	117.jpg	14	6	33	1	1	1	1	5.857937e+01	i	5.284294e-01
BMI_bfr_116	2	135.jpg	28	52	34	1	1	0	1	6.016447e+01	i	5.183560e-01
BMI_bfr_116	2	107.jpg	6	19	35	1	1	1	1	6.173285e+01	i	6.038221e-01
BMI_bfr_116	2	134.jpg	27	48	36	1	1	1	0	6.338475e+01	u	5.382606e-01
BMI_bfr_116	2	132.jpg	26	49	37	1	1	1	1	6.496994e+01	i	4.606388e-01
BMI_bfr_116	2	208.jpg	56	0	38	0	1	0	1	6.648821e+01	i	3.936627e-01
BMI_bfr_116	2	111.jpg	9	18	39	1	1	0	1	6.793986e+01	i	3.820817e-01
BMI_bfr_116	2	121.jpg	18	3	40	1	1	1	1	6.937484e+01	i	5.671865e-01
BMI_bfr_116	2	108.jpg	7	13	41	1	1	0	1	7.099327e+01	i	8.388234e-01
BMI_bfr_116	2	120.jpg	17	23	42	1	1	1	1	7.287867e+01	i	6.522781e-01
BMI_bfr_116	2	223.jpg	71	0	43	0	1	0	1	7.458063e+01	i	5.366837e-01
BMI_bfr_116	2	125.jpg	21	56	44	1	1	0	0	7.616567e+01	u	5.266515e-01
BMI_bfr_116	2	234.jpg	82	0	45	0	1	0	0	7.773411e+01	u	5.445233e-01
BMI_bfr_116	2	152.jpg	41	51	46	1	1	1	0	7.933590e+01	u	7.654218e-01
BMI_bfr_116	2	130.jpg	24	12	47	1	1	0	0	8.115462e+01	u	5.104410e-01
BMI_bfr_116	2	109.jpg	8	4	48	1	1	0	0	8.272301e+01	u	8.771117e-01
BMI_bfr_116	2	141.jpg	33	26	49	1	1	1	1	8.465857e+01	i	7.753913e-01
BMI_bfr_116	2	126.jpg	22	45	50	1	1	0	1	8.647722e+01	i	5.205835e-01
BMI_bfr_116	2	211.jpg	59	0	51	0	1	0	0	8.804572e+01	u	5.608800e-01
BMI_bfr_116	2	106.jpg	5	8	52	1	1	1	1	8.966427e+01	i	5.849214e-01
BMI_bfr_116	2	202.jpg	50	0	53	0	1	0	0	9.129940e+01	u	7.161158e-01
BMI_bfr_116	2	131.jpg	25	44	54	1	1	0	0	9.306794e+01	u	3.651484e-01
BMI_bfr_116	2	216.jpg	64	0	55	0	1	0	0	9.448620e+01	u	4.882139e-01
BMI_bfr_116	2	104.jpg	4	22	56	1	1	1	0	9.602135e+01	u	4.155962e-01
