1	 82	 234.jpg	 0	 0	 0	 0	 
2	 55	 207.jpg	 0	 0	 0	 0	 
3	 27	 134.jpg	 1	 1	 42	 1	 
4	 90	 242.jpg	 0	 0	 0	 0	 
5	 57	 209.jpg	 0	 0	 0	 0	 
6	 22	 128.jpg	 1	 1	 52	 1	 
7	 85	 237.jpg	 0	 1	 0	 0	 
8	 93	 245.jpg	 0	 0	 0	 0	 
9	 79	 231.jpg	 0	 0	 0	 0	 
10	 48	 160.jpg	 1	 1	 58	 0	 
11	 53	 205.jpg	 0	 0	 0	 0	 
12	 72	 224.jpg	 0	 0	 0	 0	 
13	 66	 218.jpg	 0	 0	 0	 0	 
14	 39	 148.jpg	 1	 1	 57	 1	 
15	 51	 203.jpg	 0	 0	 0	 0	 
16	 37	 146.jpg	 1	 1	 54	 0	 
17	 56	 208.jpg	 0	 0	 0	 0	 
18	 80	 232.jpg	 0	 0	 0	 0	 
19	 1	 101.jpg	 1	 0	 3	 0	 
20	 65	 217.jpg	 0	 0	 0	 0	 
21	 20	 126.jpg	 1	 1	 18	 1	 
22	 50	 202.jpg	 0	 0	 0	 0	 
23	 42	 153.jpg	 1	 1	 45	 1	 
24	 15	 121.jpg	 1	 1	 9	 0	 
25	 33	 141.jpg	 1	 1	 7	 1	 
26	 38	 147.jpg	 1	 1	 55	 0	 
27	 10	 113.jpg	 1	 1	 5	 1	 
28	 11	 114.jpg	 1	 1	 47	 1	 
29	 95	 247.jpg	 0	 0	 0	 0	 
30	 94	 246.jpg	 0	 0	 0	 0	 
31	 89	 241.jpg	 0	 0	 0	 0	 
32	 8	 111.jpg	 1	 1	 46	 0	 
33	 52	 204.jpg	 0	 0	 0	 0	 
34	 35	 143.jpg	 1	 1	 23	 0	 
35	 64	 216.jpg	 0	 0	 0	 0	 
36	 69	 221.jpg	 0	 0	 0	 0	 
37	 61	 213.jpg	 0	 0	 0	 0	 
38	 41	 151.jpg	 1	 1	 14	 0	 
39	 2	 103.jpg	 1	 1	 41	 0	 
40	 46	 157.jpg	 1	 1	 17	 0	 
41	 73	 225.jpg	 0	 0	 0	 0	 
42	 29	 136.jpg	 1	 1	 40	 0	 
43	 32	 140.jpg	 1	 1	 39	 1	 
44	 63	 215.jpg	 0	 0	 0	 0	 
45	 92	 244.jpg	 0	 0	 0	 0	 
46	 36	 145.jpg	 1	 1	 49	 0	 
47	 44	 155.jpg	 1	 1	 13	 1	 
48	 49	 201.jpg	 0	 0	 0	 0	 
49	 76	 228.jpg	 0	 0	 0	 0	 
50	 14	 120.jpg	 1	 1	 19	 0	 
51	 28	 135.jpg	 1	 1	 15	 1	 
52	 77	 229.jpg	 0	 0	 0	 0	 
53	 84	 236.jpg	 0	 0	 0	 0	 
54	 43	 154.jpg	 1	 1	 26	 0	 
55	 4	 105.jpg	 1	 1	 35	 0	 
56	 30	 137.jpg	 1	 1	 11	 0	 
57	 60	 212.jpg	 0	 0	 0	 0	 
58	 47	 158.jpg	 1	 1	 51	 0	 
59	 74	 226.jpg	 0	 0	 0	 0	 
60	 70	 222.jpg	 0	 0	 0	 0	 
61	 71	 223.jpg	 0	 0	 0	 0	 
62	 75	 227.jpg	 0	 0	 0	 0	 
63	 67	 219.jpg	 0	 0	 0	 0	 
64	 9	 112.jpg	 1	 0	 24	 1	 
65	 31	 138.jpg	 1	 1	 12	 1	 
66	 25	 132.jpg	 1	 1	 6	 0	 
67	 5	 107.jpg	 1	 0	 44	 1	 
68	 40	 149.jpg	 1	 1	 56	 1	 
69	 88	 240.jpg	 0	 0	 0	 0	 
70	 19	 125.jpg	 1	 1	 10	 1	 
71	 86	 238.jpg	 0	 0	 0	 0	 
72	 59	 211.jpg	 0	 0	 0	 0	 
73	 34	 142.jpg	 1	 1	 43	 0	 
74	 45	 156.jpg	 1	 1	 50	 1	 
75	 24	 130.jpg	 1	 0	 8	 0	 
76	 81	 233.jpg	 0	 0	 0	 0	 
77	 13	 119.jpg	 1	 1	 20	 1	 
78	 96	 248.jpg	 0	 0	 0	 0	 
79	 3	 104.jpg	 1	 1	 25	 1	 
80	 18	 124.jpg	 1	 1	 4	 1	 
81	 87	 239.jpg	 0	 0	 0	 0	 
82	 58	 210.jpg	 0	 0	 0	 0	 
83	 68	 220.jpg	 0	 0	 0	 0	 
84	 23	 129.jpg	 1	 1	 21	 1	 
85	 12	 117.jpg	 1	 1	 53	 1	 
86	 6	 108.jpg	 1	 1	 48	 0	 
87	 17	 123.jpg	 1	 1	 22	 0	 
88	 62	 214.jpg	 0	 0	 0	 0	 
89	 16	 122.jpg	 1	 1	 36	 1	 
90	 7	 110.jpg	 1	 1	 16	 0	 
91	 91	 243.jpg	 0	 0	 0	 0	 
92	 54	 206.jpg	 0	 0	 0	 0	 
93	 21	 127.jpg	 1	 0	 38	 0	 
94	 78	 230.jpg	 0	 0	 0	 0	 
95	 26	 133.jpg	 1	 1	 37	 1	 
96	 83	 235.jpg	 0	 0	 0	 0	 
