1	5	108.jpg	1	1	1	0	20
2	19	124.jpg	1	1	0	0	11
3	42	154.jpg	1	1	1	0	53
4	83	235.jpg	0	1	0	0	0
5	33	142.jpg	1	1	1	1	44
6	11	116.jpg	1	1	0	1	9
7	6	110.jpg	1	1	1	1	12
8	27	133.jpg	1	1	0	1	3
9	21	127.jpg	1	1	0	1	43
10	32	141.jpg	1	1	1	0	42
11	22	128.jpg	1	1	0	1	48
12	14	119.jpg	1	1	0	1	23
13	65	217.jpg	0	1	0	0	0
14	34	143.jpg	1	1	1	0	57
15	94	246.jpg	0	1	0	1	0
16	29	137.jpg	1	1	1	1	39
17	47	159.jpg	1	1	0	0	55
18	30	138.jpg	1	1	1	0	52
19	31	140.jpg	1	1	1	0	45
20	39	149.jpg	1	1	1	0	50
21	43	155.jpg	1	1	0	1	46
22	15	120.jpg	1	1	1	1	24
23	1	102.jpg	1	1	0	0	14
24	3	104.jpg	1	1	0	1	8
25	16	121.jpg	1	1	1	1	10
26	41	152.jpg	1	1	1	1	7
27	13	118.jpg	1	1	1	1	25
28	12	117.jpg	1	1	0	1	6
29	24	130.jpg	1	1	0	1	41
30	4	105.jpg	1	1	0	0	17
31	71	223.jpg	0	1	0	0	0
32	37	147.jpg	1	1	1	0	21
33	36	146.jpg	1	1	0	0	51
34	8	112.jpg	1	1	1	0	18
35	7	111.jpg	1	1	1	1	13
36	48	160.jpg	1	1	1	0	5
37	9	113.jpg	1	1	0	1	26
38	46	158.jpg	1	1	0	1	49
39	17	122.jpg	1	1	1	1	4
40	2	103.jpg	1	1	0	1	35
41	38	148.jpg	1	1	0	0	54
42	35	144.jpg	1	1	1	0	47
