1	 53	 205.jpg	 0	 0	 0	 0	 
2	 63	 215.jpg	 0	 0	 0	 0	 
3	 95	 247.jpg	 0	 0	 0	 0	 
4	 7	 111.jpg	 1	 1	 25	 1	 
5	 36	 148.jpg	 1	 1	 49	 0	 
6	 74	 226.jpg	 0	 0	 0	 0	 
7	 64	 216.jpg	 0	 0	 0	 0	 
8	 82	 234.jpg	 0	 0	 0	 0	 
9	 16	 124.jpg	 1	 1	 43	 0	 
10	 31	 140.jpg	 1	 1	 10	 1	 
11	 29	 138.jpg	 1	 1	 53	 1	 
12	 76	 228.jpg	 0	 0	 0	 0	 
13	 91	 243.jpg	 0	 0	 0	 0	 
14	 68	 220.jpg	 0	 0	 0	 0	 
15	 35	 147.jpg	 1	 1	 38	 0	 
16	 77	 229.jpg	 0	 0	 0	 0	 
17	 78	 230.jpg	 0	 0	 0	 0	 
18	 12	 117.jpg	 1	 1	 4	 1	 
19	 49	 201.jpg	 0	 0	 0	 0	 
20	 52	 204.jpg	 0	 0	 0	 0	 
21	 72	 224.jpg	 0	 0	 0	 0	 
22	 27	 136.jpg	 1	 1	 44	 1	 
23	 21	 129.jpg	 1	 1	 57	 1	 
24	 50	 202.jpg	 0	 0	 0	 0	 
25	 54	 206.jpg	 0	 0	 0	 0	 
26	 80	 232.jpg	 0	 0	 0	 0	 
27	 67	 219.jpg	 0	 0	 0	 0	 
28	 20	 128.jpg	 1	 1	 15	 1	 
29	 22	 130.jpg	 1	 1	 6	 0	 
30	 59	 211.jpg	 0	 0	 0	 0	 
31	 90	 242.jpg	 0	 0	 0	 0	 
32	 66	 218.jpg	 0	 0	 0	 0	 
33	 46	 158.jpg	 1	 1	 58	 0	 
34	 10	 114.jpg	 1	 1	 14	 0	 
35	 39	 151.jpg	 1	 1	 40	 0	 
36	 34	 146.jpg	 1	 1	 22	 0	 
37	 69	 221.jpg	 0	 0	 0	 0	 
38	 85	 237.jpg	 0	 0	 0	 0	 
39	 86	 238.jpg	 0	 0	 0	 0	 
40	 15	 122.jpg	 1	 1	 26	 0	 
41	 23	 132.jpg	 1	 1	 46	 0	 
42	 79	 231.jpg	 0	 0	 0	 0	 
43	 55	 207.jpg	 0	 0	 0	 0	 
44	 70	 222.jpg	 0	 0	 0	 0	 
45	 81	 233.jpg	 0	 0	 0	 0	 
46	 65	 217.jpg	 0	 0	 0	 0	 
47	 13	 119.jpg	 1	 1	 39	 1	 
48	 43	 155.jpg	 1	 1	 17	 0	 
49	 5	 109.jpg	 1	 1	 41	 0	 
50	 87	 239.jpg	 0	 0	 0	 0	 
51	 9	 113.jpg	 1	 1	 20	 1	 
52	 73	 225.jpg	 0	 0	 0	 0	 
53	 88	 240.jpg	 0	 0	 0	 0	 
54	 19	 127.jpg	 1	 1	 21	 1	 
55	 33	 145.jpg	 1	 1	 55	 0	 
56	 41	 153.jpg	 1	 1	 35	 0	 
57	 25	 134.jpg	 1	 1	 12	 1	 
58	 38	 150.jpg	 1	 1	 11	 0	 
59	 48	 160.jpg	 1	 1	 13	 1	 
60	 62	 214.jpg	 0	 0	 0	 0	 
61	 51	 203.jpg	 0	 0	 0	 0	 
62	 11	 116.jpg	 1	 1	 45	 1	 
63	 93	 245.jpg	 0	 0	 0	 0	 
64	 61	 213.jpg	 0	 0	 0	 0	 
65	 71	 223.jpg	 0	 0	 0	 0	 
66	 57	 209.jpg	 0	 0	 0	 0	 
67	 45	 157.jpg	 1	 1	 16	 0	 
68	 92	 244.jpg	 0	 0	 0	 0	 
69	 44	 156.jpg	 1	 1	 47	 1	 
70	 17	 125.jpg	 1	 1	 51	 0	 
71	 6	 110.jpg	 1	 1	 36	 1	 
72	 14	 121.jpg	 1	 1	 8	 0	 
73	 2	 105.jpg	 1	 1	 24	 1	 
74	 18	 126.jpg	 1	 0	 23	 0	 
75	 32	 143.jpg	 1	 0	 18	 1	 
76	 83	 235.jpg	 0	 0	 0	 0	 
77	 56	 208.jpg	 0	 0	 0	 0	 
78	 40	 152.jpg	 1	 1	 5	 1	 
79	 1	 104.jpg	 1	 1	 37	 1	 
80	 60	 212.jpg	 0	 0	 0	 0	 
81	 37	 149.jpg	 1	 1	 48	 0	 
82	 8	 112.jpg	 1	 1	 3	 0	 
83	 42	 154.jpg	 1	 1	 7	 1	 
84	 3	 107.jpg	 1	 1	 19	 0	 
85	 4	 108.jpg	 1	 1	 42	 1	 
86	 89	 241.jpg	 0	 0	 0	 0	 
87	 94	 246.jpg	 0	 0	 0	 0	 
88	 58	 210.jpg	 0	 0	 0	 0	 
89	 30	 139.jpg	 1	 1	 56	 1	 
90	 26	 135.jpg	 1	 1	 54	 0	 
91	 24	 133.jpg	 1	 1	 50	 1	 
92	 84	 236.jpg	 0	 0	 0	 0	 
93	 47	 159.jpg	 1	 1	 52	 1	 
94	 75	 227.jpg	 0	 0	 0	 0	 
95	 96	 248.jpg	 0	 0	 0	 0	 
96	 28	 137.jpg	 1	 1	 9	 0	 
