1	 61	 213.jpg	 0	 0	 0	 0	 
2	 48	 160.jpg	 1	 1	 21	 1	 
3	 79	 231.jpg	 0	 0	 0	 0	 
4	 86	 238.jpg	 0	 0	 0	 0	 
5	 94	 246.jpg	 0	 1	 0	 0	 
6	 16	 119.jpg	 1	 1	 44	 1	 
7	 49	 201.jpg	 0	 0	 0	 0	 
8	 33	 139.jpg	 1	 1	 37	 1	 
9	 74	 226.jpg	 0	 0	 0	 0	 
10	 65	 217.jpg	 0	 1	 0	 0	 
11	 58	 210.jpg	 0	 0	 0	 0	 
12	 25	 131.jpg	 1	 1	 45	 1	 
13	 38	 146.jpg	 1	 1	 54	 0	 
14	 10	 113.jpg	 1	 1	 16	 0	 
15	 88	 240.jpg	 0	 1	 0	 0	 
16	 39	 147.jpg	 1	 1	 12	 1	 
17	 83	 235.jpg	 0	 0	 0	 0	 
18	 52	 204.jpg	 0	 0	 0	 0	 
19	 44	 155.jpg	 1	 0	 58	 0	 
20	 45	 157.jpg	 1	 1	 41	 0	 
21	 22	 128.jpg	 1	 1	 25	 1	 
22	 47	 159.jpg	 1	 1	 56	 1	 
23	 96	 248.jpg	 0	 0	 0	 0	 
24	 85	 237.jpg	 0	 0	 0	 0	 
25	 92	 244.jpg	 0	 0	 0	 0	 
26	 17	 122.jpg	 1	 1	 18	 1	 
27	 21	 127.jpg	 1	 1	 51	 0	 
28	 78	 230.jpg	 0	 1	 0	 0	 
29	 50	 202.jpg	 0	 0	 0	 0	 
30	 2	 103.jpg	 1	 1	 49	 0	 
31	 95	 247.jpg	 0	 0	 0	 0	 
32	 9	 111.jpg	 1	 0	 26	 0	 
33	 6	 108.jpg	 1	 1	 48	 0	 
34	 64	 216.jpg	 0	 0	 0	 0	 
35	 82	 234.jpg	 0	 1	 0	 0	 
36	 15	 118.jpg	 1	 1	 20	 1	 
37	 34	 141.jpg	 1	 1	 3	 0	 
38	 37	 145.jpg	 1	 1	 38	 0	 
39	 55	 207.jpg	 0	 1	 0	 0	 
40	 18	 123.jpg	 1	 1	 39	 1	 
41	 40	 149.jpg	 1	 1	 57	 1	 
42	 30	 136.jpg	 1	 1	 11	 0	 
43	 90	 242.jpg	 0	 0	 0	 0	 
44	 7	 109.jpg	 1	 1	 50	 1	 
45	 81	 233.jpg	 0	 0	 0	 0	 
46	 1	 101.jpg	 1	 1	 42	 1	 
47	 71	 223.jpg	 0	 1	 0	 0	 
48	 11	 114.jpg	 1	 1	 47	 1	 
49	 89	 241.jpg	 0	 0	 0	 0	 
50	 54	 206.jpg	 0	 0	 0	 0	 
51	 14	 117.jpg	 1	 1	 43	 0	 
52	 66	 218.jpg	 0	 0	 0	 0	 
53	 27	 133.jpg	 1	 1	 8	 0	 
54	 20	 125.jpg	 1	 1	 7	 1	 
55	 77	 229.jpg	 0	 0	 0	 0	 
56	 3	 105.jpg	 1	 0	 23	 0	 
57	 5	 107.jpg	 1	 1	 15	 1	 
58	 76	 228.jpg	 0	 0	 0	 0	 
59	 80	 232.jpg	 0	 0	 0	 0	 
60	 93	 245.jpg	 0	 0	 0	 0	 
61	 73	 225.jpg	 0	 0	 0	 0	 
62	 53	 205.jpg	 0	 0	 0	 0	 
63	 35	 142.jpg	 1	 0	 36	 1	 
64	 75	 227.jpg	 0	 0	 0	 0	 
65	 63	 215.jpg	 0	 0	 0	 0	 
66	 68	 220.jpg	 0	 0	 0	 0	 
67	 87	 239.jpg	 0	 1	 0	 0	 
68	 28	 134.jpg	 1	 0	 24	 1	 
69	 46	 158.jpg	 1	 0	 17	 0	 
70	 12	 115.jpg	 1	 1	 4	 1	 
71	 84	 236.jpg	 0	 0	 0	 0	 
72	 70	 222.jpg	 0	 0	 0	 0	 
73	 60	 212.jpg	 0	 0	 0	 0	 
74	 19	 124.jpg	 1	 0	 6	 0	 
75	 62	 214.jpg	 0	 0	 0	 0	 
76	 41	 152.jpg	 1	 1	 14	 0	 
77	 36	 143.jpg	 1	 1	 40	 0	 
78	 91	 243.jpg	 0	 0	 0	 0	 
79	 23	 129.jpg	 1	 1	 9	 0	 
80	 29	 135.jpg	 1	 0	 19	 0	 
81	 42	 153.jpg	 1	 1	 53	 1	 
82	 43	 154.jpg	 1	 1	 35	 0	 
83	 8	 110.jpg	 1	 1	 13	 1	 
84	 31	 137.jpg	 1	 1	 46	 0	 
85	 57	 209.jpg	 0	 0	 0	 0	 
86	 72	 224.jpg	 0	 0	 0	 0	 
87	 69	 221.jpg	 0	 0	 0	 0	 
88	 13	 116.jpg	 1	 0	 22	 0	 
89	 56	 208.jpg	 0	 0	 0	 0	 
90	 24	 130.jpg	 1	 0	 55	 0	 
91	 51	 203.jpg	 0	 0	 0	 0	 
92	 26	 132.jpg	 1	 0	 10	 1	 
93	 67	 219.jpg	 0	 0	 0	 0	 
94	 4	 106.jpg	 1	 0	 5	 1	 
95	 59	 211.jpg	 0	 0	 0	 0	 
96	 32	 138.jpg	 1	 1	 52	 1	 
