1	10	113.jpg	1	1	1	0	18
2	1	101.jpg	1	1	1	0	39
3	79	231.jpg	0	1	0	0	0
4	4	105.jpg	1	1	1	1	25
5	33	144.jpg	1	1	0	1	3
6	83	235.jpg	0	1	0	0	0
7	39	150.jpg	1	1	1	1	20
8	82	234.jpg	0	1	0	0	0
9	95	247.jpg	0	1	0	0	0
10	16	121.jpg	1	1	1	0	37
11	67	219.jpg	0	1	0	0	0
12	42	153.jpg	1	1	0	0	55
13	23	128.jpg	1	1	0	1	6
14	41	152.jpg	1	1	0	0	46
15	44	155.jpg	1	1	1	1	47
16	69	221.jpg	0	1	0	0	0
17	80	232.jpg	0	1	0	0	0
18	22	127.jpg	1	1	0	1	19
19	8	110.jpg	1	1	0	0	40
20	70	222.jpg	0	1	0	1	0
21	12	116.jpg	1	1	1	0	52
22	14	119.jpg	1	1	1	1	44
23	17	122.jpg	1	1	0	1	26
24	40	151.jpg	1	1	0	1	23
25	9	112.jpg	1	1	1	1	53
26	65	217.jpg	0	1	0	1	0
27	88	240.jpg	0	1	0	1	0
28	2	102.jpg	1	1	1	0	57
29	37	148.jpg	1	1	0	1	54
30	3	103.jpg	1	1	1	1	21
31	5	106.jpg	1	1	0	1	14
32	34	145.jpg	1	1	1	1	15
33	30	138.jpg	1	1	1	1	10
34	11	114.jpg	1	1	0	1	22
35	35	146.jpg	1	1	1	1	7
36	32	140.jpg	1	1	0	0	48
37	96	248.jpg	0	1	0	0	0
38	28	135.jpg	1	1	0	1	11
39	45	156.jpg	1	1	0	1	9
40	51	203.jpg	0	1	0	0	0
41	29	136.jpg	1	1	0	1	16
42	18	123.jpg	1	1	1	0	56
43	31	139.jpg	1	1	1	1	5
44	72	224.jpg	0	1	0	0	0
