subjectID	 order	 itemIndABC	 runtrial	 isOld?	 subjectAnswer	 onsettime	 Name	 resp_choice	 RT	 bidInd	 isBeep?
BMI_bfr_122	 2	 37	 1	 1	 1	 1.382801e-02	 149.jpg	 i	 3.004717e+00	 26	 1	 
BMI_bfr_122	 2	 2	 2	 1	 1	 4.068530e+00	 103.jpg	 i	 1.008858e+00	 13	 0	 
BMI_bfr_122	 2	 33	 3	 1	 1	 6.120745e+00	 145.jpg	 i	 1.161774e+00	 57	 0	 
BMI_bfr_122	 2	 83	 4	 0	 0	 8.339929e+00	 235.jpg	 u	 7.426817e-01	 0	 0	 
BMI_bfr_122	 2	 84	 5	 0	 0	 1.012519e+01	 236.jpg	 u	 1.286292e+00	 0	 0	 
BMI_bfr_122	 2	 14	 6	 1	 1	 1.246112e+01	 118.jpg	 i	 7.953627e-01	 16	 1	 
BMI_bfr_122	 2	 56	 7	 0	 0	 1.431318e+01	 208.jpg	 u	 8.221720e-01	 0	 0	 
BMI_bfr_122	 2	 90	 8	 0	 1	 1.618195e+01	 242.jpg	 i	 8.997177e-01	 0	 0	 
BMI_bfr_122	 2	 94	 9	 0	 0	 1.813412e+01	 246.jpg	 u	 1.670188e+00	 0	 0	 
BMI_bfr_122	 2	 58	 10	 0	 0	 2.085396e+01	 210.jpg	 u	 1.009239e+00	 0	 0	 
BMI_bfr_122	 2	 61	 11	 0	 0	 2.290615e+01	 213.jpg	 u	 7.458531e-01	 0	 0	 
BMI_bfr_122	 2	 29	 12	 1	 1	 2.470824e+01	 140.jpg	 i	 9.350793e-01	 46	 1	 
BMI_bfr_122	 2	 22	 13	 1	 0	 2.669372e+01	 131.jpg	 u	 8.622199e-01	 40	 1	 
BMI_bfr_122	 2	 72	 14	 0	 0	 2.861259e+01	 224.jpg	 u	 6.534416e-01	 0	 0	 
BMI_bfr_122	 2	 8	 15	 1	 1	 3.031456e+01	 111.jpg	 i	 5.827875e-01	 8	 1	 
BMI_bfr_122	 2	 67	 16	 0	 0	 3.194965e+01	 219.jpg	 u	 1.625297e+00	 0	 0	 
BMI_bfr_122	 2	 96	 17	 0	 0	 3.461934e+01	 248.jpg	 u	 6.432072e-01	 0	 0	 
BMI_bfr_122	 2	 88	 18	 0	 0	 3.630457e+01	 240.jpg	 u	 1.241909e+00	 0	 0	 
BMI_bfr_122	 2	 81	 19	 0	 0	 3.859039e+01	 233.jpg	 u	 6.323259e-01	 0	 0	 
BMI_bfr_122	 2	 24	 20	 1	 1	 4.027564e+01	 133.jpg	 i	 7.584157e-01	 7	 0	 
BMI_bfr_122	 2	 31	 21	 1	 1	 4.207774e+01	 143.jpg	 i	 8.577456e-01	 56	 0	 
BMI_bfr_122	 2	 41	 22	 1	 1	 4.397985e+01	 153.jpg	 i	 6.993802e-01	 39	 0	 
BMI_bfr_122	 2	 71	 23	 0	 1	 4.573178e+01	 223.jpg	 i	 1.051340e+00	 0	 0	 
BMI_bfr_122	 2	 19	 24	 1	 1	 4.783413e+01	 127.jpg	 i	 7.377719e-01	 45	 0	 
BMI_bfr_122	 2	 9	 25	 1	 1	 4.961944e+01	 112.jpg	 i	 1.045077e+00	 15	 0	 
BMI_bfr_122	 2	 3	 26	 1	 1	 5.172184e+01	 105.jpg	 i	 5.177410e-01	 6	 1	 
BMI_bfr_122	 2	 54	 27	 0	 0	 5.329029e+01	 206.jpg	 u	 9.632039e-01	 0	 0	 
BMI_bfr_122	 2	 27	 28	 1	 1	 5.530920e+01	 137.jpg	 i	 8.455725e-01	 52	 0	 
BMI_bfr_122	 2	 10	 29	 1	 1	 5.721139e+01	 113.jpg	 i	 7.996994e-01	 12	 0	 
BMI_bfr_122	 2	 17	 30	 1	 1	 5.906341e+01	 122.jpg	 i	 5.228083e-01	 20	 0	 
BMI_bfr_122	 2	 74	 31	 0	 0	 6.063181e+01	 226.jpg	 u	 6.531875e-01	 0	 0	 
BMI_bfr_122	 2	 47	 32	 1	 1	 6.233371e+01	 159.jpg	 i	 6.838403e-01	 35	 1	 
BMI_bfr_122	 2	 80	 33	 0	 0	 6.406903e+01	 232.jpg	 u	 6.586484e-01	 0	 0	 
BMI_bfr_122	 2	 50	 34	 0	 0	 6.577088e+01	 202.jpg	 u	 6.443730e-01	 0	 0	 
BMI_bfr_122	 2	 42	 35	 1	 1	 6.747289e+01	 154.jpg	 i	 8.436839e-01	 37	 0	 
BMI_bfr_122	 2	 48	 36	 1	 1	 6.935821e+01	 160.jpg	 i	 6.010232e-01	 23	 1	 
BMI_bfr_122	 2	 1	 37	 1	 1	 7.101015e+01	 102.jpg	 i	 5.465871e-01	 3	 1	 
BMI_bfr_122	 2	 79	 38	 0	 0	 7.261195e+01	 231.jpg	 u	 6.661174e-01	 0	 0	 
BMI_bfr_122	 2	 7	 39	 1	 1	 7.433056e+01	 110.jpg	 i	 6.688314e-01	 19	 1	 
BMI_bfr_122	 2	 38	 40	 1	 1	 7.604906e+01	 150.jpg	 i	 8.178755e-01	 54	 1	 
BMI_bfr_122	 2	 23	 41	 1	 0	 7.791785e+01	 132.jpg	 u	 9.741822e-01	 43	 1	 
BMI_bfr_122	 2	 18	 42	 1	 1	 7.993683e+01	 124.jpg	 i	 8.790637e-01	 9	 1	 
BMI_bfr_122	 2	 62	 43	 0	 0	 8.187236e+01	 214.jpg	 u	 6.986345e-01	 0	 0	 
BMI_bfr_122	 2	 13	 44	 1	 1	 8.362429e+01	 116.jpg	 i	 7.355498e-01	 17	 1	 
BMI_bfr_122	 2	 65	 45	 0	 0	 8.540960e+01	 217.jpg	 u	 6.828801e-01	 0	 0	 
BMI_bfr_122	 2	 36	 46	 1	 1	 8.714495e+01	 148.jpg	 i	 8.263106e-01	 49	 1	 
BMI_bfr_122	 2	 86	 47	 0	 0	 8.903035e+01	 238.jpg	 u	 6.959984e-01	 0	 0	 
BMI_bfr_122	 2	 30	 48	 1	 1	 9.078224e+01	 142.jpg	 i	 8.904299e-01	 21	 0	 
BMI_bfr_122	 2	 55	 49	 0	 0	 9.271783e+01	 207.jpg	 u	 8.561669e-01	 0	 0	 
BMI_bfr_122	 2	 52	 50	 0	 0	 9.461987e+01	 204.jpg	 u	 1.102994e+00	 0	 0	 
BMI_bfr_122	 2	 87	 51	 0	 1	 9.677229e+01	 239.jpg	 i	 9.306809e-01	 0	 0	 
BMI_bfr_122	 2	 40	 52	 1	 1	 9.875787e+01	 152.jpg	 i	 5.426158e-01	 22	 1	 
BMI_bfr_122	 2	 66	 53	 0	 0	 1.003430e+02	 218.jpg	 u	 6.676655e-01	 0	 0	 
BMI_bfr_122	 2	 51	 54	 0	 0	 1.020617e+02	 203.jpg	 u	 6.928053e-01	 0	 0	 
BMI_bfr_122	 2	 64	 55	 0	 0	 1.037970e+02	 216.jpg	 u	 5.887481e-01	 0	 0	 
BMI_bfr_122	 2	 32	 56	 1	 1	 1.054321e+02	 144.jpg	 i	 1.327532e+00	 58	 1	 
BMI_bfr_122	 2	 77	 57	 0	 1	 1.078014e+02	 229.jpg	 i	 9.271042e-01	 0	 0	 
BMI_bfr_122	 2	 16	 58	 1	 1	 1.097702e+02	 120.jpg	 i	 7.358683e-01	 10	 0	 
BMI_bfr_122	 2	 60	 59	 0	 0	 1.115556e+02	 212.jpg	 u	 8.067364e-01	 0	 0	 
BMI_bfr_122	 2	 25	 60	 1	 1	 1.134077e+02	 135.jpg	 i	 6.423202e-01	 47	 0	 
BMI_bfr_122	 2	 57	 61	 0	 0	 1.150929e+02	 209.jpg	 u	 6.334583e-01	 0	 0	 
BMI_bfr_122	 2	 89	 62	 0	 0	 1.167781e+02	 241.jpg	 u	 6.582934e-01	 0	 0	 
BMI_bfr_122	 2	 26	 63	 1	 1	 1.184801e+02	 136.jpg	 i	 1.015133e+00	 38	 1	 
BMI_bfr_122	 2	 92	 64	 0	 0	 1.205490e+02	 244.jpg	 u	 6.787997e-01	 0	 0	 
BMI_bfr_122	 2	 44	 65	 1	 1	 1.222842e+02	 156.jpg	 i	 9.574266e-01	 18	 0	 
BMI_bfr_122	 2	 6	 66	 1	 1	 1.242865e+02	 108.jpg	 i	 5.076640e-01	 14	 1	 
BMI_bfr_122	 2	 4	 67	 1	 1	 1.258383e+02	 106.jpg	 i	 4.860148e-01	 11	 1	 
BMI_bfr_122	 2	 53	 68	 0	 0	 1.273733e+02	 205.jpg	 u	 6.385233e-01	 0	 0	 
BMI_bfr_122	 2	 12	 69	 1	 1	 1.290586e+02	 115.jpg	 i	 7.309236e-01	 36	 0	 
BMI_bfr_122	 2	 59	 70	 0	 0	 1.308439e+02	 211.jpg	 u	 8.355806e-01	 0	 0	 
BMI_bfr_122	 2	 5	 71	 1	 1	 1.327293e+02	 107.jpg	 i	 5.590571e-01	 4	 0	 
BMI_bfr_122	 2	 11	 72	 1	 1	 1.343311e+02	 114.jpg	 i	 6.222927e-01	 5	 0	 
BMI_bfr_122	 2	 43	 73	 1	 0	 1.359996e+02	 155.jpg	 u	 6.413624e-01	 41	 1	 
BMI_bfr_122	 2	 45	 74	 1	 0	 1.376848e+02	 157.jpg	 u	 6.324844e-01	 48	 1	 
BMI_bfr_122	 2	 69	 75	 0	 0	 1.393700e+02	 221.jpg	 u	 6.911595e-01	 0	 0	 
BMI_bfr_122	 2	 34	 76	 1	 1	 1.411054e+02	 146.jpg	 i	 7.783513e-01	 55	 1	 
BMI_bfr_122	 2	 73	 77	 0	 0	 1.429407e+02	 225.jpg	 u	 6.193990e-01	 0	 0	 
BMI_bfr_122	 2	 39	 78	 1	 1	 1.446094e+02	 151.jpg	 i	 8.295084e-01	 24	 0	 
BMI_bfr_122	 2	 70	 79	 0	 0	 1.464947e+02	 222.jpg	 u	 7.442604e-01	 0	 0	 
BMI_bfr_122	 2	 78	 80	 0	 0	 1.482967e+02	 230.jpg	 u	 9.111675e-01	 0	 0	 
BMI_bfr_122	 2	 49	 81	 0	 0	 1.502657e+02	 201.jpg	 u	 6.522806e-01	 0	 0	 
BMI_bfr_122	 2	 46	 82	 1	 1	 1.519676e+02	 158.jpg	 i	 9.529197e-01	 51	 1	 
BMI_bfr_122	 2	 35	 83	 1	 1	 1.539698e+02	 147.jpg	 i	 7.845631e-01	 53	 0	 
BMI_bfr_122	 2	 68	 84	 0	 0	 1.558052e+02	 220.jpg	 u	 6.029465e-01	 0	 0	 
BMI_bfr_122	 2	 95	 85	 0	 0	 1.574570e+02	 247.jpg	 u	 6.050125e-01	 0	 0	 
BMI_bfr_122	 2	 82	 86	 0	 0	 1.591088e+02	 234.jpg	 u	 9.670493e-01	 0	 0	 
BMI_bfr_122	 2	 85	 87	 0	 0	 1.611278e+02	 237.jpg	 u	 8.043518e-01	 0	 0	 
BMI_bfr_122	 2	 76	 88	 0	 0	 1.629798e+02	 228.jpg	 u	 6.511702e-01	 0	 0	 
BMI_bfr_122	 2	 75	 89	 0	 0	 1.646818e+02	 227.jpg	 u	 6.143087e-01	 0	 0	 
BMI_bfr_122	 2	 28	 90	 1	 1	 1.663504e+02	 138.jpg	 i	 1.634620e+00	 50	 0	 
BMI_bfr_122	 2	 21	 91	 1	 1	 1.690366e+02	 130.jpg	 i	 6.471350e-01	 44	 0	 
BMI_bfr_122	 2	 93	 92	 0	 1	 1.707386e+02	 245.jpg	 i	 1.487838e+00	 0	 0	 
BMI_bfr_122	 2	 63	 93	 0	 0	 1.732748e+02	 215.jpg	 u	 5.604359e-01	 0	 0	 
BMI_bfr_122	 2	 15	 94	 1	 0	 1.748932e+02	 119.jpg	 u	 1.192112e+00	 25	 0	 
BMI_bfr_122	 2	 20	 95	 1	 1	 1.771290e+02	 129.jpg	 i	 7.226498e-01	 42	 0	 
BMI_bfr_122	 2	 91	 96	 0	 0	 1.788977e+02	 243.jpg	 u	 6.415844e-01	 0	 0	 
