1	31	138.jpg	1	1	1	1	45
2	93	245.jpg	0	1	0	0	0
3	35	142.jpg	1	1	1	1	52
4	27	132.jpg	1	1	0	1	46
5	12	114.jpg	1	1	0	0	22
6	44	154.jpg	1	1	0	0	49
7	10	112.jpg	1	1	0	1	23
8	4	104.jpg	1	1	0	1	26
9	66	218.jpg	0	1	0	0	0
10	37	144.jpg	1	1	0	1	40
11	30	137.jpg	1	1	1	1	24
12	3	103.jpg	1	1	0	0	6
13	8	110.jpg	1	1	0	1	35
14	11	113.jpg	1	1	1	0	15
15	43	153.jpg	1	1	1	0	42
16	40	150.jpg	1	1	1	1	56
17	20	123.jpg	1	1	0	1	14
18	48	159.jpg	1	1	0	0	43
19	65	217.jpg	0	1	0	1	0
20	25	130.jpg	1	1	0	1	8
21	2	102.jpg	1	1	1	0	18
22	90	242.jpg	0	1	0	1	0
23	52	204.jpg	0	1	0	0	0
24	26	131.jpg	1	1	0	0	58
25	73	225.jpg	0	1	0	1	0
26	33	140.jpg	1	1	1	0	53
27	5	106.jpg	1	1	1	0	20
28	95	247.jpg	0	1	0	0	0
29	24	127.jpg	1	1	1	1	25
30	13	115.jpg	1	1	0	1	48
31	46	157.jpg	1	1	1	0	50
32	15	117.jpg	1	1	1	0	7
33	21	124.jpg	1	1	0	1	16
34	9	111.jpg	1	1	1	0	12
35	84	236.jpg	0	1	0	0	0
36	38	147.jpg	1	1	1	1	13
37	36	143.jpg	1	1	1	1	10
38	70	222.jpg	0	1	0	0	0
39	19	122.jpg	1	1	0	1	9
40	14	116.jpg	1	1	0	0	17
41	7	108.jpg	1	1	0	0	3
42	18	120.jpg	1	1	0	1	19
43	23	126.jpg	1	1	0	0	51
44	81	233.jpg	0	1	0	1	0
45	45	156.jpg	1	1	1	0	37
46	39	148.jpg	1	1	0	0	41
47	16	118.jpg	1	1	1	1	5
48	42	152.jpg	1	1	1	1	4
