1	 69	 221.jpg	 0	 0	 0	 0	 
2	 11	 115.jpg	 1	 1	 6	 1	 
3	 24	 130.jpg	 1	 1	 4	 0	 
4	 40	 149.jpg	 1	 1	 21	 0	 
5	 88	 240.jpg	 0	 0	 0	 0	 
6	 38	 147.jpg	 1	 1	 25	 0	 
7	 77	 229.jpg	 0	 0	 0	 0	 
8	 17	 122.jpg	 1	 1	 24	 0	 
9	 15	 119.jpg	 1	 1	 15	 0	 
10	 53	 205.jpg	 0	 0	 0	 0	 
11	 6	 106.jpg	 1	 1	 54	 1	 
12	 65	 217.jpg	 0	 1	 0	 0	 
13	 86	 238.jpg	 0	 0	 0	 0	 
14	 19	 125.jpg	 1	 1	 38	 1	 
15	 26	 133.jpg	 1	 1	 18	 0	 
16	 9	 112.jpg	 1	 1	 36	 0	 
17	 2	 102.jpg	 1	 1	 13	 0	 
18	 10	 114.jpg	 1	 1	 41	 1	 
19	 18	 123.jpg	 1	 1	 37	 0	 
20	 71	 223.jpg	 0	 0	 0	 0	 
21	 61	 213.jpg	 0	 0	 0	 0	 
22	 25	 131.jpg	 1	 1	 26	 1	 
23	 41	 150.jpg	 1	 1	 58	 1	 
24	 96	 248.jpg	 0	 0	 0	 0	 
25	 46	 157.jpg	 1	 1	 12	 0	 
26	 64	 216.jpg	 0	 0	 0	 0	 
27	 45	 156.jpg	 1	 1	 20	 0	 
28	 94	 246.jpg	 0	 0	 0	 0	 
29	 82	 234.jpg	 0	 0	 0	 0	 
30	 56	 208.jpg	 0	 0	 0	 0	 
31	 85	 237.jpg	 0	 0	 0	 0	 
32	 90	 242.jpg	 0	 1	 0	 0	 
33	 20	 126.jpg	 1	 1	 11	 1	 
34	 81	 233.jpg	 0	 0	 0	 0	 
35	 28	 135.jpg	 1	 1	 42	 0	 
36	 48	 160.jpg	 1	 1	 35	 1	 
37	 34	 141.jpg	 1	 1	 16	 1	 
38	 36	 144.jpg	 1	 1	 50	 0	 
39	 57	 209.jpg	 0	 0	 0	 0	 
40	 73	 225.jpg	 0	 0	 0	 0	 
41	 22	 128.jpg	 1	 1	 40	 1	 
42	 83	 235.jpg	 0	 1	 0	 0	 
43	 70	 222.jpg	 0	 0	 0	 0	 
44	 91	 243.jpg	 0	 0	 0	 0	 
45	 80	 232.jpg	 0	 0	 0	 0	 
46	 54	 206.jpg	 0	 0	 0	 0	 
47	 55	 207.jpg	 0	 0	 0	 0	 
48	 62	 214.jpg	 0	 0	 0	 0	 
49	 43	 152.jpg	 1	 1	 5	 0	 
50	 74	 226.jpg	 0	 0	 0	 0	 
51	 59	 211.jpg	 0	 0	 0	 0	 
52	 93	 245.jpg	 0	 0	 0	 0	 
53	 14	 118.jpg	 1	 1	 10	 0	 
54	 63	 215.jpg	 0	 0	 0	 0	 
55	 27	 134.jpg	 1	 1	 22	 1	 
56	 78	 230.jpg	 0	 0	 0	 0	 
57	 49	 201.jpg	 0	 0	 0	 0	 
58	 51	 203.jpg	 0	 0	 0	 0	 
59	 29	 136.jpg	 1	 0	 48	 1	 
60	 37	 145.jpg	 1	 0	 57	 0	 
61	 79	 231.jpg	 0	 0	 0	 0	 
62	 87	 239.jpg	 0	 0	 0	 0	 
63	 32	 139.jpg	 1	 1	 45	 0	 
64	 50	 202.jpg	 0	 0	 0	 0	 
65	 95	 247.jpg	 0	 0	 0	 0	 
66	 5	 105.jpg	 1	 1	 14	 1	 
67	 31	 138.jpg	 1	 1	 39	 0	 
68	 84	 236.jpg	 0	 0	 0	 0	 
69	 16	 120.jpg	 1	 1	 43	 1	 
70	 8	 111.jpg	 1	 1	 51	 1	 
71	 30	 137.jpg	 1	 1	 44	 0	 
72	 76	 228.jpg	 0	 0	 0	 0	 
73	 92	 244.jpg	 0	 0	 0	 0	 
74	 75	 227.jpg	 0	 0	 0	 0	 
75	 66	 218.jpg	 0	 0	 0	 0	 
76	 4	 104.jpg	 1	 1	 19	 1	 
77	 39	 148.jpg	 1	 0	 49	 1	 
78	 67	 219.jpg	 0	 0	 0	 0	 
79	 52	 204.jpg	 0	 0	 0	 0	 
80	 12	 116.jpg	 1	 1	 8	 1	 
81	 42	 151.jpg	 1	 1	 9	 1	 
82	 3	 103.jpg	 1	 1	 3	 1	 
83	 35	 142.jpg	 1	 1	 17	 1	 
84	 23	 129.jpg	 1	 1	 23	 1	 
85	 13	 117.jpg	 1	 1	 56	 0	 
86	 44	 153.jpg	 1	 1	 52	 0	 
87	 58	 210.jpg	 0	 0	 0	 0	 
88	 21	 127.jpg	 1	 1	 53	 0	 
89	 72	 224.jpg	 0	 0	 0	 0	 
90	 33	 140.jpg	 1	 0	 46	 1	 
91	 7	 108.jpg	 1	 1	 47	 0	 
92	 1	 101.jpg	 1	 1	 7	 0	 
93	 68	 220.jpg	 0	 0	 0	 0	 
94	 47	 158.jpg	 1	 1	 55	 1	 
95	 60	 212.jpg	 0	 0	 0	 0	 
96	 89	 241.jpg	 0	 0	 0	 0	 
