subjectID	order	runNum	itemName	onsetTime	shuff_trialType	RT	respInTime	AudioTime	response	fixationTime	ladder1	ladder2	bidIndex	BDMtrialIndex	bidValue
BOA_112	 2	 13	 BagaleShtuhim.bmp	 1.589712e+03	 24	 999000	 240	 999000	 999	 1.590730e+03	 550.00	 616.67	 39.00	 48	 0.13	 
BOA_112	 2	 13	 Cheetos.bmp	 1.591698e+03	 11	 7.841688e+02	 110	 5.500545e+02	 98	 1.592732e+03	 566.67	 616.67	 14.00	 28	 6.00	 
BOA_112	 2	 13	 Tortit.bmp	 1.595702e+03	 24	 999000	 240	 999000	 999	 1.596720e+03	 566.67	 616.67	 50.00	 25	 0.07	 
BOA_112	 2	 13	 BisliOnion.bmp	 1.598706e+03	 22	 8.403268e+02	 220	 6.167382e+02	 98	 1.599740e+03	 566.67	 633.33	 48.00	 11	 0.07	 
BOA_112	 2	 13	 ChocolateParaCookies5.bmp	 1.600691e+03	 12	 999000	 120	 999000	 999	 1.601709e+03	 566.67	 633.33	 15.00	 50	 5.96	 
BOA_112	 2	 13	 KifkefMaklot2.bmp	 1.603695e+03	 12	 999000	 120	 999000	 999	 1.604712e+03	 566.67	 633.33	 19.00	 29	 4.87	 
BOA_112	 2	 13	 DoritosNatural.bmp	 1.607699e+03	 24	 999000	 240	 999000	 999	 1.608717e+03	 566.67	 633.33	 40.00	 51	 0.13	 
BOA_112	 2	 13	 BambaSweet.bmp	 1.611704e+03	 22	 1.290366e+03	 2200	 6.333823e+02	 98	 1.612739e+03	 566.67	 583.33	 51.00	 37	 0.07	 
BOA_112	 2	 13	 Bamba.bmp	 1.613706e+03	 22	 8.001884e+02	 220	 5.833779e+02	 98	 1.614740e+03	 566.67	 600.00	 43.00	 21	 0.11	 
BOA_112	 2	 13	 Kitkat.bmp	 1.618695e+03	 12	 999000	 120	 999000	 999	 1.619713e+03	 566.67	 600.00	 10.00	 16	 7.47	 
BOA_112	 2	 13	 ClickBlackWhite3.bmp	 1.620697e+03	 12	 999000	 120	 999000	 999	 1.621715e+03	 566.67	 600.00	 18.00	 9	 5.51	 
BOA_112	 2	 13	 CrunchBisquitBrown3.bmp	 1.622699e+03	 12	 999000	 120	 999000	 999	 1.623717e+03	 566.67	 600.00	 5.00	 18	 7.98	 
BOA_112	 2	 13	 KashitSour.bmp	 1.628706e+03	 24	 999000	 240	 999000	 999	 1.629724e+03	 566.67	 600.00	 57.00	 31	 0.04	 
BOA_112	 2	 13	 Apropo.bmp	 1.630708e+03	 12	 999000	 120	 999000	 999	 1.631726e+03	 566.67	 600.00	 21.00	 45	 4.38	 
BOA_112	 2	 13	 DoritosGrill.bmp	 1.632694e+03	 11	 1.108252e+03	 1100	 5.667168e+02	 98	 1.633729e+03	 516.67	 600.00	 16.00	 41	 5.93	 
BOA_112	 2	 13	 KinderJoy.bmp	 1.634696e+03	 12	 999000	 120	 999000	 999	 1.635714e+03	 516.67	 600.00	 20.00	 38	 4.80	 
BOA_112	 2	 13	 ClickXLwhite4.bmp	 1.638701e+03	 12	 999000	 120	 999000	 999	 1.639718e+03	 516.67	 600.00	 4.00	 20	 8.11	 
BOA_112	 2	 13	 Twist.bmp	 1.642705e+03	 24	 999000	 240	 999000	 999	 1.643723e+03	 516.67	 600.00	 41.00	 54	 0.13	 
BOA_112	 2	 13	 BambaNugat.bmp	 1.645691e+03	 12	 999000	 120	 999000	 999	 1.646710e+03	 516.67	 600.00	 13.00	 56	 6.09	 
BOA_112	 2	 13	 ClickXLbrown4.bmp	 1.649696e+03	 11	 7.298203e+02	 110	 5.167163e+02	 98	 1.650731e+03	 533.33	 600.00	 9.00	 15	 7.47	 
BOA_112	 2	 13	 Loacker.bmp	 1.652700e+03	 12	 999000	 120	 999000	 999	 1.653717e+03	 533.33	 600.00	 7.00	 17	 7.69	 
BOA_112	 2	 13	 Snickers.bmp	 1.654702e+03	 12	 999000	 120	 999000	 999	 1.655720e+03	 533.33	 600.00	 12.00	 10	 6.11	 
BOA_112	 2	 13	 Mentos.bmp	 1.658706e+03	 12	 999000	 120	 999000	 999	 1.659724e+03	 533.33	 600.00	 22.00	 24	 4.31	 
BOA_112	 2	 13	 Halva2.bmp	 1.660692e+03	 24	 999000	 240	 999000	 999	 1.661710e+03	 533.33	 600.00	 42.00	 57	 0.13	 
BOA_112	 2	 13	 Bounty.bmp	 1.662694e+03	 22	 1.227945e+03	 2200	 6.000429e+02	 98	 1.663731e+03	 533.33	 550.00	 46.00	 33	 0.09	 
BOA_112	 2	 13	 Mekupelet.bmp	 1.666699e+03	 22	 7.194273e+02	 220	 5.500418e+02	 98	 1.667735e+03	 533.33	 566.67	 49.00	 12	 0.07	 
BOA_112	 2	 13	 KinderBuenoWhite2.bmp	 1.668701e+03	 11	 7.251535e+02	 110	 5.333872e+02	 98	 1.669735e+03	 550.00	 566.67	 17.00	 39	 5.89	 
BOA_112	 2	 13	 BabyDoll.bmp	 1.672705e+03	 24	 999000	 240	 999000	 999	 1.673723e+03	 550.00	 566.67	 58.00	 32	 0.04	 
BOA_112	 2	 13	 Smarties.bmp	 1.676693e+03	 24	 999000	 240	 999000	 999	 1.677711e+03	 550.00	 566.67	 45.00	 60	 0.11	 
BOA_112	 2	 13	 KinderBuenoBrown3.bmp	 1.679697e+03	 12	 999000	 120	 999000	 999	 1.680714e+03	 550.00	 566.67	 6.00	 52	 7.73	 
BOA_112	 2	 13	 Tictac.bmp	 1.685703e+03	 22	 1.082854e+03	 2200	 5.667109e+02	 98	 1.686738e+03	 550.00	 516.67	 54.00	 7	 0.04	 
BOA_112	 2	 13	 ChocolateParaMarir2.bmp	 1.687705e+03	 24	 999000	 240	 999000	 999	 1.688723e+03	 550.00	 516.67	 47.00	 4	 0.07	 
BOA_112	 2	 13	 ClickBalls5.bmp	 1.691693e+03	 11	 1.212741e+03	 1100	 5.500450e+02	 98	 1.692729e+03	 500.00	 516.67	 8.00	 26	 7.53	 
BOA_112	 2	 13	 Hit.bmp	 1.693696e+03	 24	 999000	 240	 999000	 999	 1.694713e+03	 500.00	 516.67	 55.00	 8	 0.04	 
BOA_112	 2	 13	 ClickBisquit2.bmp	 1.695698e+03	 12	 999000	 120	 999000	 999	 1.696716e+03	 500.00	 516.67	 3.00	 53	 8.53	 
BOA_112	 2	 13	 PesekZman.bmp	 1.697700e+03	 11	 8.060879e+02	 110	 5.000493e+02	 98	 1.698735e+03	 516.67	 516.67	 11.00	 30	 7.11	 
BOA_112	 2	 13	 GumiWine2.bmp	 1.702706e+03	 24	 999000	 240	 999000	 999	 1.703723e+03	 516.67	 516.67	 53.00	 6	 0.04	 
BOA_112	 2	 13	 Tapuchips.bmp	 1.704708e+03	 24	 999000	 240	 999000	 999	 1.705726e+03	 516.67	 516.67	 52.00	 49	 0.07	 
BOA_112	 2	 13	 Taami.bmp	 1.706694e+03	 24	 999000	 240	 999000	 999	 1.707711e+03	 516.67	 516.67	 44.00	 55	 0.11	 
BOA_112	 2	 13	 DoritosSourSpicy.bmp	 1.709697e+03	 24	 999000	 240	 999000	 999	 1.710715e+03	 516.67	 516.67	 56.00	 13	 0.04	 
