201 1 1 1 1 1.062770
201 3 1 1 0 0.766820
201 4 2 0 1 0.614500
201 5 2 0 1 0.982410
201 6 1 0 0 1.118230
201 7 1 1 1 0.670080
201 8 2 0 1 0.845990
201 9 2 0 1 0.829830
201 10 2 0 1 0.669740
201 11 2 1 0 0.861600
201 12 1 0 1 0.957540
201 13 2 0 0 1.061360
201 14 1 1 0 1.221190
201 15 2 1 0 0.557410
201 16 2 0 1 0.805050
201 17 2 0 0 1.300710
201 18 1 0 0 1.340450
201 19 2 1 0 1.028200
201 20 1 0 0 1.156180
201 21 1 1 0 0.932120
201 22 2 1 0 0.763950
201 23 1 0 1 0.603870
201 24 1 1 0 1.339720
201 26 1 0 0 1.099440
201 27 1 1 1 0.667400
201 28 2 1 1 0.747270
201 29 1 0 1 0.667130
201 30 2 0 1 0.619050
201 31 1 1 1 1.074980
201 32 1 1 1 0.586820
201 33 2 1 1 0.938660
201 34 2 1 1 0.626480
201 36 2 0 1 0.954220
201 37 1 1 1 0.762180
201 38 2 0 1 0.570100
201 39 2 0 1 0.709040
201 40 1 1 1 1.260780
201 41 1 1 1 0.764600
201 42 2 1 0 0.596570
201 43 1 0 1 0.972360
201 44 1 1 1 0.764290
201 45 1 0 1 1.043980
201 46 2 0 1 0.643830
201 47 2 0 1 0.827750
201 48 1 0 1 0.755680
201 49 2 0 1 0.547600
201 50 2 0 1 0.955450
201 51 1 0 0 0.875290
201 53 2 1 1 1.026990
201 54 1 0 1 1.058790
201 55 1 0 1 1.026630
201 56 2 1 1 0.714540
201 57 1 1 1 0.682400
201 58 2 0 1 0.914330
201 59 2 0 0 1.442150
201 60 2 1 1 1.178010
201 62 1 1 1 1.225840
201 63 1 1 0 0.993490
201 64 2 0 1 0.657410
201 65 1 1 1 1.065340
201 66 2 0 1 1.041080
201 67 2 1 1 0.905010
201 68 1 1 1 0.944840
201 69 1 0 1 1.120700
201 70 2 1 1 1.120540
201 71 2 0 1 0.984440
201 72 1 1 1 1.168270
201 73 1 1 0 1.200050
201 74 2 1 0 0.976030
201 75 2 0 1 0.815960
201 76 1 0 0 0.919800
201 77 1 0 1 1.083380
201 78 1 1 1 0.643230
201 79 2 0 0 0.819030
201 80 2 0 1 1.162960
201 81 2 1 1 1.002840
201 82 1 1 1 0.946770
201 83 2 0 0 0.714610
201 84 2 1 1 0.762520
201 85 2 1 1 1.466440
201 87 1 0 1 1.442210
201 88 2 1 1 0.762040
201 89 2 1 0 1.001970
201 90 1 0 1 0.881840
201 91 2 1 0 0.649700
201 92 2 1 1 0.945550
201 93 1 0 0 0.905290
201 94 1 1 1 0.601280
201 96 1 1 0 0.904980
201 97 2 1 1 0.864850
201 98 1 0 0 1.240730
201 99 2 0 1 0.848550
201 100 2 1 1 0.608360
201 102 2 1 0 0.624070
201 103 2 0 0 1.055980
201 104 1 1 1 0.631900
201 105 1 0 0 1.055760
201 106 1 0 1 0.943600
201 107 1 0 0 1.007420
201 108 1 0 0 0.663210
201 109 1 1 1 1.135000
201 110 1 1 1 0.734910
201 111 1 1 1 0.662750
201 112 2 0 1 0.870570
201 113 1 0 1 1.318510
201 114 2 0 1 0.614310
201 115 2 1 0 0.966490
201 116 2 1 1 0.774390
201 117 1 1 1 0.926200
201 118 2 1 1 0.846080
201 119 1 0 1 0.813930
201 120 2 1 0 0.797800
201 121 1 0 0 0.765480
201 122 1 0 1 0.877360
201 123 1 1 1 0.653290
201 124 2 1 1 1.093190
201 125 1 0 0 0.717010
201 126 2 1 0 0.932860
201 128 2 0 1 0.868610
201 129 2 1 1 1.164520
201 130 2 0 1 0.708330
201 131 1 0 0 0.772150
201 132 1 0 1 0.924120
201 133 2 1 1 0.675970
201 134 2 0 0 0.995850
201 135 1 0 1 0.659710
201 136 1 0 0 0.947570
201 137 1 1 1 0.995310
201 138 2 1 1 0.931390
201 140 2 0 1 1.058890
201 141 1 0 1 1.050820
201 142 2 0 1 0.890650
201 143 2 1 1 1.034510
201 144 1 1 0 0.962360
201 145 2 0 1 0.834160
201 146 1 0 0 0.810120
201 147 1 0 0 1.098580
201 148 2 1 1 0.914470
201 149 1 0 0 0.962250
201 150 2 1 1 1.034220
201 151 1 1 0 1.058140
201 152 1 1 0 0.802060
202 1 1 1 1 0.766880
202 2 1 1 1 0.862890
202 3 1 1 1 0.966900
202 4 1 0 1 1.102920
202 6 1 1 0 0.342960
202 7 2 0 0 0.310920
202 8 2 0 1 0.638960
202 9 2 1 1 0.374960
202 10 2 0 1 0.958960
202 12 2 1 1 0.294940
202 13 1 1 1 0.374940
202 14 1 1 0 0.510990
202 15 1 0 0 1.446990
202 16 2 0 1 0.335020
202 17 2 1 0 0.614970
202 18 2 0 1 0.591020
202 19 1 1 0 0.566990
202 20 1 0 1 0.471000
202 21 2 0 1 0.511030
202 22 1 0 1 0.631040
202 23 2 0 1 0.511070
202 24 2 0 0 0.567010
202 25 2 1 0 0.455040
202 26 1 1 1 0.551070
202 27 1 0 1 0.727060
202 28 2 1 1 0.639080
202 29 2 0 0 0.663070
202 30 1 1 1 0.543030
202 31 1 1 1 0.415080
202 32 1 1 1 0.455040
202 33 2 0 0 1.295040
202 34 2 0 1 1.031050
202 35 1 1 0 0.983060
202 36 2 0 1 0.527070
202 37 2 0 1 0.943120
202 38 1 1 1 0.775090
202 39 1 1 0 0.423790
202 40 2 0 1 0.415790
202 41 1 0 1 0.511810
202 42 1 0 1 0.847790
202 43 2 1 0 0.287810
202 44 2 1 0 0.487810
202 45 1 1 0 0.455810
202 46 1 0 1 0.799830
202 49 2 1 1 0.351880
202 50 1 0 1 1.311840
202 51 2 1 0 0.759910
202 52 1 1 1 0.463880
202 53 2 0 0 0.551890
202 55 1 0 0 0.487850
202 56 1 0 1 0.423920
202 57 2 0 0 0.503930
202 59 1 1 1 0.511950
202 60 2 0 0 0.319940
202 61 2 0 1 0.583900
202 62 1 1 1 0.639940
202 63 1 1 0 0.391960
202 64 2 0 1 0.271970
202 66 1 0 0 0.271960
202 67 2 1 0 0.343930
202 68 2 0 1 0.303930
202 69 2 1 0 0.543930
202 70 1 0 1 0.591930
202 71 1 1 0 0.375940
202 72 2 0 0 0.527950
202 74 1 1 0 0.583960
202 75 2 1 1 0.544000
202 76 1 0 0 0.407970
202 77 1 0 1 0.370690
202 78 1 1 0 1.090670
202 79 2 0 1 0.986690
202 80 2 1 1 0.306730
202 81 2 0 1 0.394680
202 82 2 0 1 0.410700
202 83 2 1 0 0.218700
202 84 1 1 1 0.258720
202 85 2 1 1 0.554740
202 87 1 1 1 0.602710
202 88 1 1 1 0.602710
202 90 1 1 1 0.690770
202 91 2 1 0 0.698730
202 92 2 0 1 0.498770
202 93 1 1 0 0.810780
202 94 1 1 1 0.530800
202 96 2 0 0 0.458790
202 97 1 0 1 0.370760
202 98 2 0 0 0.442780
202 99 1 0 1 0.386790
202 100 2 1 0 0.426790
202 101 1 0 1 0.474820
202 102 2 0 0 0.506790
202 103 2 0 1 0.618800
202 105 2 1 0 0.378860
202 106 1 0 0 0.274840
202 107 2 1 0 0.482810
202 108 1 1 0 0.522830
202 109 2 1 0 0.306870
202 110 1 1 1 0.682860
202 111 2 1 0 0.314880
202 114 1 0 0 0.314840
202 115 1 0 0 0.560240
202 118 1 0 0 0.416220
202 124 1 0 0 0.528270
202 126 2 1 1 0.888280
202 127 2 1 1 0.328300
202 128 2 0 1 0.960250
202 129 1 1 1 0.448270
202 130 1 1 1 0.368260
202 132 2 0 0 0.432270
202 133 2 0 0 0.424320
202 135 1 0 0 0.640280
202 136 2 1 1 0.752300
202 137 1 1 1 0.456310
202 138 2 0 1 0.432360
202 139 1 1 1 0.792320
202 140 2 0 1 0.384360
202 142 1 0 0 0.368330
202 143 1 0 0 0.320380
202 144 2 1 1 0.320380
202 145 2 1 1 0.376350
202 146 2 0 0 0.496350
202 147 2 1 0 0.456400
202 149 1 0 1 0.368360
202 150 1 1 1 0.416370
202 151 1 0 0 0.672420
202 152 2 1 1 0.536430
203 1 1 0 0 1.119770
203 2 1 0 1 0.695670
203 3 2 1 0 0.767600
203 4 2 0 0 1.087350
203 5 1 0 1 0.791240
203 6 1 0 0 0.975100
203 7 1 1 1 1.047000
203 8 2 0 0 0.783160
203 9 1 0 0 0.886740
203 10 1 1 1 1.022600
203 11 2 1 0 0.982560
203 12 1 1 1 1.078320
203 13 2 0 0 0.630250
203 14 2 1 1 0.902230
203 15 2 1 0 1.006100
203 16 1 1 0 0.550030
203 17 1 0 1 0.941580
203 18 2 1 1 1.021290
203 19 2 0 1 0.989230
203 20 2 1 0 1.133100
203 21 1 0 1 0.740980
203 22 2 0 1 1.172800
203 24 1 0 0 0.844570
203 26 2 1 0 0.764360
203 27 1 1 0 0.708310
203 28 1 1 0 0.604170
203 29 1 0 1 0.627980
203 30 2 0 0 0.955930
203 31 2 0 1 0.803880
203 32 2 0 1 0.771720
203 33 2 1 0 1.219620
203 34 1 1 0 0.595370
203 35 2 1 0 0.803230
203 36 1 0 1 0.811110
203 37 1 1 0 0.619040
203 38 2 0 1 0.746990
203 39 1 0 1 0.787980
203 40 2 0 0 0.988000
203 41 1 1 1 0.971800
203 42 2 0 0 1.226480
203 43 1 0 1 0.723500
203 44 2 0 1 0.995360
203 45 2 1 0 1.011150
203 46 2 1 0 1.011220
203 47 1 0 1 0.683090
203 48 1 1 0 0.931000
203 49 1 0 0 1.090890
203 50 2 1 0 1.066700
203 51 2 0 0 1.162570
203 52 1 1 1 1.330490
203 53 1 1 0 0.738320
203 54 2 1 1 0.978380
203 55 2 1 0 1.050060
203 56 1 0 1 0.641930
203 57 1 0 1 0.969720
203 58 1 0 1 0.625650
203 59 1 0 0 0.977490
203 60 2 0 0 1.225390
203 61 1 1 1 1.065250
203 62 2 1 0 0.881010
203 63 2 1 0 0.592850
203 65 1 1 0 0.784680
203 66 1 0 0 0.984680
203 67 2 1 1 1.344370
203 69 2 0 0 1.111940
203 70 1 0 0 0.999860
203 71 2 1 1 0.935670
203 72 2 1 0 0.959530
203 73 1 0 0 0.975430
203 74 1 0 1 1.255190
203 75 2 1 0 0.879060
203 76 2 0 0 1.078930
203 77 2 1 0 1.135110
203 78 2 1 0 1.150980
203 79 2 0 0 0.710880
203 80 2 1 0 0.942710
203 81 2 1 0 0.774560
203 82 2 0 1 1.022520
203 83 2 1 0 0.646350
203 84 2 1 0 1.006270
203 85 2 1 0 0.742220
203 86 2 0 1 0.926100
203 87 1 1 0 0.813960
203 88 2 1 0 0.517780
203 89 1 1 0 0.717680
203 90 2 1 0 1.053620
203 91 1 1 0 0.733460
203 92 2 1 0 1.061240
203 93 1 1 1 1.117140
203 94 1 0 1 0.685060
203 95 1 1 0 0.908910
203 96 1 1 1 1.100710
203 97 2 1 0 1.028540
203 98 2 0 0 0.932430
203 99 2 0 0 0.700220
203 100 1 0 1 0.692080
203 101 1 1 1 1.124000
203 102 1 0 0 1.075740
203 104 1 0 0 1.035570
203 105 1 0 0 1.147450
203 108 1 0 0 0.906940
203 109 1 0 1 0.698700
203 110 1 0 0 0.722590
203 111 2 0 0 0.602490
203 112 1 0 0 0.826260
203 113 2 0 0 0.914220
203 114 1 1 1 1.090050
203 115 2 0 0 0.788500
203 116 2 0 0 0.620120
203 117 2 1 0 1.227930
203 118 1 0 0 0.803800
203 119 1 0 0 0.843650
203 120 1 1 1 0.987590
203 121 1 1 0 0.779430
203 122 2 0 0 1.051190
203 123 2 1 0 0.811030
203 124 1 0 1 0.754930
203 125 1 1 0 0.978910
203 126 1 1 1 0.650770
203 127 2 1 0 1.114650
203 128 1 1 0 0.922390
203 129 1 0 0 1.210320
203 130 1 1 0 0.946100
203 131 1 0 0 0.929980
203 132 2 0 0 0.633870
203 133 2 1 0 0.944320
203 134 2 1 0 1.177590
203 135 2 1 0 0.889470
203 136 1 0 1 1.257360
203 137 2 1 0 0.969170
203 138 2 1 0 0.929180
203 139 1 1 0 0.672850
203 140 2 0 0 0.976660
203 141 2 1 1 1.176650
203 142 2 0 0 1.152380
203 143 2 1 0 1.144370
203 144 1 1 0 0.752120
203 146 2 0 1 1.311840
203 147 1 1 1 1.127710
203 148 1 0 0 0.887530
203 149 1 0 0 0.783420
203 150 2 0 1 1.199350
203 151 1 0 1 0.647270
205 1 1 1 0 1.214500
205 2 2 1 0 1.462550
205 4 2 0 0 1.006620
205 5 1 0 1 0.726580
205 6 2 0 0 1.214520
205 7 1 0 1 0.886630
205 9 2 1 0 1.478630
205 11 2 1 0 1.094590
205 12 1 1 0 1.358600
205 13 2 0 0 1.118540
205 14 1 1 0 1.350600
205 15 1 0 0 1.230650
205 16 2 1 0 1.302620
205 17 1 1 0 1.030620
205 18 1 0 0 1.326660
205 19 1 0 0 1.350800
205 20 1 0 1 1.206620
205 25 1 1 0 1.382640
205 27 2 1 1 1.310680
205 28 1 1 0 0.870640
205 29 2 1 0 1.166690
205 30 2 0 1 1.126660
205 31 2 0 1 1.310650
205 32 1 0 0 0.862600
205 33 2 0 1 0.886700
205 34 1 0 1 1.302700
205 36 1 1 0 0.990700
205 38 2 0 1 0.894800
205 39 2 0 0 1.181960
205 40 2 0 0 0.981970
205 41 1 1 1 1.310020
205 43 2 0 0 1.014080
205 44 1 1 1 0.981950
205 45 2 0 1 1.142070
205 48 2 0 1 1.117970
205 49 1 1 1 0.798070
205 51 2 0 0 1.462040
205 52 1 0 0 0.861970
205 53 1 1 1 1.070060
205 54 2 0 1 1.230080
205 55 2 0 0 1.190050
205 56 1 0 0 1.150090
205 58 1 1 0 0.974040
205 59 2 1 1 1.278100
205 60 2 0 1 1.134010
205 61 1 1 0 1.462090
205 62 1 0 1 1.038120
205 63 2 1 0 1.318070
205 64 2 1 0 1.182070
205 65 2 1 1 1.318100
205 67 1 0 1 1.006000
205 68 1 1 1 1.326070
205 69 1 1 0 0.854080
205 70 2 0 1 1.054090
205 71 1 0 1 0.998120
205 73 1 0 1 0.846070
205 74 1 1 0 1.182080
205 75 2 0 1 1.406080
205 76 1 1 1 0.966090
205 77 1 1 0 1.367420
205 79 1 1 0 1.207450
205 80 1 1 0 1.079510
205 82 1 1 1 1.247470
205 83 2 1 1 1.263460
205 85 2 1 1 1.343470
205 86 2 0 1 0.919510
205 87 1 1 1 1.239470
205 89 1 0 0 1.087480
205 91 1 0 1 0.775480
205 92 1 0 0 1.063450
205 93 1 0 0 1.247530
205 94 2 0 0 0.935410
205 95 1 0 1 1.183540
205 96 1 0 1 0.871810
205 98 1 1 0 0.903490
205 99 2 1 1 1.471440
205 100 2 0 0 1.255540
205 101 2 0 0 1.087540
205 102 2 0 0 1.063540
205 106 2 0 1 0.999560
205 107 2 1 1 1.214870
205 108 2 1 1 0.758870
205 109 2 0 0 1.262870
205 110 1 0 0 0.678880
205 111 2 1 0 0.918880
205 112 1 0 1 1.222870
205 113 1 1 1 0.950820
205 114 2 1 1 0.782930
205 115 2 0 0 1.233540
205 116 1 0 0 1.033510
205 118 1 0 1 1.137570
205 119 1 0 0 1.129620
205 120 1 1 0 1.441520
205 121 2 0 0 1.033590
205 123 2 0 0 0.921600
205 124 1 1 0 1.281580
205 125 2 1 1 0.953640
205 126 1 1 1 0.785580
205 127 1 0 0 1.217640
205 128 1 0 0 1.113610
205 129 1 0 1 1.217600
205 130 2 0 1 1.129640
205 131 2 1 0 1.417650
205 133 2 1 1 1.177660
205 134 2 1 0 1.257670
205 135 2 0 0 0.897620
205 137 1 1 0 1.057630
205 139 1 0 1 1.161620
205 140 2 1 0 0.969680
205 141 2 1 0 1.265620
205 142 2 1 1 1.081640
205 143 2 0 0 1.393650
205 144 1 1 0 1.001690
205 145 2 0 1 1.009690
205 146 2 1 0 1.345700
205 147 1 1 0 0.777660
205 148 2 1 1 0.985700
205 149 1 1 1 0.953670
205 151 1 1 0 1.065670
205 152 1 1 1 0.849670
206 1 2 0 1 1.304810
206 2 1 1 0 1.144610
206 5 2 1 1 0.960100
206 6 2 1 0 1.016110
206 7 1 1 1 1.127770
206 8 2 0 1 1.383610
206 9 2 1 1 1.455440
206 10 2 0 1 1.207420
206 12 1 0 1 0.671240
206 13 1 1 1 1.207000
206 15 2 1 0 1.198670
206 16 1 0 1 1.414550
206 17 2 0 0 1.038400
206 19 2 0 1 1.118490
206 20 1 1 1 0.990030
206 22 1 1 1 0.741740
206 23 1 0 1 1.037660
206 24 2 1 0 0.989570
206 25 1 0 1 1.005230
206 26 1 0 1 0.589070
206 27 1 0 1 0.725070
206 28 2 0 1 0.884810
206 29 2 1 1 1.316720
206 30 2 1 0 1.060580
206 31 1 1 1 1.180310
206 32 1 0 0 1.060220
206 33 1 1 1 0.764160
206 34 1 0 1 1.019930
206 35 1 0 1 0.819870
206 36 1 0 1 1.107780
206 38 1 1 0 1.435600
206 40 1 1 0 1.183270
206 41 2 0 0 1.350860
206 42 1 1 1 1.022750
206 43 2 1 1 1.414970
206 44 1 1 1 0.798560
206 46 1 1 0 1.126300
206 48 1 0 0 1.046110
206 49 2 0 0 1.422000
206 50 2 1 1 1.373930
206 51 2 0 1 1.109700
206 52 2 1 1 1.405650
206 54 1 0 1 0.853350
206 55 2 0 0 1.181090
206 57 2 1 1 0.852920
206 58 2 0 1 0.956740
206 59 1 0 1 0.636740
206 60 2 0 0 0.916480
206 61 1 1 0 0.660340
206 63 2 1 1 0.931990
206 64 1 0 0 0.563730
206 66 2 1 1 0.739620
206 67 1 0 0 1.131550
206 68 1 1 0 1.083400
206 69 1 1 0 1.419110
206 70 1 1 1 0.906900
206 71 2 1 0 1.090650
206 72 1 1 0 1.010570
206 73 2 0 0 1.210510
206 74 1 0 0 0.914480
206 75 2 1 0 1.170150
206 76 1 0 0 0.673990
206 78 2 1 1 0.500860
206 79 2 0 1 0.708710
206 80 1 1 1 0.532630
206 81 2 0 1 0.860540
206 82 2 1 0 1.084420
206 83 1 0 0 0.892250
206 84 2 0 1 1.484000
206 85 1 0 0 0.507910
206 86 2 0 1 1.443760
206 87 1 1 1 1.411780
206 88 1 0 0 1.203590
206 89 1 1 0 1.459620
206 90 1 1 0 1.395290
206 91 2 0 1 1.083260
206 92 1 0 0 1.050950
206 94 1 0 0 0.634720
206 97 1 0 0 0.786210
206 99 2 1 1 0.601910
206 100 1 1 1 1.097820
206 101 1 1 0 0.617710
206 102 1 0 0 0.865520
206 104 2 0 0 0.753340
206 105 2 1 1 0.849260
206 107 1 1 0 0.817020
206 108 2 0 1 1.344820
206 109 1 1 0 0.832790
206 110 2 1 0 1.184630
206 111 2 0 0 0.704540
206 112 1 1 0 1.256130
206 113 2 1 1 1.112020
206 114 2 1 0 1.199840
206 116 1 1 0 0.644800
206 117 2 1 0 0.684700
206 118 2 1 0 0.596520
206 119 1 1 1 0.740360
206 120 1 0 0 0.988140
206 121 1 0 0 0.748080
206 122 2 0 1 1.267870
206 123 2 1 0 1.067800
206 124 2 1 0 0.971670
206 125 2 1 0 1.115630
206 126 1 0 1 0.659430
206 127 2 1 0 0.779320
206 128 1 1 1 0.979270
206 129 1 1 0 1.123180
206 130 1 0 0 0.939020
206 131 1 1 0 0.706600
206 132 2 0 0 1.154330
206 133 2 1 0 1.162250
206 134 1 0 0 0.970100
206 135 2 1 1 0.834060
206 136 1 1 0 1.105800
206 139 1 0 0 1.169620
206 140 1 0 0 1.049360
206 141 2 0 0 1.241310
206 142 2 0 0 0.969230
206 143 1 0 0 0.745010
206 145 1 0 0 0.568780
206 146 1 0 0 0.809360
206 147 1 0 0 1.057460
206 148 2 1 0 1.089060
206 150 2 0 1 0.696680
206 151 2 0 1 1.096760
206 152 1 1 1 0.968560
207 2 2 1 1 0.757700
207 3 1 1 0 0.837440
207 4 1 0 1 0.789280
207 5 2 1 1 0.637230
207 6 2 1 1 0.613390
207 7 1 1 0 0.684950
207 8 2 0 1 1.220800
207 9 2 1 1 0.652770
207 10 2 1 1 0.860500
207 11 1 1 0 0.876440
207 12 1 0 1 1.060220
207 13 2 0 1 0.932170
207 14 2 0 1 1.060040
207 16 2 0 1 1.051850
207 17 1 0 1 0.843420
207 18 2 1 1 1.107160
207 19 2 0 0 1.243000
207 21 1 0 1 0.874840
207 22 2 0 1 1.314630
207 24 1 0 1 1.002490
207 25 1 1 1 0.898350
207 26 2 1 0 0.818150
207 27 2 0 1 1.154060
207 28 1 1 1 1.033910
207 29 2 0 1 1.473870
207 30 1 0 0 0.793740
207 31 1 1 1 0.969620
207 32 2 1 1 0.841450
207 33 1 0 0 0.825350
207 34 1 0 1 0.849150
207 35 1 1 0 0.841130
207 37 2 1 1 0.728800
207 38 1 0 0 0.832740
207 39 2 1 1 1.010160
207 40 1 0 1 0.922000
207 41 1 1 1 0.841860
207 42 2 1 1 0.721790
207 43 1 1 0 0.873600
207 44 1 0 0 0.889510
207 46 1 0 1 0.785310
207 47 2 0 1 0.777190
207 48 2 0 1 0.921030
207 51 1 1 1 1.160680
207 52 2 1 1 1.072560
207 53 2 0 1 0.824490
207 54 2 0 1 0.832310
207 55 2 0 1 0.720100
207 56 1 1 0 1.039940
207 57 2 0 1 0.927790
207 58 2 1 0 0.719730
207 59 2 0 1 1.135490
207 60 2 1 0 1.175370
207 61 1 1 0 1.111260
207 62 2 0 1 0.823070
207 64 1 0 0 0.742780
207 65 1 1 0 0.822650
207 66 2 1 1 0.718600
207 67 1 0 1 0.638360
207 68 1 0 1 1.374620
207 69 2 1 0 1.237990
207 70 1 0 1 1.109870
207 71 2 1 1 0.837600
207 72 1 0 1 0.829450
207 73 1 1 0 1.021400
207 74 1 0 0 1.261220
207 75 1 1 0 1.213100
207 77 1 0 1 1.350360
207 78 2 1 1 1.278550
207 79 1 0 1 1.318160
207 80 1 0 0 1.214040
207 81 2 0 1 0.845970
207 82 2 0 1 1.109860
207 83 2 0 1 1.037620
207 84 1 1 1 1.317380
207 85 1 0 1 1.189300
207 86 1 1 0 0.957180
207 87 1 1 0 0.957150
207 88 1 0 0 0.876960
207 89 2 0 1 1.332840
207 91 1 0 0 1.276570
207 92 1 1 1 1.076370
207 94 1 0 1 0.596020
207 95 2 0 1 0.875950
207 96 2 0 1 1.411830
207 97 2 0 1 1.307580
207 98 2 1 1 1.307510
207 99 1 1 0 0.835440
207 100 1 1 0 0.699180
207 101 2 0 1 1.026940
207 102 2 0 1 0.698780
207 103 2 1 1 1.058750
207 104 2 0 1 0.818640
207 105 1 1 1 0.930580
207 106 2 1 1 1.162430
207 108 1 0 0 0.738190
207 109 2 1 1 0.666090
207 111 1 1 0 0.593850
207 112 2 0 0 0.809480
207 113 1 1 1 0.897240
207 114 2 1 1 0.849120
207 115 2 1 1 1.075240
207 116 1 1 1 0.859450
207 117 1 1 0 0.642960
207 118 2 1 0 1.018920
207 119 2 0 1 1.362800
207 120 2 1 1 1.146690
207 121 2 0 1 0.738520
207 122 2 1 1 0.994350
207 124 1 0 0 0.578100
207 125 1 0 0 0.946000
207 126 1 0 1 1.001810
207 127 1 0 0 1.145680
207 128 1 0 0 0.993770
207 129 2 1 1 0.657490
207 130 1 0 1 1.025220
207 131 2 0 1 0.809180
207 132 1 0 0 1.040930
207 133 2 1 0 0.688820
207 135 2 1 1 0.696490
207 136 2 1 1 0.800430
207 137 2 0 1 0.784160
207 138 1 0 0 0.776030
207 139 1 1 0 0.992050
207 140 2 1 0 1.055770
207 141 2 0 0 0.799670
207 142 1 1 0 0.815580
207 143 1 0 1 1.159470
207 145 1 1 0 0.927220
207 146 2 0 1 1.167120
207 147 1 1 0 0.638980
207 148 2 0 1 0.894830
207 149 1 1 0 0.646690
207 150 1 0 0 1.278380
207 151 2 0 1 0.918210
207 152 1 0 0 1.326050
209 1 1 1 0 0.827670
209 2 2 0 0 1.099550
209 3 2 1 0 0.875350
209 4 2 1 1 1.259330
209 5 1 1 1 0.771320
209 6 2 0 1 0.715070
209 7 2 1 0 1.178940
209 8 1 1 1 0.930790
209 9 2 0 1 0.642630
209 11 1 0 1 0.826640
209 12 1 0 1 1.058350
209 13 2 1 0 0.706210
209 14 1 0 0 0.946080
209 15 1 1 1 0.754000
209 16 1 1 0 1.201820
209 17 2 1 1 1.161640
209 18 1 1 1 1.249550
209 19 2 1 0 1.329400
209 20 1 0 0 0.673160
209 21 2 1 0 1.064980
209 22 2 0 0 1.000970
209 24 1 1 1 0.720740
209 25 2 0 0 0.776460
209 26 2 0 1 0.840240
209 27 2 0 0 0.624230
209 29 1 0 0 0.703950
209 30 1 1 0 0.839900
209 31 2 0 0 0.935510
209 32 2 1 1 0.727330
209 33 1 0 0 0.719120
209 34 1 0 1 1.055030
209 35 2 0 1 0.870910
209 36 1 0 1 0.758660
209 37 2 1 1 0.846590
209 38 1 0 0 1.262410
209 39 2 0 1 0.834400
209 40 2 1 1 0.834200
209 41 2 1 1 0.602040
209 42 2 1 1 0.897990
209 43 1 0 1 0.769730
209 44 2 0 0 0.881630
209 45 2 0 1 0.929320
209 46 1 1 1 0.977230
209 47 1 0 1 1.121110
209 48 2 0 1 0.872990
209 49 2 0 0 1.224850
209 50 1 0 1 1.096780
209 51 2 1 0 1.016630
209 54 1 1 1 0.880150
209 55 1 1 1 0.880140
209 56 1 0 0 0.671920
209 57 2 1 1 0.551690
209 58 2 1 1 0.831560
209 60 1 0 1 0.951370
209 61 2 0 1 0.839250
209 62 1 1 1 0.599180
209 63 1 1 1 0.646770
209 64 2 1 0 1.022610
209 65 2 0 0 1.182590
209 66 1 1 1 0.798370
209 67 2 0 1 1.158460
209 68 2 0 1 0.910060
209 69 1 1 1 1.013930
209 70 1 1 0 0.757750
209 72 1 1 0 0.613490
209 73 2 0 1 0.949370
209 74 2 0 1 0.749220
209 75 1 0 1 0.997170
209 76 1 1 1 1.165130
209 77 1 1 1 0.792360
209 78 1 0 0 0.592090
209 79 2 1 0 0.504000
209 80 2 0 1 0.703800
209 81 1 0 0 0.855650
209 83 1 0 0 0.711420
209 84 2 0 1 0.695240
209 85 2 1 1 0.647040
209 86 2 0 1 0.983010
209 87 2 0 1 0.927050
209 89 1 0 1 0.878650
209 90 2 1 1 0.974560
209 91 1 1 1 0.990480
209 92 2 1 1 0.966320
209 93 1 1 1 0.789910
209 95 1 1 1 0.957530
209 96 1 0 1 1.165440
209 97 2 0 1 0.749250
209 98 2 0 1 0.869110
209 100 1 0 1 1.124920
209 101 2 0 1 0.876820
209 103 2 1 0 0.772530
209 104 1 1 1 0.668460
209 105 1 1 1 0.836310
209 106 1 0 1 0.748220
209 107 2 0 1 0.940070
209 108 1 1 1 1.155920
209 109 1 0 0 0.635880
209 111 1 0 1 1.019520
209 112 2 1 1 1.235330
209 113 1 1 1 1.427300
209 114 2 1 1 0.987190
209 115 2 0 0 0.893460
209 116 1 0 1 0.421330
209 117 1 0 1 0.429170
209 119 2 0 1 0.676860
209 120 2 1 0 0.956740
209 121 2 1 1 0.956610
209 122 1 1 1 1.164630
209 123 1 1 1 0.796510
209 124 2 1 1 0.684540
209 125 1 0 1 1.020240
209 126 2 1 1 0.820100
209 127 2 1 1 1.059950
209 128 2 0 1 1.059820
209 129 2 1 0 0.963780
209 130 1 1 0 0.691720
209 131 2 0 1 0.907420
209 132 2 0 1 0.675280
209 133 1 1 0 1.107120
209 134 2 1 1 0.898920
209 135 1 0 1 1.018740
209 137 1 0 1 0.826730
209 138 2 1 1 0.802330
209 139 1 0 1 1.266140
209 140 1 1 0 1.458090
209 141 2 0 1 1.041970
209 142 1 0 1 0.546060
209 144 1 1 1 0.921560
209 145 2 1 1 0.913360
209 146 2 0 1 0.945100
209 147 1 0 1 0.440850
209 148 1 0 1 0.544800
209 149 1 0 1 0.672640
209 150 1 1 1 1.024650
209 151 2 0 0 1.032400
209 152 2 0 1 0.912170
211 1 2 0 0 0.982160
211 2 1 1 1 0.862300
211 4 1 0 1 0.830510
211 5 1 1 1 1.006710
211 7 2 1 0 0.998970
211 8 1 1 1 0.990440
211 9 1 1 1 0.830560
211 10 2 0 0 1.190680
211 11 1 0 0 0.750720
211 12 1 1 0 0.766880
211 13 1 1 0 0.646980
211 14 1 1 0 0.847050
211 15 1 1 0 0.887080
211 16 1 1 1 0.903270
211 17 1 1 1 0.711660
211 18 2 1 0 1.063830
211 19 2 0 0 0.984040
211 20 1 0 1 0.832080
211 21 1 1 1 0.736190
211 22 2 0 0 1.120360
211 23 2 1 1 0.808450
211 24 2 0 0 1.040540
211 25 1 0 1 0.712600
211 26 2 0 1 1.056790
211 27 2 0 1 1.320860
211 28 2 1 0 1.056950
211 29 2 1 0 1.241120
211 30 2 1 0 1.185180
211 31 1 1 1 0.705320
211 32 1 0 1 0.977440
211 33 2 0 0 1.001560
211 34 1 0 1 1.041720
211 35 2 0 1 1.193860
211 36 2 0 0 0.729960
211 37 2 0 0 0.866030
211 38 2 0 0 0.890160
211 39 1 0 0 1.171030
211 40 1 1 1 0.915210
211 41 1 0 0 0.651290
211 42 2 0 1 0.915370
211 43 1 1 1 1.115440
211 44 1 1 1 0.667570
211 45 2 0 1 1.147720
211 46 1 0 1 0.899920
211 47 2 1 1 1.148000
211 48 2 0 0 1.396130
211 50 2 1 0 1.036350
211 51 1 0 0 1.036430
211 52 1 1 1 0.996510
211 53 2 0 0 0.908650
211 54 1 1 0 0.772860
211 55 2 0 1 1.164940
211 57 1 1 0 0.653280
211 58 1 1 1 1.165440
211 59 2 1 0 0.709610
211 60 2 0 1 0.861700
211 61 1 1 1 0.613890
211 63 2 1 0 1.054170
211 64 2 0 1 1.006250
211 65 1 0 1 0.846390
211 66 2 1 1 1.046490
211 67 1 0 1 0.894570
211 68 2 1 1 0.886660
211 69 1 1 1 0.662770
211 70 1 1 1 0.686900
211 71 2 0 1 1.094990
211 72 1 1 1 0.879110
211 73 2 0 0 1.039170
211 74 2 1 0 1.191520
211 75 2 0 0 1.047680
211 76 1 0 1 1.039840
211 78 2 1 0 0.699460
211 79 1 1 1 0.659650
211 80 2 1 0 1.395700
211 81 1 1 1 0.683840
211 82 2 0 0 0.699940
211 83 2 0 0 0.908060
211 84 2 0 1 0.868200
211 85 2 1 0 0.940240
211 86 1 1 1 0.692420
211 87 1 1 1 0.612480
211 88 2 0 0 0.636620
211 89 1 0 0 0.860730
211 90 2 0 0 0.708820
211 91 1 1 1 0.660950
211 92 1 0 0 0.677110
211 94 2 1 0 0.821410
211 95 1 0 0 0.701530
211 96 1 1 0 0.661640
211 97 2 1 1 0.885850
211 98 1 0 1 0.821890
211 99 2 0 0 0.766050
211 100 1 1 0 0.886230
211 101 2 0 0 0.718400
211 102 2 1 1 0.822530
211 103 2 1 0 0.622570
211 104 1 1 1 0.806700
211 105 2 0 1 0.630860
211 106 1 0 0 0.550940
211 107 1 0 0 0.623170
211 108 1 0 0 0.919300
211 109 1 1 1 0.671580
211 110 2 0 0 0.871670
211 111 2 1 1 0.743750
211 112 2 0 0 0.727910
211 113 1 0 1 0.584060
211 114 1 0 0 0.608250
211 115 1 1 0 1.015730
211 116 2 1 0 0.855890
211 117 2 1 0 0.863980
211 118 1 1 1 0.584090
211 119 2 0 0 0.960160
211 120 2 1 1 0.880250
211 121 1 1 0 0.784500
211 122 1 0 1 0.712570
211 124 2 1 0 0.744820
211 125 2 0 0 0.528910
211 126 2 1 0 0.721110
211 127 1 0 1 0.801200
211 128 1 0 1 0.569300
211 129 1 0 1 0.529380
211 130 1 1 0 0.521600
211 131 2 1 0 0.801700
211 132 2 0 0 0.745280
211 133 1 0 0 0.577340
211 135 1 1 1 0.857670
211 136 1 1 1 0.609740
211 137 1 1 0 0.761930
211 138 2 1 0 0.594080
211 139 1 0 0 0.834230
211 140 2 0 0 0.610330
211 141 2 0 0 0.802420
211 142 2 0 0 0.858500
211 143 2 0 1 1.474570
211 144 1 0 0 0.506770
211 145 2 0 0 0.970840
211 146 2 0 1 0.914960
211 147 1 1 1 0.923080
211 148 2 1 1 0.739170
211 149 2 0 1 0.675290
211 150 1 0 0 0.907590
211 151 1 0 1 0.795810
211 152 1 1 1 0.979940
212 1 1 1 0 0.849000
212 2 1 0 0 0.984910
212 3 2 0 0 1.136750
212 4 2 1 1 1.072590
212 5 1 0 0 1.232490
212 6 1 1 0 1.360390
212 10 2 0 0 1.119880
212 11 2 0 1 1.223760
212 12 1 0 1 0.839670
212 13 2 0 1 1.079550
212 14 2 1 1 0.847470
212 15 2 1 0 0.351370
212 16 1 1 0 0.871170
212 17 2 1 0 1.254970
212 19 2 0 1 1.462660
212 20 1 0 1 1.006580
212 21 2 0 1 0.470340
212 22 2 0 0 0.918330
212 23 1 1 1 0.830190
212 24 1 1 0 1.261920
212 25 1 0 1 0.973830
212 26 1 1 1 0.973630
212 27 1 0 0 0.741490
212 28 2 1 0 1.069450
212 29 2 1 0 1.173290
212 30 1 1 0 0.997150
212 31 1 1 0 0.604950
212 32 2 0 1 0.820800
212 33 2 1 0 0.997080
212 34 2 0 0 1.461040
212 35 1 0 0 0.868930
212 36 1 1 1 0.788750
212 38 2 1 0 1.012490
212 39 2 1 0 0.626700
212 40 1 1 0 0.618700
212 41 2 1 0 0.570370
212 42 2 0 1 1.154280
212 43 2 1 1 0.442030
212 45 2 0 1 1.417610
212 46 1 1 0 1.401500
212 47 2 0 0 1.105390
212 48 1 1 1 0.769300
212 49 2 0 1 1.305210
212 50 1 0 0 1.217050
212 51 1 1 1 0.801000
212 52 1 0 1 1.176720
212 53 1 0 0 1.104520
212 56 2 0 1 1.216170
212 57 1 0 0 1.328020
212 58 1 0 0 1.279890
212 60 2 1 0 0.727630
212 61 2 1 0 0.559530
212 62 2 0 1 1.455370
212 63 1 0 1 1.039090
212 64 2 0 0 1.358960
212 65 2 1 0 0.886870
212 66 1 0 0 0.742730
212 67 1 0 0 1.310590
212 68 1 1 1 1.358310
212 69 2 0 0 1.142240
212 70 2 0 0 0.782170
212 71 1 1 1 0.773980
212 72 1 1 0 0.997800
212 73 2 1 1 1.069720
212 74 1 1 0 0.861560
212 75 1 1 0 0.757440
212 76 2 0 0 0.997450
212 77 1 1 0 0.843540
212 78 2 0 1 1.171320
212 79 1 0 1 0.835310
212 81 2 1 1 1.011120
212 82 1 0 0 0.643050
212 83 2 0 1 0.818780
212 84 2 1 0 1.178610
212 85 1 0 0 1.090590
212 87 2 0 1 0.866290
212 88 2 0 1 0.546170
212 90 2 0 1 0.465960
212 91 1 0 1 0.465810
212 92 1 0 1 0.425500
212 93 2 1 0 0.897510
212 94 1 0 0 0.569250
212 95 2 1 0 0.945090
212 96 2 1 0 0.920910
212 97 1 1 1 0.880770
212 98 2 1 0 0.984690
212 99 2 0 0 1.280530
212 100 1 1 0 0.720480
212 101 1 0 1 0.776160
212 102 1 0 1 1.008160
212 103 2 1 1 1.439970
212 104 1 1 1 1.231820
212 106 1 1 0 0.807590
212 108 1 0 1 0.895430
212 109 2 1 0 0.879290
212 110 1 0 0 0.991140
212 112 1 1 0 0.934580
212 113 2 1 0 1.166450
212 114 2 0 1 1.030310
212 115 2 0 0 1.257930
212 116 2 0 1 0.889770
212 117 1 0 0 0.705570
212 119 2 1 0 0.969280
212 120 1 0 0 0.753240
212 121 2 0 0 0.880910
212 123 2 0 0 1.040620
212 124 2 1 0 1.472530
212 125 1 0 0 1.304440
212 128 1 1 1 0.775970
212 129 1 1 1 0.775880
212 130 1 1 1 0.799700
212 131 1 0 1 0.727520
212 132 2 1 1 0.847420
212 133 1 1 1 0.671330
212 134 1 0 0 0.615160
212 135 1 1 1 0.583080
212 136 1 0 0 0.622870
212 137 1 0 1 1.302780
212 138 2 1 0 1.094740
212 139 1 1 1 1.246330
212 140 2 0 1 1.214260
212 141 1 1 1 0.774070
212 142 2 0 0 1.029940
212 143 2 0 1 1.301880
212 144 2 0 0 1.301630
212 146 1 1 1 1.021410
212 147 2 1 1 1.205160
212 148 1 0 0 0.821050
212 149 2 0 1 1.164920
212 151 2 0 1 0.860740
212 152 2 1 1 1.076660
214 1 1 1 0 1.098130
214 2 1 1 0 0.906120
214 3 1 0 1 0.834190
214 4 2 0 0 1.306230
214 5 2 0 0 1.170180
214 6 2 1 0 1.298180
214 7 2 0 0 1.154180
214 8 1 0 0 0.746120
214 9 2 1 1 1.202180
214 10 1 1 0 0.954210
214 11 1 1 0 1.122220
214 12 1 0 0 0.914220
214 13 1 0 0 0.978200
214 15 1 0 0 1.346210
214 16 1 0 0 0.586220
214 17 2 1 0 0.914150
214 19 2 0 0 1.282210
214 20 2 0 0 1.122140
214 21 1 0 0 0.666160
214 22 1 1 0 0.930160
214 23 1 0 0 0.810170
214 24 2 1 1 1.250170
214 25 2 1 1 0.962200
214 26 1 0 0 0.706200
214 27 2 0 0 0.802160
214 28 1 1 0 1.338190
214 29 2 0 0 0.978150
214 30 2 1 1 1.130200
214 32 1 1 0 0.962190
214 33 2 0 1 1.066130
214 35 2 1 0 1.346190
214 36 2 0 0 0.938140
214 37 1 1 1 0.938180
214 38 1 1 0 0.994170
214 39 1 1 0 0.858730
214 40 2 1 1 1.250790
214 41 1 1 0 0.954800
214 42 2 1 0 0.986850
214 43 1 0 1 0.850840
214 45 2 1 0 0.818830
214 46 1 1 0 0.810830
214 47 2 0 0 0.770720
214 48 2 0 0 0.634820
214 49 2 0 0 1.034790
214 50 1 0 0 1.058790
214 51 1 1 1 1.122720
214 52 1 1 0 1.002830
214 53 2 0 0 0.858710
214 54 1 1 0 0.826780
214 55 1 0 1 1.202820
214 56 2 1 0 1.402820
214 58 1 0 1 1.130780
214 60 1 0 0 1.226780
214 61 2 1 1 1.026770
214 62 2 0 1 1.146700
214 63 2 1 1 0.946810
214 64 2 0 1 1.194810
214 65 1 0 0 1.394770
214 66 2 0 0 0.970760
214 67 2 0 0 1.034770
214 68 2 1 0 1.338700
214 69 2 0 0 1.010810
214 71 1 0 0 1.042800
214 72 2 0 0 1.258700
214 73 1 1 0 1.114750
214 74 1 1 0 0.794810
214 75 1 1 0 0.762930
214 77 2 1 0 1.038010
214 78 1 1 1 0.806210
214 79 1 0 0 1.062070
214 80 2 0 0 0.998080
214 82 1 1 0 1.006110
214 83 2 0 0 1.022210
214 84 1 0 0 1.126110
214 85 2 1 0 0.902110
214 86 2 0 0 1.294110
214 87 1 0 0 1.110060
214 88 2 1 0 1.142100
214 89 1 1 1 1.134060
214 90 1 1 0 1.414060
214 91 1 0 1 1.326060
214 92 1 0 0 0.782230
214 93 2 0 0 1.182090
214 94 1 1 0 1.373980
214 95 2 0 0 0.878390
214 99 2 0 1 1.454090
214 100 1 0 0 1.398080
214 101 1 0 0 1.134080
214 102 2 1 0 1.301980
214 103 1 0 0 1.358090
214 104 2 1 1 0.838080
214 105 1 1 0 1.294080
214 107 1 0 1 0.886010
214 108 2 1 1 1.014070
214 109 1 1 1 0.830040
214 110 1 1 0 1.030030
214 111 2 0 0 1.278010
214 113 2 1 1 0.998070
214 114 2 1 0 1.262070
214 115 2 1 1 1.305400
214 116 1 1 1 1.169290
214 117 2 0 1 1.009290
214 118 2 1 0 1.137400
214 121 1 0 0 1.145330
214 122 2 0 0 1.185350
214 123 2 0 0 1.041320
214 124 1 0 1 0.841340
214 125 2 1 0 0.769390
214 126 1 1 0 0.913290
214 127 2 1 0 0.937290
214 128 2 1 0 0.993390
214 129 1 0 0 0.889320
214 130 1 0 0 0.809380
214 131 2 0 0 1.369340
214 132 2 1 1 1.353520
214 133 1 1 1 1.481690
214 134 2 0 0 0.993380
214 135 1 0 0 0.929340
214 136 1 1 0 1.153380
214 138 2 0 0 1.121310
214 139 2 0 1 0.857370
214 140 1 1 0 1.041380
214 141 1 1 1 1.001370
214 142 1 0 0 0.641320
214 145 2 1 0 0.977270
214 146 1 0 0 1.153310
214 147 2 1 1 1.305330
214 148 2 0 1 1.153330
214 149 1 1 0 0.953360
214 150 2 1 0 0.985500
214 151 1 0 1 1.057330
217 1 2 1 0 0.645450
217 2 1 1 0 0.685490
217 3 1 1 0 0.637620
217 4 1 0 1 0.509120
217 5 2 0 1 0.685260
217 6 2 1 0 0.709410
217 7 2 1 0 0.789510
217 8 1 0 1 0.733690
217 9 1 1 0 0.637810
217 10 1 0 1 0.405900
217 11 1 0 1 0.541970
217 12 1 1 0 0.558100
217 13 2 1 0 0.678210
217 14 2 1 1 0.590340
217 15 1 0 1 0.918380
217 16 2 1 1 0.838530
217 17 2 1 0 0.470880
217 18 1 0 0 0.903080
217 19 2 1 0 0.583300
217 20 2 0 0 0.751360
217 21 2 0 1 1.279470
217 23 2 1 0 0.791670
217 24 2 0 1 0.495780
217 25 1 1 0 0.487830
217 26 1 0 1 0.768080
217 27 1 0 1 0.984140
217 28 1 0 1 0.688230
217 29 1 1 0 0.632370
217 30 2 1 0 0.608410
217 31 2 0 1 1.184490
217 32 1 0 1 0.528670
217 33 2 0 1 1.000780
217 34 2 0 1 0.608940
217 35 1 0 1 0.569110
217 37 1 1 1 0.881250
217 38 2 0 1 0.585390
217 39 1 0 1 1.038940
217 40 1 0 1 0.550980
217 41 2 0 1 0.647140
217 43 2 1 1 0.663420
217 44 2 0 0 0.831610
217 45 2 1 1 0.671720
217 46 2 1 1 0.647850
217 47 2 1 0 0.536000
217 48 1 1 0 0.624040
217 49 2 1 1 0.792130
217 50 1 1 0 0.984270
217 51 1 1 0 0.544360
217 52 1 0 0 0.584420
217 53 2 0 0 0.560570
217 54 2 1 0 0.640690
217 55 2 0 1 0.673020
217 56 1 0 1 0.641250
217 57 1 0 1 0.545440
217 58 1 1 0 0.585490
217 59 1 0 1 0.601640
217 60 2 0 1 0.505760
217 61 1 1 1 0.817870
217 62 2 0 1 0.521980
217 63 2 1 0 0.562020
217 64 1 1 0 0.666190
217 65 1 0 1 0.594270
217 66 1 1 0 0.506400
217 67 1 0 1 0.562520
217 68 2 1 1 0.762550
217 69 1 0 1 0.474660
217 70 1 1 0 0.378890
217 71 2 1 0 0.466910
217 72 2 1 0 0.555150
217 73 2 1 0 0.723290
217 75 2 0 1 1.275410
217 76 1 0 1 0.707550
217 77 2 1 1 1.041690
217 78 1 0 1 0.593870
217 79 1 1 0 0.601950
217 80 1 0 1 0.466030
217 81 2 0 1 0.346110
217 82 1 0 0 0.458270
217 84 2 1 0 0.690630
217 85 2 0 0 1.226720
217 86 1 0 1 0.802840
217 87 1 1 0 0.970870
217 88 1 0 1 0.891080
217 89 1 0 1 0.411190
217 90 1 1 0 0.659270
217 91 1 0 1 0.475410
217 92 1 0 1 0.563600
217 93 2 1 0 0.539680
217 94 2 1 0 0.531890
217 95 1 0 1 0.411950
217 96 2 0 1 0.508150
217 97 2 1 0 0.564290
217 100 1 1 0 0.636700
217 101 1 1 0 0.572860
217 102 1 0 1 1.196940
217 104 2 1 0 0.325110
217 105 2 1 0 0.349210
217 106 2 0 1 0.453330
217 107 2 0 1 0.405470
217 108 1 1 0 0.413520
217 109 2 0 1 0.405690
217 110 2 1 0 0.429770
217 111 1 0 1 0.445900
217 112 2 0 1 0.470210
217 113 2 1 0 0.582410
217 114 2 1 0 0.478510
217 115 2 1 0 0.678700
217 116 1 0 1 0.398800
217 117 1 1 0 0.470940
217 119 1 0 1 0.271180
217 120 1 1 0 0.399280
217 121 2 1 0 0.255440
217 122 1 1 1 0.391540
217 123 1 0 0 0.367550
217 124 1 0 1 0.439700
217 125 2 0 0 0.215810
217 126 1 0 1 0.319930
217 127 1 1 0 0.223380
217 128 2 1 0 0.407520
217 129 1 0 1 0.327640
217 130 2 1 0 0.231800
217 131 1 1 0 0.479960
217 132 2 0 1 0.360060
217 133 1 0 1 0.560140
217 134 2 1 0 0.296290
217 135 1 0 1 0.328450
217 136 1 0 1 0.408610
217 137 2 0 1 0.432740
217 138 1 0 1 0.504880
217 139 2 1 0 0.369030
217 140 2 1 0 0.297200
217 141 2 1 0 0.417280
217 142 2 1 0 0.313320
217 143 2 1 0 0.265490
217 144 2 1 0 0.393590
217 145 2 1 0 0.337840
217 146 1 0 1 0.313970
217 147 2 0 1 0.354200
217 148 2 1 0 0.362340
217 149 1 0 1 0.234400
217 150 1 0 1 0.410560
218 1 1 1 0 1.076470
218 2 1 1 1 0.820390
218 3 2 1 1 1.212490
218 4 1 1 1 0.868520
218 5 2 1 1 1.004690
218 6 1 0 0 0.700520
218 7 1 0 1 0.764540
218 9 2 1 1 0.876540
218 10 1 1 1 0.660540
218 11 2 1 1 0.764590
218 13 1 0 0 0.876560
218 14 2 0 0 0.644600
218 15 2 0 0 0.860600
218 17 2 1 1 0.972620
218 18 2 0 1 0.932640
218 19 1 1 1 0.876580
218 20 1 0 0 1.036610
218 21 1 0 1 1.028650
218 22 2 0 0 0.828740
218 23 1 0 1 1.188660
218 24 2 1 1 0.908650
218 25 1 1 1 0.956790
218 26 2 1 0 0.892670
218 27 1 0 1 0.668670
218 28 1 0 1 0.884770
218 29 2 1 1 0.812640
218 30 1 1 0 1.428650
218 31 1 0 1 1.428620
218 32 2 1 0 1.196690
218 33 2 0 1 1.092700
218 34 1 0 0 1.388790
218 35 1 0 1 0.732710
218 38 2 1 1 0.972730
218 40 1 0 0 1.167700
218 41 2 0 1 1.231410
218 42 1 1 1 1.111440
218 43 2 0 1 0.894760
218 44 1 0 1 1.126770
218 45 1 1 1 1.262700
218 46 1 1 1 1.134760
218 47 2 0 1 1.262750
218 48 2 1 1 0.950820
218 49 2 1 1 1.118820
218 50 1 0 1 0.966850
218 51 1 0 1 1.190830
218 53 2 0 1 1.014790
218 54 1 0 1 0.846820
218 55 2 0 1 0.814880
218 56 2 1 0 1.254820
218 57 1 1 1 0.814850
218 58 2 0 1 0.894880
218 59 1 1 1 0.742870
218 60 2 0 1 0.734870
218 61 2 0 1 0.774880
218 62 1 1 1 0.750880
218 63 2 0 1 0.702890
218 64 2 1 1 0.654830
218 65 1 0 1 0.550870
218 66 2 1 1 0.734870
218 67 1 0 1 0.790910
218 68 1 1 1 0.670810
218 69 2 1 0 1.126920
218 70 1 1 1 0.934920
218 71 2 1 1 0.846930
218 72 1 1 1 0.878940
218 73 2 1 1 0.878910
218 74 1 1 1 0.598900
218 75 1 0 1 0.693030
218 76 2 0 1 0.790850
218 77 1 1 1 1.108310
218 78 2 1 1 0.828220
218 79 2 0 1 0.828320
218 80 1 0 1 0.988270
218 81 2 1 1 0.604300
218 82 1 1 1 1.124340
218 83 1 1 1 0.948310
218 84 2 0 1 0.732310
218 85 2 1 1 0.732310
218 86 1 0 1 0.580250
218 87 1 1 1 0.972360
218 88 2 0 1 0.556290
218 89 2 1 1 1.140320
218 90 2 0 1 0.972270
218 91 2 1 1 0.660370
218 92 1 1 1 0.756350
218 93 2 0 1 0.740350
218 94 2 0 1 0.836370
218 95 1 1 1 1.124370
218 96 1 0 1 0.956370
218 97 2 1 1 1.068380
218 98 1 1 1 1.180350
218 99 2 0 1 0.788420
218 100 1 1 1 1.004360
218 101 1 0 1 0.724390
218 102 2 0 1 0.972390
218 103 2 1 1 0.756400
218 104 2 0 1 0.796440
218 105 2 0 1 0.980450
218 106 1 0 1 0.732390
218 107 1 1 1 1.292450
218 108 2 0 1 0.604460
218 109 1 1 1 1.108460
218 110 1 1 1 0.812360
218 112 1 0 1 0.676450
218 113 1 0 1 0.540480
218 115 2 0 1 0.864410
218 116 1 1 1 0.616420
218 117 2 0 1 1.072520
218 118 1 1 1 0.896530
218 120 2 1 1 0.888480
218 121 1 1 1 0.648510
218 122 1 1 1 0.928540
218 123 1 0 1 0.744510
218 124 1 1 1 0.640560
218 125 1 1 1 0.592570
218 126 2 1 1 0.696500
218 127 1 0 1 0.888570
218 128 2 1 1 0.832560
218 129 2 0 1 0.592570
218 130 2 1 1 0.816580
218 131 2 0 1 0.968580
218 132 1 0 1 1.248450
218 134 2 0 1 0.720560
218 135 2 1 1 0.880600
218 136 1 0 1 0.768470
218 137 2 0 1 0.664580
218 138 1 1 1 0.704620
218 139 1 1 1 0.760630
218 140 1 0 1 0.928590
218 142 2 0 1 0.608540
218 143 1 0 1 0.976630
218 144 1 0 1 0.752610
218 145 1 1 1 0.696650
218 146 2 0 0 0.848660
218 147 1 1 1 1.208600
218 148 2 0 1 0.752580
218 149 2 0 1 0.816640
218 150 1 0 1 0.688680
218 151 2 1 1 0.848640
218 152 2 1 1 0.856620
219 1 1 0 1 0.878070
219 2 1 0 1 0.893880
219 3 1 1 1 0.717690
219 5 1 1 1 0.653400
219 6 1 1 1 0.765270
219 7 1 1 1 0.637050
219 8 2 0 1 0.708900
219 9 1 0 1 1.005150
219 10 1 1 1 0.628680
219 11 2 0 0 0.828610
219 13 2 1 0 0.700330
219 14 2 0 0 1.020200
219 15 1 1 1 1.043920
219 16 1 1 1 0.628020
219 17 2 1 0 0.891680
219 18 2 0 1 0.763570
219 20 1 0 1 0.627310
219 21 1 0 1 0.699040
219 22 2 1 0 0.691070
219 23 2 0 1 0.650930
219 24 2 1 0 0.722950
219 25 1 1 1 0.778550
219 26 1 1 1 0.786410
219 27 2 0 1 0.954240
219 28 2 1 1 0.650150
219 29 1 0 1 0.818040
219 30 1 1 1 0.737850
219 32 1 0 1 1.009580
219 33 2 0 1 0.817390
219 34 2 1 1 0.873280
219 35 2 0 1 0.873130
219 36 2 0 0 0.681040
219 37 2 0 0 1.160920
219 38 2 1 0 0.816890
219 39 2 1 1 0.870290
219 40 2 1 1 0.734390
219 41 1 1 1 0.862050
219 43 2 1 1 0.597740
219 44 1 0 1 1.117670
219 45 1 1 1 0.853560
219 46 2 0 1 0.845430
219 47 1 0 1 1.117390
219 48 2 0 1 0.637240
219 49 2 1 1 0.869060
219 50 2 1 1 1.132980
219 51 2 1 1 1.212830
219 52 1 0 1 1.116780
219 53 1 1 1 0.700630
219 54 2 0 1 0.956490
219 55 1 0 1 0.780190
219 56 1 0 1 0.684200
219 57 2 0 0 0.900060
219 58 1 1 1 0.939860
219 59 2 1 1 1.307690
219 60 1 1 1 0.803570
219 61 2 1 1 0.563370
219 62 1 0 1 0.611270
219 63 1 1 1 0.715120
219 64 1 0 1 0.802930
219 65 2 0 0 0.866850
219 66 1 0 1 0.890790
219 67 2 1 1 0.658570
219 68 1 1 1 0.642510
219 69 2 1 0 1.138250
219 70 2 0 1 0.914100
219 72 1 0 1 0.809720
219 73 1 0 1 0.841600
219 74 2 1 1 0.681430
219 75 1 0 1 0.665300
219 76 2 1 1 0.689290
219 77 2 1 0 1.058350
219 78 1 0 1 0.626150
219 79 2 1 1 1.217980
219 80 1 0 1 0.809960
219 81 1 1 1 0.721710
219 82 1 1 1 0.665690
219 83 2 1 1 0.913380
219 84 1 1 0 0.945220
219 85 2 0 1 0.745150
219 86 1 1 1 0.889140
219 87 1 0 1 0.728890
219 88 2 0 0 0.984820
219 89 1 1 1 0.520670
219 90 2 0 1 1.024400
219 91 1 0 1 1.288360
219 92 1 0 1 0.888310
219 93 1 0 1 0.751980
219 94 1 1 1 0.783910
219 95 2 1 0 0.927760
219 97 1 0 1 0.823540
219 98 1 0 1 0.935390
219 99 2 1 0 0.807310
219 100 2 1 0 0.991220
219 101 2 0 1 1.222710
219 102 2 0 1 0.886670
219 103 2 1 0 1.126660
219 104 2 1 1 1.118440
219 106 1 1 1 0.838140
219 107 2 1 1 0.750310
219 108 2 0 1 0.893820
219 109 2 0 0 1.245730
219 110 1 1 1 0.893600
219 111 2 0 1 1.101480
219 112 1 0 1 0.893400
219 114 1 0 1 0.757140
219 115 1 1 1 0.935300
219 116 2 0 1 0.759140
219 117 2 0 1 1.086960
219 118 1 1 1 0.798830
219 119 1 0 1 0.950630
219 120 2 1 1 0.926700
219 121 2 0 1 0.910220
219 122 2 1 0 1.134110
219 123 1 0 1 0.870010
219 124 2 0 0 0.893920
219 125 2 0 1 1.173840
219 128 2 1 1 1.133290
219 129 1 1 1 0.797260
219 130 1 0 1 0.861060
219 131 2 1 1 0.940890
219 132 1 1 1 1.204750
219 133 1 1 1 0.892700
219 134 2 0 1 0.788580
219 135 1 1 1 0.804440
219 136 1 0 1 1.076280
219 137 1 0 1 0.924180
219 138 1 0 1 0.940070
219 139 2 0 1 0.667780
219 140 2 0 1 0.691610
219 142 2 0 1 0.915370
219 143 2 1 1 0.675240
219 144 1 1 1 1.275080
219 145 1 1 1 1.114930
219 146 2 1 1 0.658780
219 148 1 0 1 0.762460
219 149 1 1 1 1.170380
219 150 1 0 1 0.890260
219 151 2 1 0 0.826220
219 152 2 0 1 0.930140
220 1 1 0 0 1.296190
220 2 2 0 1 1.080140
220 3 2 0 0 1.128260
220 4 2 0 0 1.352210
220 5 2 0 1 1.032160
220 6 1 1 0 0.992200
220 7 2 1 1 0.896220
220 8 1 0 0 1.032260
220 9 2 1 0 1.016280
220 10 2 1 0 1.280210
220 11 1 0 1 1.032210
220 12 1 0 0 0.888170
220 13 1 0 0 1.168270
220 14 1 0 0 1.032230
220 16 2 0 0 0.992220
220 17 1 0 1 0.672300
220 18 1 1 1 0.656400
220 19 2 0 0 1.024300
220 22 1 0 1 1.016320
220 23 1 1 1 1.200200
220 24 2 1 1 0.952210
220 25 1 1 1 0.784310
220 26 1 1 0 0.920410
220 27 1 1 0 1.136260
220 28 2 1 0 1.400310
220 29 1 1 1 0.720330
220 31 1 1 1 0.920290
220 32 1 0 0 1.096280
220 33 2 1 0 1.184280
220 35 2 1 1 1.232330
220 36 1 1 0 0.640350
220 37 2 1 1 0.792260
220 38 2 0 1 1.184280
220 39 2 1 0 1.321780
220 41 2 0 1 0.825660
220 42 2 0 0 1.321650
220 43 2 1 0 1.329670
220 44 1 0 1 0.737670
220 45 2 0 1 1.249670
220 46 2 1 1 1.337650
220 48 1 0 0 0.713720
220 49 1 1 1 0.665690
220 50 1 1 0 0.961730
220 51 1 0 0 0.785730
220 52 1 0 0 0.633690
220 54 1 1 1 0.857680
220 55 2 0 0 1.153740
220 57 1 1 1 0.801740
220 58 1 1 0 0.937690
220 59 2 0 1 1.049640
220 60 2 0 0 1.321700
220 61 2 1 1 1.329640
220 62 2 1 1 0.969890
220 63 2 1 0 0.977760
220 64 1 0 0 1.305760
220 65 1 0 0 0.881700
220 66 1 1 1 0.665770
220 67 1 1 1 0.873710
220 68 2 0 1 0.857910
220 69 2 0 1 1.185670
220 70 2 1 0 1.433630
220 71 2 0 1 1.153720
220 73 1 0 0 0.729750
220 74 1 1 1 0.617760
220 75 1 1 1 0.601690
220 76 1 0 0 0.657760
220 77 1 1 0 1.129040
220 79 1 1 0 0.785120
220 80 1 0 0 0.937180
220 81 2 0 1 1.105120
220 82 2 1 1 0.921160
220 83 2 1 1 1.233120
220 84 1 0 0 0.913110
220 85 1 0 0 0.833140
220 86 2 1 1 1.257120
220 87 2 1 1 1.361130
220 88 2 1 0 0.873150
220 89 1 1 1 0.761100
220 91 2 0 0 1.321150
220 92 2 1 0 0.817160
220 93 1 1 1 1.137150
220 95 1 0 0 1.040510
220 96 2 0 1 1.296620
220 97 1 0 0 0.904520
220 98 2 0 1 0.912510
220 99 2 0 0 0.984450
220 100 1 0 0 1.104520
220 101 1 1 0 1.104490
220 102 2 0 1 0.976570
220 103 2 0 1 1.224510
220 104 2 1 1 1.264570
220 105 1 0 0 0.856520
220 107 1 0 1 0.840520
220 108 1 1 1 0.968540
220 109 1 1 0 0.800490
220 110 1 1 0 1.008600
220 111 2 1 1 0.896560
220 112 2 0 1 1.144550
220 113 2 1 1 1.376500
220 114 1 0 0 1.048550
220 115 2 1 0 1.060620
220 116 1 0 0 0.620560
220 117 2 1 1 0.972570
220 119 1 0 0 1.036580
220 120 2 1 0 0.916640
220 121 2 0 0 1.052580
220 123 2 1 1 0.748660
220 124 2 0 1 1.044590
220 125 1 0 0 0.668660
220 126 1 0 0 0.964630
220 127 2 1 1 1.028660
220 128 2 1 1 1.132660
220 129 1 1 0 0.772620
220 130 2 1 1 1.004630
220 131 2 1 1 0.844570
220 132 1 0 0 0.868680
220 133 1 1 0 0.860680
220 134 1 0 0 0.764640
220 135 2 0 1 1.044640
220 136 1 1 0 0.892590
220 137 1 0 0 0.836580
220 138 2 1 1 0.988700
220 139 1 1 1 0.636700
220 140 1 0 0 0.716660
220 141 1 0 0 0.756700
220 142 1 0 0 0.876660
220 144 2 0 1 0.940670
220 145 2 0 1 0.916680
220 146 1 1 1 0.820720
220 147 2 0 0 0.636680
220 148 1 1 0 0.956980
220 150 1 1 0 1.060680
220 152 1 1 1 1.012690
221 3 2 1 0 0.760890
221 5 1 1 0 0.857040
221 6 2 0 1 0.937150
221 8 2 1 1 1.217520
221 9 2 0 1 1.449680
221 10 1 0 1 1.105770
221 11 2 0 0 1.337820
221 12 2 0 0 1.354020
221 14 1 1 0 0.818220
221 15 1 1 1 0.810350
221 16 1 1 0 1.122540
221 17 1 1 0 0.986590
221 18 2 1 0 1.074870
221 19 2 0 0 0.874950
221 20 1 1 0 1.179090
221 21 2 1 0 0.899230
221 22 2 0 0 0.891330
221 23 1 0 1 0.867510
221 24 1 0 0 0.779640
221 25 1 1 1 1.291840
221 26 1 0 0 0.891940
221 27 1 0 0 0.764060
221 28 2 1 1 1.236140
221 29 1 0 1 0.732200
221 30 2 1 0 0.996340
221 31 2 1 0 1.188470
221 32 2 1 0 1.068530
221 33 2 0 0 0.644660
221 34 2 0 0 0.732750
221 35 2 1 0 1.276840
221 36 1 0 0 0.773250
221 37 1 0 1 1.237410
221 38 1 1 1 0.925510
221 39 2 0 1 1.038430
221 40 2 1 0 1.286500
221 41 1 0 0 0.718710
221 42 1 1 0 0.830840
221 43 2 0 0 1.222950
221 44 2 1 0 1.111090
221 45 2 0 0 0.871160
221 47 1 0 0 0.919330
221 48 1 1 1 1.007480
221 49 1 0 1 0.847620
221 50 1 1 0 0.983710
221 51 2 1 1 1.191840
221 52 2 0 1 0.943940
221 53 1 1 0 0.944020
221 54 1 0 0 1.216190
221 55 2 0 0 0.888380
221 56 1 0 1 0.832460
221 57 1 1 0 0.792650
221 58 2 0 0 0.816740
221 59 1 1 0 0.560940
221 60 2 0 0 0.609000
221 61 1 0 1 0.681200
221 62 1 1 0 0.609330
221 63 1 0 0 0.681510
221 64 2 1 0 0.705600
221 65 2 0 0 0.857680
221 66 2 1 1 1.265780
221 67 2 0 0 0.657950
221 69 1 0 1 0.746340
221 70 1 0 0 1.106440
221 71 2 1 0 1.194680
221 72 1 1 1 1.106760
221 73 1 0 1 1.394920
221 74 2 1 1 1.043050
221 75 2 1 1 1.011140
221 77 2 0 0 1.209550
221 78 1 0 0 0.705650
221 79 1 0 0 0.881740
221 80 2 1 0 0.689910
221 81 1 0 0 0.626070
221 82 1 0 0 0.586230
221 84 2 1 0 0.946480
221 85 1 0 1 1.186620
221 86 2 1 1 1.130730
221 87 1 0 1 0.882810
221 88 2 0 0 0.578900
221 89 1 1 0 0.619040
221 90 2 1 0 0.563110
221 91 2 1 0 0.683220
221 92 1 1 0 0.795310
221 93 1 1 1 1.019680
221 95 1 1 1 0.604120
221 96 1 0 1 0.868190
221 97 2 1 0 0.916260
221 98 1 1 0 0.948460
221 99 1 0 0 0.636520
221 100 1 1 1 0.708600
221 101 1 0 0 0.780680
221 102 1 1 1 1.220860
221 103 2 1 0 0.604960
221 104 2 1 1 0.965060
221 105 2 0 0 1.132510
221 106 2 0 0 1.076580
221 107 1 1 0 0.788730
221 108 2 0 0 0.644900
221 109 2 1 1 0.764950
221 110 2 1 0 1.141130
221 111 1 0 0 0.813270
221 112 2 1 0 0.813420
221 113 2 0 0 0.869480
221 114 2 0 0 1.197590
221 115 1 0 1 0.934430
221 116 2 1 0 0.606540
221 117 1 1 1 1.102780
221 118 2 1 0 0.566850
221 119 1 0 1 1.055030
221 121 2 1 0 0.751400
221 122 2 1 0 0.767550
221 123 1 1 0 0.607630
221 124 1 1 0 0.663710
221 125 2 0 0 1.295170
221 126 2 0 0 0.791310
221 127 1 0 1 0.807420
221 128 1 0 1 1.007680
221 129 2 0 0 0.999750
221 130 2 0 0 0.895840
221 131 1 1 1 0.720040
221 132 2 1 1 0.936140
221 133 1 0 1 0.912240
221 134 2 0 1 0.864380
221 135 1 0 1 0.872510
221 136 2 0 1 1.008650
221 137 2 1 0 0.792700
221 138 1 1 1 0.800830
221 139 2 1 0 0.705150
221 140 1 1 0 0.833260
221 141 2 0 0 0.601300
221 142 2 1 1 1.201480
221 143 2 0 0 0.873580
221 144 1 0 0 0.577780
221 145 1 1 1 0.969910
221 146 1 0 1 0.650000
221 147 1 0 1 0.658150
221 148 1 1 0 1.170310
221 149 1 0 1 0.818430
221 150 2 1 0 0.650550
221 152 2 0 0 0.906670
222 1 1 1 0 1.038350
222 2 2 1 1 0.758200
222 3 2 0 1 1.206020
222 4 2 1 1 0.917940
222 5 2 0 0 1.213740
222 6 1 0 0 1.189620
222 7 2 1 1 1.269340
222 8 1 0 0 0.933160
222 9 2 0 1 1.013130
222 10 2 0 1 1.077010
222 11 1 1 0 0.709620
222 12 2 0 0 1.085460
222 13 1 1 0 0.749670
222 14 1 0 1 1.037030
222 16 1 1 0 0.812860
222 17 1 0 1 0.876700
222 18 2 1 1 0.724610
222 19 2 0 0 1.108460
222 20 1 1 0 0.724250
222 21 2 0 0 0.788150
222 22 1 0 1 0.644070
222 23 2 1 1 0.867930
222 24 2 1 0 1.075890
222 25 1 0 0 1.043540
222 27 2 0 1 1.203250
222 28 2 1 1 1.131020
222 29 1 1 0 1.075130
222 30 1 0 1 0.914860
222 31 1 0 0 0.658660
222 32 2 1 0 0.682600
222 33 2 1 1 0.874450
222 34 1 1 0 0.642290
222 35 1 1 0 0.834260
222 36 1 0 0 1.282030
222 37 2 0 1 1.105940
222 38 1 1 0 0.689920
222 39 1 1 0 1.414010
222 40 2 0 0 0.822060
222 41 1 0 1 0.749880
222 42 1 1 0 0.725700
222 43 2 1 1 1.157450
222 44 1 1 0 0.773330
222 45 2 0 1 0.725210
222 46 1 0 0 1.269070
222 48 1 1 0 0.740810
222 49 2 0 1 0.708670
222 50 2 0 1 0.876660
222 51 1 0 1 0.788490
222 52 2 0 0 0.668570
222 53 2 0 0 0.692420
222 54 1 1 0 0.588240
222 55 2 1 1 1.052100
222 57 2 0 0 1.043560
222 59 1 0 0 1.123480
222 60 1 0 1 0.731060
222 61 1 1 1 1.130900
222 62 1 1 0 0.634880
222 63 2 0 1 0.690800
222 64 2 0 1 0.762690
222 65 1 0 0 0.914510
222 66 1 1 0 0.610440
222 67 1 1 1 1.034400
222 68 1 1 0 0.730200
222 69 1 1 0 1.090030
222 71 2 1 1 1.121910
222 72 2 0 1 0.849570
222 73 2 1 0 0.697430
222 76 1 0 0 0.825190
222 77 1 0 0 1.262100
222 78 1 0 0 0.894010
222 79 2 1 1 0.789860
222 80 1 1 0 1.061740
222 81 2 0 1 0.773580
222 82 2 0 0 0.933470
222 83 1 1 0 0.741340
222 84 2 0 1 1.325200
222 85 2 1 1 1.220910
222 86 2 0 1 0.780890
222 87 2 0 1 0.620860
222 88 1 0 1 0.788750
222 89 2 0 0 1.044600
222 90 2 0 0 1.212520
222 91 1 1 0 0.644430
222 92 1 0 0 0.764320
222 93 2 1 0 1.123890
222 94 2 1 1 1.099620
222 95 2 1 1 1.203390
222 97 2 1 1 0.923310
222 100 1 1 0 0.610960
222 101 1 0 0 0.754820
222 102 2 0 1 1.170670
222 103 1 0 0 0.891200
222 104 2 0 1 0.947470
222 105 1 1 0 1.042990
222 106 1 1 0 0.890950
222 107 1 1 1 1.218720
222 108 2 0 1 0.930610
222 109 1 0 1 1.034520
222 110 1 1 0 0.634310
222 111 1 0 0 0.858490
222 112 2 1 1 0.690060
222 113 1 0 1 0.922330
222 114 2 1 1 0.625900
222 115 2 0 1 0.713580
222 116 2 0 1 0.641380
222 117 1 1 1 1.001270
222 118 1 0 1 0.673160
222 119 1 0 0 0.697040
222 120 2 1 0 0.680840
222 121 2 1 1 0.768770
222 122 2 0 1 0.592580
222 123 2 1 0 0.728410
222 124 1 1 0 0.656380
222 125 1 1 0 0.800290
222 126 1 1 0 0.984170
222 127 1 0 1 0.856030
222 128 1 0 0 1.095940
222 129 2 0 1 0.943810
222 130 2 1 1 0.735750
222 131 1 0 0 0.855290
222 132 2 1 1 0.751120
222 133 2 0 1 1.230890
222 134 1 1 0 0.662860
222 135 2 1 1 0.766690
222 136 2 0 1 0.670600
222 138 1 0 0 0.638400
222 139 1 0 0 0.942260
222 140 2 0 1 0.726110
222 141 2 0 0 0.885900
222 142 1 1 0 0.573890
222 144 2 1 1 1.053700
222 145 1 1 0 0.669590
222 146 1 1 0 0.853380
222 147 2 1 1 0.893220
222 148 1 0 1 0.789140
222 149 1 1 0 0.788940
222 150 2 0 1 1.020820
222 151 2 0 1 0.700790
223 1 2 0 1 0.855580
223 2 2 1 0 1.007520
223 3 2 1 0 0.815550
223 4 1 0 0 0.775650
223 5 2 0 0 0.751620
223 6 1 0 1 0.999620
223 7 1 1 1 0.911750
223 8 1 1 1 1.199670
223 10 2 0 0 1.319650
223 12 2 0 0 1.383620
223 14 2 0 1 0.799670
223 15 1 0 1 0.983710
223 16 1 1 0 1.183610
223 17 2 0 0 1.247660
223 19 2 0 0 0.655740
223 20 2 0 1 1.167630
223 21 1 1 1 0.759710
223 22 2 1 0 1.071740
223 23 1 1 1 0.856050
223 24 1 0 0 0.911760
223 25 1 1 1 0.847710
223 26 2 1 0 0.943780
223 27 2 1 0 1.383730
223 28 1 1 1 0.879790
223 30 1 1 1 0.543760
223 31 2 1 1 1.015760
223 32 1 0 1 0.679780
223 33 1 1 1 0.751810
223 34 1 0 1 0.959780
223 35 1 1 0 0.975100
223 36 2 0 0 0.647170
223 37 2 0 1 0.975160
223 39 1 0 1 1.275180
223 40 2 1 0 0.731130
223 41 2 0 0 0.979090
223 42 2 1 0 0.939190
223 43 1 1 1 1.139310
223 44 1 1 1 0.835200
223 45 2 0 0 0.947250
223 46 1 1 0 0.987200
223 47 1 0 1 0.659230
223 48 1 0 1 1.467260
223 49 1 1 0 1.171220
223 50 2 1 1 0.643240
223 51 1 0 0 0.995230
223 52 2 0 1 1.211280
223 53 2 0 0 1.187170
223 54 2 0 1 0.987260
223 55 1 0 1 0.691310
223 56 1 1 1 1.035400
223 58 2 0 0 0.675260
223 59 2 1 0 0.907280
223 60 1 1 1 0.659270
223 61 1 0 0 1.115290
223 62 1 1 1 0.771440
223 63 2 0 0 1.027310
223 65 1 0 1 0.787360
223 66 2 0 0 0.603370
223 67 1 1 0 1.155300
223 68 2 1 1 1.019370
223 69 2 0 1 1.067370
223 70 1 1 1 1.123370
223 71 2 1 0 1.467380
223 73 2 0 0 0.755400
223 74 1 0 1 0.971400
223 75 2 1 0 0.763370
223 76 2 0 1 0.851310
223 77 1 1 1 0.972240
223 78 2 1 0 0.788070
223 79 1 0 0 1.108110
223 80 2 1 1 0.908170
223 81 2 1 1 1.124130
223 83 1 0 1 1.172170
223 84 2 0 0 1.284180
223 85 1 0 1 0.900160
223 86 1 1 0 1.052160
223 87 2 0 0 0.772150
223 88 1 1 1 1.004170
223 89 2 0 0 1.292170
223 90 2 0 1 1.140210
223 91 2 1 1 1.140320
223 92 2 0 1 1.188160
223 93 1 0 1 1.012200
223 94 2 1 1 1.244200
223 95 1 1 1 0.932380
223 96 1 1 1 0.644250
223 97 2 1 0 0.700250
223 98 1 0 1 1.028250
223 99 1 1 1 0.716260
223 100 2 0 0 0.980200
223 103 2 1 0 1.068290
223 104 1 0 1 0.852400
223 105 2 0 0 0.844260
223 106 1 0 1 0.868270
223 107 1 1 0 1.228240
223 108 1 1 1 0.844320
223 109 2 1 1 0.948320
223 110 1 0 0 0.868340
223 111 2 1 1 1.252240
223 112 2 0 1 1.260300
223 114 1 0 1 0.796280
223 115 2 1 0 1.120290
223 116 2 0 1 1.080290
223 117 2 0 1 0.856360
223 118 1 0 1 0.952380
223 119 1 1 1 0.776410
223 120 1 1 1 0.656370
223 121 1 1 1 0.656390
223 122 1 1 1 1.256400
223 123 2 1 0 1.192400
223 124 2 1 0 0.752420
223 125 2 0 1 0.856350
223 126 2 0 0 1.224390
223 127 1 0 1 1.088470
223 129 2 0 0 0.880400
223 131 1 0 0 0.960490
223 132 1 1 1 0.960500
223 133 1 0 1 0.640470
223 134 2 1 0 0.904400
223 135 2 1 1 0.792470
223 136 1 1 1 0.920410
223 137 1 1 0 1.328510
223 138 1 0 1 1.096450
223 140 1 0 0 0.616500
223 141 2 1 0 0.960490
223 142 2 1 1 1.160470
223 143 2 0 1 0.864550
223 144 1 0 1 0.584560
223 145 2 0 0 1.048550
223 146 1 1 1 1.192520
223 148 2 0 1 0.808520
223 149 2 0 0 0.608520
223 150 1 0 0 0.704480
223 151 2 1 0 0.664590
223 152 1 0 1 0.912540
224 1 1 1 1 1.407790
224 2 1 0 1 1.215950
224 4 1 0 1 0.799490
224 5 2 0 1 0.727430
224 6 1 1 0 1.079220
224 7 2 1 1 1.031100
224 8 2 0 1 1.470970
224 9 1 1 1 0.718900
224 10 2 0 1 0.902750
224 11 2 0 1 0.702810
224 12 2 0 1 1.206660
224 13 1 0 1 0.534380
224 14 2 0 0 1.190200
224 15 2 1 0 0.806170
224 16 1 1 1 1.221980
224 17 1 0 1 0.909960
224 19 1 0 1 1.029540
224 20 1 1 1 1.101400
224 21 1 0 0 0.829260
224 22 1 0 1 0.933110
224 23 1 0 0 0.797000
224 24 1 1 1 1.252800
224 25 1 0 1 0.596620
224 26 2 0 0 0.892410
224 27 2 1 0 0.812410
224 28 1 1 1 0.796300
224 29 1 1 1 0.604150
224 30 2 1 1 0.716030
224 31 2 0 1 0.891740
224 32 2 1 0 0.987570
224 33 2 1 0 1.003340
224 34 2 1 1 1.115170
224 35 2 1 0 0.907160
224 38 1 1 1 0.618630
224 40 2 0 1 0.792580
224 41 1 0 1 1.200600
224 42 1 0 1 0.768430
224 43 2 1 0 1.240300
224 44 1 0 1 0.736120
224 45 1 1 0 0.879950
224 46 1 0 0 1.055830
224 47 2 1 1 0.767680
224 48 1 0 1 0.759610
224 49 1 0 1 0.679490
224 50 2 1 0 1.303290
224 51 1 1 0 0.719240
224 52 2 1 0 1.055100
224 53 2 1 0 1.015000
224 55 1 1 1 1.006700
224 57 1 0 1 0.558260
224 58 1 1 1 0.790070
224 59 2 0 1 1.134040
224 60 1 1 0 0.709950
224 61 2 0 0 1.165700
224 62 2 0 1 0.901590
224 63 2 0 1 1.189520
224 64 2 0 1 0.997300
224 65 2 0 1 0.781130
224 66 1 0 1 0.741110
224 68 2 0 1 0.748870
224 69 2 1 0 1.036680
224 72 1 1 1 1.036390
224 73 2 1 1 1.124270
224 74 1 1 1 0.611940
224 75 1 1 0 1.003690
224 76 1 1 1 0.723520
224 77 2 1 0 1.068380
224 78 1 0 0 0.780180
224 79 1 1 1 0.860040
224 80 2 0 1 0.787980
224 81 2 1 1 0.811780
224 82 2 1 1 0.683810
224 83 1 1 1 0.523550
224 84 2 0 1 1.195440
224 85 1 0 1 0.603300
224 86 2 1 0 1.371210
224 88 2 0 1 0.843000
224 89 1 0 1 0.682840
224 90 1 1 1 1.202750
224 91 1 0 1 0.850580
224 92 1 1 1 0.602470
224 93 1 0 1 0.706310
224 94 2 0 0 1.018220
224 95 2 1 1 0.914070
224 96 1 1 1 0.561910
224 97 1 0 1 0.553700
224 98 2 0 1 0.913570
224 99 1 0 1 0.665450
224 100 2 1 0 1.057280
224 101 1 0 1 0.857100
224 102 2 1 1 0.872950
224 103 2 1 1 0.880800
224 104 2 0 0 0.664770
224 105 1 1 1 1.048590
224 106 1 0 1 0.800520
224 107 1 0 1 0.688270
224 109 2 0 1 0.847860
224 110 2 0 0 1.271750
224 111 1 1 1 0.895650
224 112 2 1 1 1.231440
224 114 2 1 1 0.951250
224 115 2 1 1 0.682680
224 116 1 1 1 0.658680
224 117 2 1 0 1.146510
224 118 2 0 1 0.962390
224 119 1 0 1 1.154180
224 120 1 0 1 1.170070
224 121 1 1 1 0.633900
224 122 1 1 1 1.321790
224 123 2 0 0 0.873650
224 124 2 0 0 1.129510
224 125 1 0 0 0.601360
224 126 2 1 0 0.857300
224 127 1 1 1 1.001130
224 128 1 1 1 1.201070
224 129 2 0 1 0.816980
224 130 2 0 0 0.808910
224 131 2 0 1 1.224500
224 133 2 1 0 1.000030
224 134 1 0 0 1.104140
224 135 1 1 1 0.711860
224 136 1 1 1 0.879720
224 137 2 0 0 0.631640
224 138 1 0 1 0.639610
224 139 1 1 1 0.655340
224 140 1 0 1 1.207240
224 142 1 1 1 0.479170
224 143 2 0 0 1.238770
224 144 2 1 0 0.806800
224 145 2 0 1 1.094710
224 146 1 0 1 0.974540
224 148 2 1 0 0.806200
224 149 1 0 1 0.774210
224 150 2 1 1 1.125960
224 152 2 0 1 0.701790
225 1 2 1 0 1.000210
225 3 1 0 0 0.672250
225 4 1 0 1 0.816290
225 5 2 1 1 0.672240
225 6 2 0 0 0.840260
225 7 2 1 1 0.680260
225 8 1 0 1 0.656300
225 10 2 1 1 0.824310
225 11 2 1 0 1.040210
225 12 2 0 0 0.688270
225 13 2 0 1 1.272280
225 14 2 1 0 0.736320
225 15 1 1 1 0.664290
225 16 2 1 0 0.760290
225 17 1 0 0 0.808640
225 18 1 0 1 1.016330
225 19 1 1 1 0.792340
225 20 2 1 0 0.752320
225 21 1 1 1 0.688310
225 22 1 1 1 1.040310
225 23 2 1 1 1.480240
225 24 1 0 1 0.784360
225 25 1 0 1 0.712360
225 26 2 0 1 0.896310
225 27 2 0 0 1.048330
225 28 2 1 0 0.896350
225 29 1 0 1 0.808650
225 30 2 1 1 1.008330
225 32 1 1 1 1.376680
225 33 1 0 0 0.808330
225 34 1 0 1 0.736390
225 35 1 1 0 1.224690
225 36 2 1 1 0.776350
225 37 1 0 1 0.688390
225 38 1 1 1 0.760390
225 39 1 0 0 0.866320
225 40 1 0 1 0.746310
225 41 1 1 1 0.986430
225 42 2 0 1 1.330320
225 44 2 0 0 1.074380
225 45 1 1 1 0.730410
225 46 1 0 1 1.082400
225 47 2 1 0 0.890580
225 48 2 0 0 1.202450
225 49 2 1 0 1.354440
225 50 1 1 1 1.234340
225 51 2 0 0 1.266410
225 52 2 1 0 0.922400
225 53 1 1 1 0.818420
225 54 2 0 0 0.858470
225 55 1 0 1 0.714470
225 56 1 0 1 1.090370
225 57 2 1 1 0.810480
225 58 2 1 0 0.826410
225 59 1 1 1 0.882480
225 61 1 1 1 0.754480
225 62 1 0 1 0.842450
225 63 2 1 0 0.826450
225 64 2 0 1 1.002400
225 65 2 1 0 1.138500
225 66 2 1 0 0.842470
225 67 1 1 1 0.818590
225 68 2 1 1 0.794480
225 69 2 0 0 1.010470
225 70 1 0 1 0.882420
225 71 1 0 0 1.402520
225 72 1 1 1 0.746490
225 74 2 0 1 0.898530
225 75 1 1 0 0.858540
225 76 1 0 0 0.482540
225 77 1 0 1 0.627240
225 78 1 0 1 0.763170
225 79 1 1 1 0.723180
225 80 2 0 0 0.755200
225 81 2 1 0 0.635140
225 82 1 0 1 0.603210
225 84 2 0 1 0.867250
225 85 2 1 1 0.747190
225 86 1 0 1 0.755260
225 87 1 0 1 0.803520
225 88 1 0 1 0.619220
225 89 1 1 0 1.003270
225 90 1 1 1 0.883260
225 91 2 1 0 1.058550
225 92 2 0 0 0.674580
225 93 2 0 0 0.842580
225 94 1 1 1 0.642630
225 95 2 1 1 0.778580
225 96 1 1 0 0.786590
225 97 2 1 0 0.786570
225 98 1 0 1 0.882640
225 99 2 1 0 0.842630
225 100 2 1 0 0.642640
225 101 2 1 0 0.778610
225 102 1 0 1 0.706610
225 103 1 1 1 1.018540
225 104 2 1 1 0.946660
225 105 2 0 0 1.186610
225 106 2 1 1 0.738660
225 107 2 0 1 0.714630
225 108 2 0 0 0.722640
225 109 2 0 0 0.762570
225 111 1 0 1 0.706650
225 112 1 1 1 0.946640
225 113 1 0 1 0.610650
225 114 1 1 1 0.858660
225 115 2 0 0 0.823320
225 116 2 1 0 0.703370
225 117 1 0 1 0.895270
225 118 2 1 0 0.911350
225 119 1 1 1 0.863400
225 120 1 0 1 0.807290
225 122 1 0 1 0.719360
225 123 2 1 0 0.815400
225 125 2 0 0 0.719370
225 126 1 0 0 1.119370
225 127 1 1 1 1.383340
225 128 2 1 0 0.895430
225 129 1 0 1 0.583520
225 130 2 0 0 0.759390
225 131 1 1 1 0.791440
225 132 2 0 0 0.791440
225 133 2 0 1 1.095710
225 134 2 0 0 0.687450
225 135 2 1 0 0.911450
225 136 1 0 1 0.799250
225 137 1 1 0 0.887370
225 138 2 1 0 0.815410
225 139 1 1 0 0.711400
225 140 1 0 1 1.007260
225 142 1 1 0 0.655470
225 143 1 1 0 0.391430
225 144 2 0 0 0.367440
225 145 1 1 0 0.591480
225 146 2 0 0 0.655430
225 147 1 0 1 0.583440
225 148 2 0 0 0.671450
225 149 2 0 0 0.727430
225 150 1 1 1 0.663490
225 151 1 1 1 0.815460
225 152 2 1 1 0.551510
226 1 2 1 0 0.583330
226 3 2 1 1 0.630940
226 4 1 1 0 0.486900
226 5 2 0 1 0.598850
226 6 2 1 0 0.478730
226 7 2 1 0 0.550440
226 8 1 0 1 0.534350
226 9 2 1 0 0.582230
226 10 1 1 0 0.534130
226 11 1 0 1 0.510060
226 13 2 1 0 0.781730
226 14 2 0 0 0.893710
226 15 1 0 1 0.677870
226 16 2 1 1 0.797370
226 17 2 0 1 0.677280
226 18 1 1 0 0.629040
226 19 1 0 1 0.548870
226 20 1 1 0 0.508870
226 21 1 1 0 0.548560
226 22 1 0 1 0.508500
226 23 2 1 0 0.804300
226 24 2 0 1 0.732200
226 25 1 1 0 0.763990
226 26 2 1 1 0.835870
226 27 1 1 1 0.947730
226 28 2 0 1 0.675710
226 29 1 0 0 1.099620
226 30 2 0 1 0.651620
226 31 2 1 0 0.627330
226 32 1 0 1 0.611280
226 33 2 0 1 0.443040
226 34 1 0 1 0.539020
226 35 2 1 1 0.642940
226 36 1 0 1 0.570570
226 37 1 0 1 0.650400
226 38 1 0 1 0.626250
226 39 2 1 0 1.062860
226 40 2 1 1 0.774920
226 41 1 1 0 0.630610
226 42 2 0 1 0.910460
226 43 1 0 1 0.566220
226 44 1 1 0 0.590240
226 45 1 1 0 0.685920
226 46 2 0 1 0.725780
226 47 2 1 0 0.693700
226 48 2 0 1 0.869560
226 49 1 1 0 1.085490
226 50 2 0 0 0.949380
226 51 1 0 1 0.701450
226 52 2 0 0 0.781000
226 53 1 1 0 0.820920
226 54 1 0 1 0.716750
226 55 2 0 0 0.764540
226 56 1 1 0 0.676530
226 57 1 1 0 0.628330
226 58 1 0 1 0.660260
226 59 2 1 0 1.132080
226 60 1 1 0 0.827870
226 62 2 0 1 0.507760
226 63 2 1 0 0.891480
226 64 1 1 0 0.787360
226 65 2 1 1 0.539270
226 66 2 1 0 0.763030
226 67 1 0 1 0.634890
226 68 2 1 0 0.522780
226 70 2 1 0 0.546670
226 71 1 0 1 0.562350
226 72 1 1 0 0.906220
226 73 2 0 1 0.562070
226 74 2 0 1 0.505950
226 75 1 0 1 0.545940
226 76 1 0 1 0.521850
226 77 1 0 1 1.021010
226 78 2 0 1 0.884880
226 79 2 0 1 0.516820
226 80 2 1 0 0.532820
226 81 1 1 0 0.668540
226 82 2 1 0 0.732480
226 83 2 1 0 0.524240
226 84 1 1 0 0.692130
226 85 2 0 1 0.483960
226 86 1 0 1 0.835870
226 88 1 0 1 0.395640
226 89 2 1 0 0.411420
226 90 1 1 0 0.419400
226 91 2 1 0 0.419320
226 92 1 1 1 0.411220
226 93 2 0 0 0.858850
226 94 2 1 0 0.698620
226 95 1 0 1 0.562390
226 97 2 0 1 0.674270
226 98 2 1 0 0.441990
226 99 1 1 0 0.522010
226 100 2 0 1 0.441870
226 102 2 0 1 0.617630
226 103 1 0 1 0.561490
226 104 1 1 0 0.401350
226 105 1 0 1 0.433320
226 106 2 0 1 0.433190
226 107 1 0 1 0.393130
226 108 1 0 1 0.616890
226 109 1 1 0 0.512840
226 110 2 1 1 0.688660
226 111 2 1 1 0.760520
226 112 1 0 0 0.608400
226 113 2 1 0 1.384210
226 114 1 1 0 0.800170
226 115 2 0 1 0.621610
226 116 1 1 0 0.757510
226 117 1 1 0 0.901510
226 118 1 0 1 0.517340
226 119 1 1 0 0.421140
226 120 2 0 1 0.492970
226 121 1 1 0 0.420870
226 122 1 0 1 0.580710
226 123 1 1 0 0.564600
226 124 2 1 0 0.428460
226 125 2 1 0 0.596430
226 126 1 0 1 0.988260
226 127 1 1 0 0.788190
226 128 2 0 1 1.435990
226 130 2 0 1 0.467850
226 131 2 0 0 1.347460
226 132 2 0 1 0.667210
226 133 2 1 1 0.819050
226 134 1 0 1 1.306980
226 135 2 0 1 0.482870
226 136 2 1 0 1.322690
226 137 2 1 0 1.370610
226 138 1 1 0 0.562410
226 139 1 0 1 0.506450
226 140 2 1 0 0.418280
226 141 2 0 1 0.514150
226 142 1 1 0 0.458010
226 143 2 1 0 0.433980
226 144 1 1 0 0.489820
226 145 1 1 0 0.537710
226 148 2 0 1 0.641250
226 149 2 1 0 0.689180
226 150 2 0 1 0.833010
226 151 1 1 0 0.672870
226 152 1 0 1 0.608890
227 2 2 1 1 0.973300
227 3 1 0 1 0.997290
227 4 1 0 1 1.029350
227 5 2 0 1 1.197320
227 7 2 0 0 1.085270
227 8 1 1 1 1.253380
227 10 1 0 0 0.933390
227 11 2 0 0 0.821330
227 12 1 1 1 0.925370
227 13 1 1 0 0.861400
227 14 2 0 0 1.141390
227 15 2 0 0 0.949390
227 16 2 1 1 1.077380
227 17 2 0 0 0.877390
227 18 2 1 1 0.869460
227 19 1 1 0 1.341400
227 20 1 1 0 0.917450
227 21 2 1 0 1.013490
227 22 1 1 1 0.901490
227 23 1 0 1 0.989470
227 24 2 1 0 0.885510
227 25 2 0 1 1.229520
227 26 2 0 0 0.741530
227 27 2 1 0 0.717540
227 28 1 0 0 0.901500
227 29 1 0 0 0.853490
227 30 1 0 1 0.837550
227 31 1 1 1 1.005580
227 32 2 1 0 0.629580
227 33 2 0 0 1.005600
227 34 1 0 0 1.013570
227 35 2 1 0 0.837550
227 36 1 1 0 1.045560
227 38 1 1 0 0.813600
227 39 1 1 1 0.968270
227 40 2 0 1 1.432320
227 41 2 1 1 1.408390
227 42 1 1 0 1.144330
227 43 1 1 1 0.864350
227 45 2 1 0 0.720420
227 46 1 0 1 0.856390
227 47 1 1 0 0.816360
227 48 1 0 0 0.984440
227 50 2 1 0 0.768410
227 51 2 0 0 0.976460
227 52 1 0 1 0.600470
227 53 1 0 0 0.960410
227 54 1 0 0 0.760490
227 55 2 0 1 1.136480
227 56 2 1 0 0.808500
227 57 2 0 0 0.896500
227 58 2 1 1 0.784520
227 59 2 1 0 0.648470
227 60 1 0 0 0.784490
227 61 2 0 0 0.712490
227 63 1 0 0 0.608550
227 64 2 0 0 0.640530
227 65 1 1 0 0.944560
227 66 2 1 0 0.984520
227 67 2 0 0 0.592580
227 68 2 0 0 0.808590
227 69 2 1 0 0.728590
227 70 1 0 0 0.960560
227 71 2 1 0 0.920580
227 72 1 0 1 0.832570
227 73 1 0 0 0.672510
227 74 1 1 1 0.952640
227 75 1 1 0 0.632650
227 76 1 1 0 0.800650
227 77 2 1 0 0.818200
227 78 1 0 1 0.889960
227 79 1 1 1 1.073960
227 80 1 0 1 1.282030
227 81 1 0 0 1.146080
227 82 1 1 0 0.906090
227 83 2 0 1 1.274090
227 84 2 1 0 1.026060
227 85 2 1 0 1.306060
227 86 2 1 0 1.010080
227 87 2 0 1 0.898120
227 88 1 0 0 0.922120
227 89 1 1 1 0.842130
227 90 2 1 0 0.738090
227 91 2 1 0 0.578080
227 92 1 0 0 0.770160
227 93 2 0 0 0.794130
227 94 2 0 0 1.074170
227 95 1 1 0 0.634140
227 96 2 0 0 0.818210
227 97 2 0 1 0.962080
227 98 2 0 0 1.106160
227 99 1 1 1 1.002210
227 100 2 0 0 0.722220
227 102 2 1 1 0.962200
227 103 1 1 1 0.970250
227 105 1 0 0 1.330210
227 106 1 1 0 1.362350
227 107 1 1 0 0.954270
227 108 2 0 0 0.818290
227 109 2 1 1 1.210360
227 110 1 1 0 0.866310
227 111 1 1 1 0.930310
227 112 1 0 0 1.474320
227 113 2 0 0 1.042280
227 114 1 1 1 1.354290
227 115 1 0 1 1.278950
227 116 2 0 0 0.887200
227 117 1 1 0 0.823030
227 118 1 0 0 0.775080
227 119 1 0 0 1.095220
227 120 2 1 0 1.151090
227 122 1 1 1 0.871070
227 123 1 0 0 0.871020
227 124 1 0 0 0.703130
227 125 1 1 1 0.775090
227 126 2 1 1 0.967100
227 128 1 1 0 0.951280
227 129 1 1 0 0.671050
227 130 2 0 0 1.007160
227 131 2 1 0 0.879130
227 132 1 0 0 1.119150
227 133 1 0 0 0.879160
227 134 1 0 0 0.599200
227 135 2 1 1 0.663320
227 136 1 1 0 0.583220
227 137 2 0 0 0.703230
227 138 2 0 0 0.551190
227 139 1 0 0 0.671230
227 140 1 0 1 0.663140
227 141 2 1 0 0.799210
227 143 1 1 0 0.783260
227 144 2 0 0 0.935210
227 145 2 0 0 0.887270
227 146 2 1 0 0.983270
227 147 2 1 0 0.623250
227 148 2 1 0 0.935260
227 149 2 1 0 0.655300
227 150 2 1 0 0.719450
227 151 2 0 0 0.935260
228 2 2 0 1 0.863340
228 3 1 0 0 0.767330
228 4 2 0 1 0.719280
228 5 2 0 0 0.999330
228 6 1 0 1 0.991040
228 7 1 1 1 0.662840
228 8 2 0 0 0.878690
228 9 2 1 1 0.702440
228 10 2 1 0 0.750470
228 11 2 0 1 0.766330
228 12 2 1 0 0.830190
228 13 1 0 1 0.862040
228 14 2 0 1 0.805910
228 15 2 1 1 0.885830
228 16 1 1 1 0.765630
228 17 2 0 1 1.341540
228 18 1 0 1 1.005240
228 19 1 0 0 0.853140
228 20 2 1 1 1.460990
228 21 1 0 0 0.764860
228 22 1 0 1 1.100770
228 23 2 1 1 1.276530
228 24 1 1 1 0.924380
228 25 2 0 1 0.724200
228 26 1 1 1 0.676120
228 28 1 1 1 0.731910
228 29 1 1 0 0.787820
228 30 1 0 0 0.651610
228 31 2 0 0 0.611560
228 33 2 0 1 0.763270
228 34 1 1 1 0.587240
228 36 2 0 1 0.754700
228 37 1 1 1 0.594560
228 38 1 1 1 0.738310
228 39 2 1 0 0.800590
228 40 2 0 1 0.664510
228 41 2 1 0 0.696470
228 42 2 1 1 0.640270
228 43 2 1 1 0.600110
228 44 1 0 0 0.783860
228 45 2 0 1 0.663840
228 46 1 0 0 0.631660
228 47 2 0 1 0.959530
228 48 2 0 1 0.775410
228 49 2 1 0 0.943330
228 50 1 0 0 0.567110
228 52 1 1 1 0.582980
228 53 2 1 0 0.878890
228 54 1 0 0 0.550740
228 55 1 1 1 0.766320
228 56 2 1 0 0.614070
228 57 2 1 1 0.605960
228 58 2 0 1 0.869860
228 59 1 1 1 0.589710
228 60 2 0 1 0.693580
228 61 1 0 0 0.725490
228 62 1 0 1 0.837300
228 63 2 1 1 0.693280
228 64 1 1 1 0.709090
228 65 2 1 1 0.965010
228 66 1 1 1 0.620880
228 67 2 1 1 0.908730
228 68 1 0 1 0.652620
228 69 1 1 1 0.572530
228 71 1 0 1 0.660270
228 72 1 0 1 0.828000
228 73 2 1 1 0.795950
228 74 1 0 1 0.724390
228 75 1 0 1 0.836420
228 76 1 0 1 0.692280
228 77 1 1 1 0.615180
228 78 2 1 0 0.663200
228 80 2 1 0 0.822950
228 81 2 0 1 0.878730
228 82 2 1 1 0.830720
228 83 2 1 1 0.726450
228 84 1 1 1 0.686440
228 85 1 0 0 0.662150
228 86 2 0 1 0.718110
228 87 1 0 1 0.741920
228 88 1 1 1 0.581800
228 89 1 1 1 0.613690
228 90 1 0 1 0.725640
228 91 2 0 1 0.941490
228 92 2 1 1 0.765230
228 93 1 1 1 0.941170
228 94 1 0 1 1.020900
228 95 2 0 1 0.668810
228 96 2 0 1 0.876760
228 97 1 1 0 0.860530
228 98 1 1 1 0.660400
228 99 1 0 1 0.700180
228 101 1 1 1 0.547880
228 102 2 1 1 0.971740
228 103 2 1 1 1.083800
228 105 1 0 1 0.883460
228 106 2 1 1 0.699360
228 107 2 0 1 0.835170
228 108 2 0 1 1.211140
228 109 2 0 1 0.787090
228 110 1 0 1 0.866910
228 111 1 1 1 0.658770
228 112 1 0 0 0.634430
228 113 2 1 1 0.682250
228 114 2 1 1 0.962050
228 115 1 1 1 0.719050
228 116 1 0 1 0.710980
228 117 1 0 1 0.990750
228 118 2 0 1 0.822610
228 119 1 0 1 1.102420
228 120 1 1 1 0.718320
228 121 2 1 1 1.037930
228 122 1 0 1 0.861920
228 123 2 1 1 0.829810
228 124 2 0 1 0.565690
228 125 2 0 0 0.613580
228 126 2 1 0 0.597430
228 127 1 1 0 0.765260
228 128 1 0 1 0.605090
228 129 1 0 0 0.932970
228 130 2 0 1 0.948860
228 131 2 1 1 0.684700
228 132 2 0 1 0.692560
228 134 2 0 0 0.748320
228 135 2 0 1 0.660160
228 136 1 0 1 0.940000
228 137 2 1 1 0.675920
228 138 1 0 0 1.075840
228 139 1 1 1 0.699490
228 140 2 1 1 0.651380
228 141 2 0 0 0.763290
228 142 1 1 1 0.811120
228 143 1 1 1 0.690980
228 144 1 1 0 0.690820
228 145 1 1 1 0.602580
228 146 2 1 0 0.586510
228 147 1 1 1 0.666380
228 149 1 0 0 0.690080
228 150 2 0 1 0.946020
228 151 2 0 1 0.985830
228 152 2 1 1 0.689810
229 1 1 1 1 0.849730
229 2 1 0 0 0.793870
229 3 2 0 0 1.017990
229 4 2 1 1 0.634110
229 5 2 0 1 1.130260
229 6 1 1 1 0.738440
229 7 1 1 1 0.754520
229 8 1 1 1 0.746620
229 9 1 1 1 0.746810
229 10 2 1 0 0.914890
229 12 1 0 1 1.035080
229 13 1 0 0 0.803200
229 14 2 0 1 0.715280
229 15 1 0 1 0.883400
229 16 1 1 1 0.547530
229 17 1 0 1 0.739900
229 18 2 1 1 1.188080
229 19 1 0 1 1.012280
229 20 2 0 0 0.956310
229 21 2 0 1 1.308430
229 22 2 0 0 0.972570
229 23 2 0 1 0.772660
229 24 2 1 1 0.748750
229 25 2 1 1 1.044810
229 26 2 0 0 0.989050
229 27 2 0 1 0.869130
229 28 1 1 1 0.829190
229 29 2 1 1 0.981310
229 30 1 0 1 0.669370
229 31 2 1 1 0.541480
229 32 2 0 0 0.941650
229 33 1 1 1 0.997730
229 34 1 0 0 0.861960
229 38 2 1 0 0.870360
229 39 2 0 0 0.816560
229 41 1 0 1 0.696780
229 42 1 0 1 1.096910
229 43 2 0 0 0.969070
229 44 1 0 0 1.169210
229 45 1 1 1 0.769350
229 46 1 1 0 1.065480
229 47 1 0 1 0.953630
229 48 2 0 0 0.737720
229 49 1 1 1 1.225770
229 50 2 1 1 0.841880
229 51 2 1 1 1.122040
229 52 1 1 1 0.954060
229 53 2 0 0 0.610200
229 54 1 1 1 0.802270
229 55 1 1 1 0.882690
229 56 1 1 1 1.042880
229 57 1 0 1 0.739030
229 58 2 1 1 0.715100
229 59 1 0 1 0.827240
229 60 1 0 0 0.827370
229 62 2 0 0 0.763560
229 63 2 0 0 0.643610
229 64 2 0 1 0.619820
229 65 2 1 1 0.787870
229 66 2 0 0 0.747960
229 67 2 0 0 1.140120
229 68 2 1 1 0.844150
229 69 1 1 1 1.084260
229 70 1 0 0 0.812460
229 71 1 1 1 0.836550
229 72 2 0 1 0.876690
229 74 2 1 1 0.564960
229 75 1 1 1 0.877020
229 76 2 1 1 1.301120
229 77 2 0 0 0.906620
229 78 2 0 1 1.154700
229 79 1 0 0 0.946840
229 80 1 0 1 0.883010
229 81 2 1 1 0.995120
229 82 2 1 0 1.387300
229 83 2 0 0 1.307350
229 84 2 1 0 0.819540
229 85 1 0 1 1.091650
229 86 2 1 1 1.323740
229 87 1 0 1 1.219850
229 88 2 0 0 1.459900
229 89 1 0 0 0.828090
229 90 2 1 1 0.612120
229 91 1 0 1 1.484260
229 93 2 1 1 0.940710
229 94 2 1 0 0.748910
229 95 1 0 1 0.765070
229 96 1 1 1 0.821190
229 97 1 1 1 0.693250
229 99 2 1 1 0.893470
229 100 1 0 0 0.725560
229 101 2 0 0 0.749680
229 102 1 0 1 0.853830
229 103 1 1 1 1.037910
229 104 1 1 1 1.093990
229 105 1 1 1 0.718130
229 106 2 1 1 0.950200
229 107 2 1 0 0.822360
229 108 2 1 0 1.014470
229 109 1 0 1 1.086550
229 110 2 1 1 1.142770
229 112 2 0 1 0.863020
229 113 1 0 1 1.127040
229 114 1 1 1 0.911140
229 115 2 0 1 0.891290
229 116 2 1 0 1.307470
229 117 1 1 1 0.691500
229 118 2 1 0 0.859600
229 119 1 0 0 0.739700
229 120 1 0 0 0.899840
229 121 1 1 0 1.172000
229 122 2 0 0 0.700170
229 123 1 1 1 1.092320
229 124 2 1 0 1.116380
229 125 1 0 0 0.820470
229 126 2 0 1 0.836630
229 128 1 1 0 0.780770
229 129 1 1 0 0.980930
229 130 1 1 0 0.685090
229 131 2 0 0 1.285150
229 132 2 1 1 1.053450
229 133 1 0 1 0.869520
229 134 2 1 1 0.997650
229 135 2 1 1 0.829810
229 136 2 1 0 1.189890
229 138 2 0 1 0.982180
229 139 2 1 1 0.758370
229 140 1 0 1 0.870480
229 141 2 1 1 0.662550
229 142 2 1 1 1.358650
229 143 2 0 0 0.966740
229 144 1 0 1 0.974880
229 145 1 0 1 1.278940
229 146 1 0 0 1.127060
229 147 1 1 0 1.007160
229 148 1 0 1 1.335230
229 149 1 0 1 1.175370
229 150 1 0 1 0.975680
229 151 2 1 0 0.655880
229 152 2 0 0 0.872020
231 1 2 0 1 1.197950
231 2 1 1 0 0.942140
231 3 2 1 1 1.478200
231 4 2 0 1 0.702340
231 5 2 1 1 0.934420
231 7 2 0 1 0.966720
231 8 1 1 0 1.262900
231 10 2 1 1 0.975080
231 12 2 1 1 0.871340
231 13 2 0 1 0.631450
231 14 1 0 0 0.911490
231 15 1 0 0 0.871670
231 16 1 0 0 0.863910
231 17 2 0 1 0.936000
231 18 2 0 1 0.816260
231 20 1 0 0 0.824510
231 23 2 0 1 0.704880
231 24 1 0 1 1.145060
231 25 1 0 1 0.905180
231 26 1 0 0 0.841340
231 27 1 1 0 0.825410
231 28 1 1 0 1.057530
231 29 2 1 1 0.745580
231 31 1 0 0 1.057850
231 32 1 0 0 1.257950
231 33 2 1 1 0.594100
231 34 2 1 1 0.714140
231 35 1 1 1 0.698250
231 36 1 0 0 0.642670
231 37 2 0 1 0.898780
231 38 2 1 1 1.082960
231 41 1 0 0 0.694150
231 42 1 0 0 0.590200
231 43 1 0 1 0.678320
231 44 2 0 1 0.982380
231 45 1 1 1 0.582660
231 46 1 1 0 0.798810
231 47 2 1 1 0.774890
231 49 2 1 1 0.743070
231 50 1 0 0 1.047220
231 51 1 0 1 0.711380
231 53 1 0 0 0.695570
231 54 2 1 1 0.831760
231 55 1 1 0 1.127890
231 56 2 1 0 0.752100
231 57 1 1 0 1.192160
231 58 2 1 1 0.904350
231 59 2 0 1 0.576530
231 60 2 0 1 0.840600
231 61 1 0 0 0.624780
231 63 1 0 0 1.273110
231 64 2 1 1 1.177220
231 65 2 1 1 1.145300
231 66 2 0 1 0.913430
231 67 1 0 0 0.905470
231 68 2 0 1 1.073650
231 69 1 1 0 1.233710
231 70 1 1 0 0.857800
231 71 1 1 1 1.041950
231 72 1 1 0 1.226070
231 73 2 1 1 0.970180
231 74 2 1 1 1.010540
231 78 1 1 1 0.613230
231 79 2 1 1 0.781310
231 80 1 0 0 0.708690
231 81 1 0 0 0.780810
231 82 2 0 1 0.828880
231 83 1 1 1 1.005150
231 84 1 0 0 1.111170
231 85 2 1 1 0.941430
231 86 2 0 1 0.773470
231 87 1 0 0 0.829610
231 88 2 1 1 1.309770
231 89 2 1 1 0.733890
231 92 2 1 1 0.694260
231 93 2 1 1 0.574410
231 94 2 0 1 0.822620
231 95 1 0 0 0.958740
231 96 2 1 1 0.718900
231 97 1 1 0 0.967040
231 99 1 1 0 1.031270
231 100 2 0 0 0.975460
231 101 2 0 1 0.703620
231 102 1 1 0 0.831740
231 103 1 1 1 1.167810
231 104 1 0 0 0.935890
231 105 2 1 0 0.927960
231 106 1 1 1 0.920110
231 107 1 0 0 1.336220
231 108 1 1 0 1.168340
231 109 1 0 0 0.616480
231 111 2 1 0 0.640640
231 112 1 0 1 0.841020
231 113 2 0 1 0.985200
231 114 2 1 1 0.673310
231 117 1 1 1 0.716370
231 118 2 0 1 0.852490
231 119 1 1 0 0.700600
231 120 2 0 1 0.844700
231 121 2 1 1 0.844870
231 123 1 0 0 0.637170
231 124 2 0 1 0.613240
231 125 1 1 0 0.829320
231 126 1 0 0 0.813490
231 127 1 0 0 0.765590
231 128 1 0 0 0.613690
231 129 2 0 1 0.557850
231 130 2 0 1 0.902030
231 131 1 1 0 1.262110
231 132 1 1 1 1.062380
231 133 2 1 1 0.766460
231 134 2 0 1 0.766670
231 135 1 1 0 1.014810
231 136 1 1 0 1.118830
231 137 1 0 1 0.823090
231 138 1 1 1 1.455170
231 139 1 0 0 0.655350
231 140 2 0 1 0.895500
231 141 2 0 1 0.671620
231 142 1 1 0 0.887700
231 143 2 0 1 1.343780
231 144 1 0 0 0.871880
231 145 2 1 0 1.480020
231 146 2 1 1 1.360070
231 147 2 0 1 0.664230
231 148 2 1 1 1.136330
231 149 1 1 1 0.816460
231 152 1 1 0 1.281120
232 1 1 1 1 0.597550
232 2 2 1 0 0.565500
232 3 2 1 0 0.725460
232 4 2 0 1 0.597220
232 5 2 0 0 0.453070
232 6 2 0 1 0.556970
232 7 1 1 0 0.972880
232 8 1 0 0 0.900730
232 9 2 1 0 0.684660
232 10 2 1 1 0.684520
232 11 2 0 0 0.660420
232 12 2 1 0 1.340310
232 13 1 0 1 1.004170
232 14 2 1 1 0.940060
232 15 2 0 1 1.388000
232 17 1 1 1 1.131600
232 20 1 1 1 0.307250
232 21 2 0 1 0.906980
232 22 1 0 0 0.794990
232 24 1 0 0 0.962610
232 25 1 1 1 0.898410
232 26 1 0 1 1.258350
232 27 1 1 0 1.042170
232 28 2 0 0 0.634150
232 29 1 0 1 1.162030
232 30 1 0 1 0.777910
232 31 2 1 1 0.705600
232 32 1 0 1 0.609500
232 33 2 1 1 0.857220
232 35 1 0 1 0.697070
232 36 2 1 1 1.056900
232 37 1 0 1 0.616730
232 38 1 1 1 0.592560
232 39 2 1 0 0.989160
232 40 1 1 0 0.941010
232 41 1 1 1 0.620860
232 42 2 0 1 0.700770
232 43 2 1 1 0.804600
232 44 2 0 1 0.724550
232 45 1 0 0 0.556440
232 46 1 1 0 0.804340
232 47 1 0 0 0.708140
232 48 2 1 0 0.644150
232 49 1 0 1 0.748000
232 50 2 0 1 1.115820
232 52 2 0 1 0.731670
232 53 1 0 0 0.963450
232 55 1 0 0 0.963790
232 56 2 0 1 0.739770
232 57 2 1 0 0.907570
232 59 2 0 0 0.699270
232 60 1 1 1 0.691150
232 61 2 0 0 0.595340
232 62 2 1 1 0.618810
232 63 1 1 0 0.686790
232 64 1 0 0 0.578840
232 65 2 1 0 0.906460
232 66 1 1 1 0.634400
232 67 1 0 0 1.074240
232 68 1 0 0 0.666090
232 69 1 1 1 0.921810
232 70 2 1 0 0.937850
232 71 1 1 1 1.297430
232 72 2 1 0 0.777350
232 73 2 0 1 0.817150
232 74 1 0 0 0.881060
232 75 1 0 1 0.768960
232 76 2 0 1 0.560740
232 77 1 1 0 0.835000
232 78 1 0 0 0.858830
232 79 2 0 1 0.674770
232 80 1 1 0 1.082710
232 82 1 0 1 0.714520
232 83 1 0 1 0.730190
232 84 2 0 1 0.730160
232 85 1 1 0 1.241960
232 86 1 1 0 1.129890
232 87 2 0 1 0.817840
232 88 2 0 0 1.065680
232 89 1 1 0 1.009490
232 90 2 1 0 1.017470
232 91 1 1 0 0.481280
232 92 2 0 1 0.681150
232 93 2 1 0 1.225020
232 94 2 1 1 0.432690
232 95 1 0 0 0.976670
232 96 2 1 1 0.720500
232 97 2 1 1 1.128390
232 99 1 1 1 0.904050
232 100 1 1 1 0.887910
232 101 1 0 0 0.679700
232 103 1 1 1 1.048230
232 104 2 0 1 0.624140
232 105 1 0 0 0.832000
232 107 2 1 0 0.671760
232 108 2 1 0 0.767680
232 109 2 0 1 0.751460
232 110 1 1 0 1.343480
232 111 2 1 1 0.615380
232 112 1 1 0 0.991330
232 113 1 0 1 1.390830
232 114 2 0 1 0.950700
232 115 1 1 0 0.702950
232 117 2 0 1 1.022710
232 118 1 1 1 0.830500
232 119 2 0 1 0.646470
232 120 2 0 1 1.382310
232 121 1 1 1 0.638240
232 122 2 0 1 0.650900
232 123 2 1 0 0.637970
232 124 1 1 0 0.621870
232 125 1 1 1 0.717780
232 126 1 0 0 0.621640
232 127 1 0 0 0.893510
232 128 1 1 0 1.221410
232 129 2 1 1 1.093360
232 130 2 0 0 0.997140
232 131 1 1 1 0.652940
232 132 1 0 0 0.668910
232 133 1 0 1 1.292750
232 134 2 1 0 0.908580
232 135 1 0 0 0.700410
232 136 1 1 1 0.868280
232 137 1 1 0 0.892190
232 138 1 0 0 0.955990
232 139 1 0 0 0.811800
232 140 2 1 0 1.123640
232 142 2 1 0 0.571510
232 143 2 0 0 0.939320
232 144 1 0 1 1.443190
232 145 2 1 1 0.770960
232 146 2 1 0 0.794850
232 147 2 1 1 0.786590
232 148 1 0 0 1.306520
232 149 2 0 0 0.874400
232 150 2 1 0 0.754170
232 152 2 0 0 1.457870
233 1 2 1 0 1.007110
233 3 1 1 1 0.943060
233 4 1 1 0 0.879020
233 5 1 0 0 1.063080
233 6 1 0 1 0.727090
233 7 1 0 0 0.711090
233 8 2 1 0 1.007100
233 9 1 1 0 0.919110
233 12 1 0 0 0.759130
233 13 2 0 1 1.191090
233 14 1 0 0 1.039130
233 15 1 1 1 0.767140
233 16 1 0 1 0.879140
233 17 2 0 1 1.143190
233 19 2 1 1 0.727210
233 20 2 1 0 0.703220
233 21 2 0 0 0.911100
233 23 1 1 1 0.807180
233 24 2 0 0 0.831240
233 25 1 1 0 0.791250
233 26 2 0 1 0.815250
233 27 2 1 1 0.727190
233 28 1 0 0 0.959200
233 29 2 1 1 0.959210
233 30 1 0 1 1.055270
233 31 2 1 0 0.855280
233 32 2 1 0 1.327240
233 33 2 1 1 1.063250
233 34 1 1 0 1.087430
233 35 1 0 1 0.713390
233 36 1 0 1 0.735270
233 37 2 0 0 0.751200
233 38 1 0 0 0.967320
233 39 2 0 0 0.874590
233 40 2 1 0 0.930590
233 41 1 0 0 0.962710
233 42 2 1 0 0.890710
233 44 1 0 1 0.666660
233 45 1 1 0 1.106730
233 46 1 0 1 0.722690
233 47 2 1 0 0.738740
233 48 2 1 0 0.634750
233 49 1 0 1 0.578690
233 50 2 0 0 0.634760
233 51 2 1 0 0.602750
233 53 1 1 0 0.874780
233 54 2 0 0 0.770780
233 55 2 0 1 0.738670
233 56 2 1 1 1.002780
233 57 1 0 1 0.642790
233 58 2 0 1 0.770760
233 59 2 1 0 0.650810
233 61 1 0 0 0.746820
233 62 1 0 1 1.186760
233 63 1 1 0 1.010840
233 64 1 0 1 0.594830
233 65 2 1 0 0.634830
233 66 1 0 0 0.690800
233 67 2 1 0 0.954730
233 68 2 1 0 0.642190
233 69 1 0 1 0.858190
233 70 1 0 1 0.890200
233 71 1 1 1 0.850200
233 72 2 1 0 0.802200
233 73 2 0 0 0.722180
233 74 1 1 0 1.066170
233 75 2 1 1 0.898180
233 76 1 0 1 0.730180
233 77 2 0 0 0.755480
233 78 2 1 1 0.843500
233 79 2 1 0 0.651570
233 80 1 0 1 0.627580
233 81 2 1 1 0.907580
233 82 2 0 0 1.075530
233 84 1 0 1 0.651640
233 85 1 1 0 0.683640
233 86 1 0 0 1.203600
233 89 1 0 1 0.915670
233 90 2 1 1 1.339610
233 91 1 1 0 0.611630
233 92 2 0 0 1.115630
233 94 1 1 1 0.707630
233 95 2 0 0 1.211640
233 96 2 0 0 0.795660
233 97 2 0 1 0.723710
233 98 1 0 1 0.619710
233 99 1 1 1 0.931750
233 100 1 0 0 0.699600
233 101 1 1 1 0.747720
233 102 2 1 0 0.939730
233 103 2 0 1 0.979730
233 104 2 1 0 0.955690
233 105 2 0 0 0.723630
233 106 2 0 1 1.003700
233 107 2 0 1 1.155710
233 108 1 1 0 0.963720
233 109 1 1 0 0.891720
233 110 1 1 1 0.939660
233 111 1 0 1 0.731710
233 112 1 1 1 1.411720
233 113 1 1 1 1.451720
233 114 1 1 0 0.755790
233 116 2 1 1 0.880380
233 117 1 0 1 0.696450
233 118 2 0 1 1.376380
233 119 1 1 0 0.840450
233 120 1 0 0 1.240500
233 121 1 0 0 0.920460
233 123 2 0 0 0.632460
233 124 1 1 0 0.752530
233 125 1 0 1 0.968470
233 126 1 1 0 0.840420
233 127 2 1 0 0.680550
233 128 1 1 0 0.832490
233 129 2 0 0 1.352540
233 130 2 1 0 0.720560
233 131 2 0 0 0.840490
233 132 1 0 1 1.152440
233 133 2 1 0 1.464510
233 134 1 0 0 0.904570
233 135 1 0 0 0.880530
233 136 2 0 0 0.856530
233 137 2 0 0 1.328540
233 138 1 1 0 0.872520
233 139 2 1 0 1.224580
233 140 1 1 0 1.304600
233 141 2 0 0 1.016560
233 142 1 0 1 0.704560
233 143 2 0 0 0.760560
233 144 2 1 1 1.040490
233 145 1 1 1 0.768620
233 146 2 1 0 0.952620
233 147 2 1 0 0.928570
233 148 1 1 0 0.760640
233 149 1 0 0 0.648660
233 150 1 1 0 1.104530
233 151 2 1 0 0.928650
233 152 2 1 0 0.984600
234 1 2 0 1 1.113770
234 2 1 1 0 0.785850
234 3 1 0 1 1.185980
234 4 1 0 1 1.170140
234 5 2 1 1 1.298280
234 6 1 0 0 1.434450
234 7 2 0 0 0.858580
234 8 1 0 1 1.058710
234 9 2 1 0 1.026900
234 10 2 0 1 1.194980
234 12 1 1 0 0.755130
234 13 1 1 1 1.195270
234 14 2 1 1 0.883360
234 15 2 0 1 1.083450
234 16 2 1 1 1.227570
234 17 2 0 0 0.843970
234 18 2 1 1 0.812190
234 19 1 1 0 0.796370
234 20 2 0 0 1.252440
234 21 1 0 0 1.140610
234 24 1 1 0 0.836950
234 25 1 1 0 0.797030
234 26 1 0 0 0.772580
234 27 1 1 1 0.860660
234 28 2 1 1 0.676710
234 29 1 0 0 0.700850
234 31 2 1 0 0.869090
234 32 1 0 1 0.709250
234 33 1 0 0 0.653310
234 34 1 0 1 0.789550
234 35 2 1 0 1.133640
234 36 1 0 1 0.813810
234 37 2 0 1 0.981850
234 38 2 1 1 0.909990
234 39 2 0 1 0.939730
234 40 2 1 1 1.011870
234 41 2 1 0 0.732030
234 43 2 1 0 0.612340
234 44 2 0 1 1.284460
234 45 2 0 1 1.092570
234 46 1 1 0 0.892640
234 48 1 1 0 0.988830
234 49 1 1 0 0.972940
234 50 1 0 1 0.965080
234 51 1 0 1 0.885200
234 52 2 1 1 0.989320
234 53 2 0 0 0.797450
234 54 2 1 1 0.781620
234 55 2 0 1 0.901770
234 56 1 0 1 1.437830
234 57 1 0 1 1.014000
234 58 1 0 1 1.198180
234 59 1 1 0 0.894350
234 60 2 0 1 0.750430
234 61 2 1 0 1.126620
234 62 2 0 1 1.134780
234 63 1 1 1 1.430900
234 64 1 1 1 0.767100
234 65 1 0 1 1.047180
234 66 2 0 0 0.703230
234 67 2 0 0 1.071410
234 68 1 0 1 1.087540
234 69 2 0 1 1.239810
234 70 2 1 1 1.311890
234 71 1 0 1 1.240160
234 72 2 0 1 0.816250
234 73 1 1 0 1.104360
234 74 1 1 1 1.248530
234 75 1 1 1 1.088660
234 76 1 1 1 1.064890
234 78 2 1 1 1.224140
234 79 1 0 1 0.944200
234 80 2 0 1 1.096300
234 81 1 0 0 0.832300
234 82 2 1 0 0.720480
234 85 2 1 0 0.897030
234 86 1 0 0 1.369040
234 87 1 1 1 0.881160
234 88 1 1 1 1.345360
234 89 1 1 1 1.153430
234 90 1 0 0 1.193520
234 91 1 0 0 0.881670
234 92 2 0 1 1.001910
234 93 2 0 1 0.945940
234 94 2 0 1 1.337540
234 95 1 1 0 0.721670
234 96 2 0 1 1.265800
234 97 1 0 1 1.385980
234 98 1 0 1 1.266030
234 99 2 1 1 1.242230
234 100 1 1 1 0.802410
234 101 2 1 1 1.074540
234 102 2 1 1 0.930690
234 103 1 1 1 0.930780
234 104 1 0 1 0.842840
234 105 1 1 0 1.090990
234 106 2 1 1 0.955100
234 107 2 1 1 1.371240
234 108 2 0 1 0.707290
234 109 1 0 1 1.211450
234 110 2 1 0 0.691560
234 111 2 0 1 0.883680
234 112 2 1 1 0.780040
234 113 2 1 0 0.780210
234 114 1 0 1 0.900350
234 115 1 0 1 0.927140
234 116 2 0 1 0.791200
234 117 2 1 1 0.823310
234 118 1 0 0 1.415510
234 119 1 1 1 1.191630
234 121 1 1 1 1.327940
234 122 2 1 1 0.872030
234 123 2 1 1 0.968210
234 124 2 1 0 0.800350
234 125 2 0 1 1.480410
234 126 1 1 1 1.000490
234 128 2 1 1 0.648760
234 129 2 0 1 0.784860
234 130 2 1 0 0.640930
234 131 1 0 1 0.945320
234 132 1 1 0 1.057560
234 133 2 0 0 0.721720
234 134 2 0 0 0.713840
234 135 1 1 0 0.889960
234 136 2 1 1 1.114120
234 137 1 1 0 0.818220
234 138 2 0 0 0.698300
234 139 2 0 1 1.234380
234 140 2 0 0 0.730580
234 141 1 0 0 0.706630
234 142 1 0 1 0.890760
234 143 2 0 1 0.962860
234 144 2 1 1 1.066990
234 145 1 1 0 0.971060
234 146 1 1 1 0.795230
234 147 1 1 0 1.011300
234 148 1 0 1 1.259540
234 149 1 0 1 0.691710
234 150 1 1 1 1.219800
234 152 1 0 1 1.075940
