220	0	2	1	1	2	7.4156	6821	9495	52	49	0	0	2	1	1080.1	0.19	0.24
220	0	2	1	1	4	17.415	6836	6242	47	46	0	1	2	0	1352.2	0.28	0.29
220	0	2	1	1	6	28.415	1111	2039	14	7	1	0	1	0	992.2	0.71	0.78
220	0	2	1	1	8	37.415	2039	1274	7	16	0	1	1	0	1032.3	0.78	0.7
220	0	2	1	1	10	46.415	9495	9042	49	45	1	0	2	0	1280.2	0.24	0.33
220	0	2	1	1	12	53.415	7078	1274	13	16	0	1	1	0	888.17	0.72	0.7
220	0	2	1	1	14	61.415	3160	9561	12	11	0	1	1	0	1032.2	0.73	0.74
220	0	2	1	1	16	68.415	9042	6242	45	46	0	1	2	0	992.22	0.33	0.29
220	0	2	1	1	18	90.414	9395	3160	9	12	1	1	1	1	656.4	0.77	0.73
220	0	2	1	1	20	100.5	6821	6838	52	48	0	999	2	999	9.99e+05	0.19	0.25
220	0	2	1	1	22	109.41	1271	9291	18	17	0	0	1	1	1016.3	0.69	0.69
220	0	2	1	1	24	115.41	6571	6821	54	52	1	1	2	1	952.21	0.19	0.19
220	0	2	1	1	26	125.41	9561	7078	11	13	1	0	1	0	920.41	0.74	0.72
220	0	2	1	1	28	131.41	6571	6836	54	47	1	0	2	0	1400.3	0.19	0.28
220	0	2	1	1	30	139.41	9622	9290	56	6	0	0	4	1	984.31	0.16	0.81
220	0	2	1	1	32	149.41	1271	9561	18	11	0	1	1	0	1096.3	0.69	0.74
220	0	2	1	1	34	159.41	6242	8485	46	44	1	999	2	999	9.99e+05	0.29	0.35
220	0	2	1	1	36	168.41	1111	7078	14	13	1	0	1	0	640.35	0.71	0.72
220	0	2	1	1	38	174.41	2691	9495	53	49	0	0	2	1	1184.3	0.19	0.24
220	0	2	1	2	2	6.6158	6210	2455	55	5	0	0	4	1	849.64	0.16	0.82
220	0	2	1	2	4	17.616	6821	9120	52	51	0	1	2	0	1321.7	0.19	0.23
220	0	2	1	2	6	26.615	9390	7359	10	8	0	0	1	1	737.67	0.75	0.78
220	0	2	1	2	8	33.615	9427	2691	43	53	1	1	2	1	1337.7	0.36	0.19
220	0	2	1	2	10	41.615	9390	1274	10	16	0	1	1	0	713.72	0.75	0.7
220	0	2	1	2	12	50.615	9561	9342	11	15	1	0	1	0	961.73	0.74	0.71
220	0	2	1	2	14	57.615	9390	9395	10	9	0	1	1	0	633.69	0.75	0.77
220	0	2	1	2	16	67.615	7359	9342	8	15	1	1	1	1	857.68	0.78	0.71
220	0	2	1	2	18	78.815	1111	1271	14	18	1	999	1	999	9.99e+05	0.71	0.69
220	0	2	1	2	20	87.615	1111	9390	14	10	1	0	1	0	937.69	0.71	0.75
220	0	2	1	2	22	97.614	6821	6242	52	46	0	1	2	0	1321.7	0.19	0.29
220	0	2	1	2	24	109.61	9120	8485	51	44	1	1	2	1	969.89	0.23	0.35
220	0	2	1	2	26	119.61	7078	9291	13	17	0	1	1	0	1305.8	0.72	0.69
220	0	2	1	2	28	125.61	7359	7078	8	13	1	1	1	1	665.77	0.78	0.72
220	0	2	1	2	30	135.61	2691	9120	53	51	0	0	2	1	857.91	0.19	0.23
220	0	2	1	2	32	149.61	6838	9042	48	45	1	0	2	0	1433.6	0.25	0.33
220	0	2	1	2	34	161.61	6571	8485	54	44	1	999	2	999	9.99e+05	0.19	0.35
220	0	2	1	2	36	171.61	7359	3160	8	12	1	1	1	1	617.76	0.78	0.73
220	0	2	1	2	38	182.61	3160	1111	12	14	0	1	1	0	657.76	0.73	0.71
220	0	2	2	1	2	8.3824	9622	2455	56	5	0	0	4	1	817.05	0.16	0.82
220	0	2	2	1	4	19.382	9342	1111	15	14	0	1	1	0	937.18	0.71	0.71
220	0	2	2	1	6	29.382	9495	9042	49	45	1	1	2	1	921.16	0.24	0.33
220	0	2	2	1	8	44.382	9390	9561	10	11	0	1	1	0	913.11	0.75	0.74
220	0	2	2	1	10	51.382	9495	6312	49	50	1	1	2	1	1257.1	0.24	0.23
220	0	2	2	1	12	59.382	6242	6312	46	50	1	0	2	0	873.15	0.29	0.23
220	0	2	2	1	14	72.382	9290	9622	6	56	1	1	4	1	977.1	0.81	0.16
220	0	2	2	1	16	80.381	6242	9042	46	45	1	0	2	0	817.16	0.29	0.33
220	0	2	2	1	18	90.564	3160	7359	12	8	0	999	1	999	9.99e+05	0.73	0.78
220	0	2	2	1	20	98.398	6312	6838	50	48	0	0	2	1	1296.6	0.23	0.25
220	0	2	2	1	22	108.4	8485	6838	44	48	0	0	2	1	912.51	0.35	0.25
220	0	2	2	1	24	114.4	9390	9395	10	9	0	1	1	0	1104.5	0.75	0.77
220	0	2	2	1	26	130.4	8485	6242	44	46	0	0	2	1	976.57	0.35	0.29
220	0	2	2	1	28	140.4	9495	2691	49	53	1	1	2	1	1264.6	0.24	0.19
220	0	2	2	1	30	150.4	6571	6312	54	50	1	999	2	999	9.99e+05	0.19	0.23
220	0	2	2	1	32	159.4	9291	3160	17	12	1	1	1	1	968.54	0.69	0.73
220	0	2	2	1	34	170.4	7359	2039	8	7	1	0	1	0	1008.6	0.78	0.78
220	0	2	2	1	36	177.4	6836	6571	47	54	0	0	2	1	1144.5	0.28	0.19
220	0	2	2	1	38	183.4	7078	7359	13	8	0	1	1	0	1048.5	0.72	0.78
220	0	2	2	2	2	8.2824	7078	1274	13	16	0	1	1	0	620.56	0.72	0.7
220	0	2	2	2	4	20.315	9120	6821	51	52	1	999	2	999	9.99e+05	0.23	0.19
220	0	2	2	2	6	29.282	6838	6821	48	52	1	0	2	0	916.64	0.25	0.19
220	0	2	2	2	8	44.282	2691	9427	53	43	0	999	2	999	9.99e+05	0.19	0.36
220	0	2	2	2	10	51.282	8485	9120	44	51	0	0	2	1	1044.6	0.35	0.23
220	0	2	2	2	12	59.282	1271	9291	18	17	0	1	1	0	964.63	0.69	0.69
220	0	2	2	2	14	72.281	9495	6836	49	47	1	1	2	1	1132.7	0.24	0.28
220	0	2	2	2	16	80.281	9120	6836	51	47	1	1	2	1	1004.6	0.23	0.28
220	0	2	2	2	18	89.281	7078	9291	13	17	0	1	1	0	868.68	0.72	0.69
220	0	2	2	2	20	98.281	2039	1111	7	14	0	1	1	0	764.64	0.78	0.71
220	0	2	2	2	22	108.28	1274	3160	16	12	1	0	1	0	892.59	0.7	0.73
220	0	2	2	2	24	114.28	6571	9042	54	45	1	1	2	1	988.7	0.19	0.33
220	0	2	2	2	26	130.28	1271	1274	18	16	0	1	1	0	716.66	0.69	0.7
220	0	2	2	2	28	140.28	1271	7359	18	8	0	1	1	0	876.66	0.69	0.78
220	0	2	2	2	30	150.28	2691	6838	53	48	0	0	2	1	940.67	0.19	0.25
220	0	2	2	2	32	159.28	9561	2039	11	7	1	1	1	1	820.72	0.74	0.78
220	0	2	2	2	34	170.28	9291	2039	17	7	1	0	1	0	956.98	0.69	0.78
220	0	2	2	2	36	177.28	1274	9342	16	15	1	0	1	0	1060.7	0.7	0.71
220	0	2	2	2	38	183.28	9395	3160	9	12	1	1	1	1	1012.7	0.77	0.73
