subjectID	order	itemIndABC	stimName	bidInd	runtrial	isOld?	subjectAnswerIsOld	onsettime_isOld	resp_isOld	RT_isOld	isGo?	subjectAnswerIsGo	onsettime_isGo	resp_isGo	RT_isGo
BSOV_118	2	44	Kifkef.bmp	0	1	0	1	2.981546e-02	1	3.425210e+00	0	3	4.000706e+00	3	2.166313e+00	
BSOV_118	2	24	Smarties.bmp	56	2	1	2	7.721766e+00	2	4.045259e+00	0	2	1.231028e+01	2	2.032742e+00	
BSOV_118	2	39	Corny.bmp	0	3	0	4	1.589768e+01	4	3.237343e+00	0	4	1.966847e+01	4	1.138550e+00	
BSOV_118	2	49	MilkeyWay.bmp	0	4	0	5	2.237159e+01	5	3.651437e+00	0	5	2.655959e+01	5	7.754345e-01	
BSOV_118	2	19	Loacker.bmp	6	5	1	1	2.889546e+01	1	4.087562e+00	0	4	3.351738e+01	4	8.816361e-01	
BSOV_118	2	42	DoritusMexicanNacho.bmp	0	6	0	4	3.595347e+01	4	3.893552e+00	0	4	4.039181e+01	4	3.192141e-01	
BSOV_118	2	22	Popco.bmp	55	7	1	1	4.226054e+01	1	1.938484e+00	0	2	4.474661e+01	2	5.084154e-01	
BSOV_118	2	37	ClickCornflakes.bmp	0	8	0	4	4.681559e+01	4	5.463462e+00	0	4	5.282242e+01	4	6.405993e-01	
BSOV_118	2	47	Lotus.bmp	0	9	0	4	5.502476e+01	4	7.606281e+00	0	4	6.316690e+01	4	6.641249e-01	
BSOV_118	2	3	ChocolateParaMarir2.bmp	50	10	1	1	6.538637e+01	1	3.180643e+00	0	4	6.910726e+01	4	6.757585e-01	
BSOV_118	2	14	KashitSour.bmp	48	11	1	1	7.134307e+01	1	1.751960e+00	1	2	7.364565e+01	2	7.533695e-01	
BSOV_118	2	2	BambaSweet.bmp	53	12	1	1	7.596492e+01	1	1.954095e+00	0	2	7.846773e+01	2	5.552891e-01	
BSOV_118	2	25	Snickers.bmp	43	13	1	1	8.058679e+01	1	1.732237e+00	1	2	8.285597e+01	2	1.271055e+00	
BSOV_118	2	50	MnM2.bmp	0	14	0	4	8.569241e+01	4	3.722615e+00	0	4	8.996396e+01	4	1.843061e+00	
BSOV_118	2	20	Mars.bmp	52	15	1	1	9.336774e+01	1	2.375286e+00	0	4	9.628782e+01	4	9.671861e-01	
BSOV_118	2	15	Keifli.bmp	54	16	1	1	9.880714e+01	1	3.775874e+00	1	2	1.031287e+02	2	1.334746e+00	
BSOV_118	2	48	MikeAndIke.bmp	0	17	0	5	1.060320e+02	5	2.014994e+00	0	5	1.085847e+02	5	1.014281e+00	
BSOV_118	2	38	CookiesSmile.bmp	0	18	0	5	1.111710e+02	5	2.092059e+00	0	5	1.138073e+02	5	2.695670e+00	
BSOV_118	2	36	ChocolateWhite.bmp	0	19	0	4	1.180620e+02	4	4.033017e+00	0	4	1.226505e+02	4	8.525096e-01	
BSOV_118	2	32	BisliFalafel.bmp	0	20	0	4	1.250700e+02	4	2.393092e+00	0	4	1.280066e+02	4	4.164183e-01	
BSOV_118	2	16	KifkefMaklot2.bmp	46	21	1	1	1.299754e+02	1	2.887682e+00	1	1	1.334125e+02	1	3.944792e-01	
BSOV_118	2	40	Crunch4.bmp	0	22	0	4	1.353648e+02	4	4.026244e+00	0	4	1.399365e+02	4	7.904930e-01	
BSOV_118	2	53	Pringles.bmp	0	23	0	5	1.422892e+02	5	2.101852e+00	0	5	1.449255e+02	5	1.177556e+00	
BSOV_118	2	12	HispusimShatiah.bmp	18	24	1	1	1.476619e+02	1	1.345119e+00	0	2	1.495473e+02	2	4.757137e-01	
BSOV_118	2	13	Hit.bmp	15	25	1	1	1.515829e+02	1	1.176087e+00	0	3	1.533016e+02	3	1.209453e+00	
BSOV_118	2	41	DoritosMenupahBbq.bmp	0	26	0	4	1.560713e+02	4	3.759679e+00	0	4	1.603761e+02	4	5.028825e-01	
BSOV_118	2	21	PesekZman.bmp	11	27	1	1	1.624451e+02	1	1.585997e+00	1	2	1.645808e+02	2	3.874226e+00	
BSOV_118	2	8	Dubonim.bmp	16	28	1	1	1.700203e+02	1	1.234773e+00	1	2	1.718055e+02	2	5.134856e-01	
BSOV_118	2	5	ClickBlackWhite3.bmp	5	29	1	1	1.738745e+02	1	1.412490e+00	0	3	1.758267e+02	3	1.252272e+00	
BSOV_118	2	1	Bamba.bmp	13	30	1	1	1.786466e+02	1	1.872426e+00	0	2	1.810660e+02	2	6.610246e-01	
BSOV_118	2	54	TapuchipsCrunch2.bmp	0	31	0	4	1.832851e+02	4	2.329892e+00	0	4	1.861550e+02	4	4.520547e-01	
BSOV_118	2	18	Kitkat.bmp	10	32	1	2	1.881740e+02	2	5.665039e+00	0	4	1.943809e+02	4	3.066160e+00	
BSOV_118	2	23	SkittlesSour4.bmp	45	33	1	1	1.990028e+02	1	5.460254e+00	0	2	2.050094e+02	2	1.893609e+00	
BSOV_118	2	26	Taami.bmp	12	34	1	1	2.084635e+02	1	3.407569e+00	0	2	2.124178e+02	2	1.301243e+00	
BSOV_118	2	35	ChocolateParaNuts2.bmp	0	35	0	5	2.152877e+02	5	4.023340e+00	0	5	2.198594e+02	5	4.675844e-01	
BSOV_118	2	10	GumiSnakes3.bmp	49	36	1	1	2.218950e+02	1	2.352039e+00	1	2	2.247983e+02	2	1.816764e+00	
BSOV_118	2	9	Egozi.bmp	44	37	1	1	2.281688e+02	1	1.766206e+00	0	3	2.304713e+02	3	3.599727e+00	
BSOV_118	2	52	PitaCrunch.bmp	0	38	0	5	2.356271e+02	5	1.811883e+00	0	5	2.379798e+02	5	2.003250e+00	
BSOV_118	2	56	bagaleShminiot.bmp	0	39	0	5	2.415504e+02	5	1.864575e+00	0	5	2.439530e+02	5	1.061977e+00	
BSOV_118	2	43	Hispusim.bmp	0	40	0	1	2.465726e+02	1	2.290390e+00	0	2	2.494092e+02	2	1.565787e+00	
BSOV_118	2	34	ChocolateChipsCookies.bmp	0	41	0	4	2.525460e+02	4	3.861008e+00	0	4	2.569510e+02	4	3.072005e+00	
BSOV_118	2	55	Toblerone.bmp	0	42	0	5	2.615895e+02	5	5.849563e+00	0	5	2.679800e+02	5	8.189952e-01	
BSOV_118	2	30	Argaliyot.bmp	0	43	0	5	2.703660e+02	5	1.352973e+00	0	5	2.722682e+02	5	1.738820e+00	
BSOV_118	2	7	CrunchShokoVanil.bmp	8	44	1	1	2.755719e+02	1	2.787167e+00	1	2	2.788923e+02	2	9.387181e-01	
BSOV_118	2	28	Twist.bmp	47	45	1	1	2.813950e+02	1	1.076025e+00	0	2	2.830136e+02	2	2.177469e+00	
BSOV_118	2	4	ClickBisquit2.bmp	7	46	1	1	2.867511e+02	1	8.639490e-01	0	2	2.881527e+02	2	7.583563e-01	
BSOV_118	2	27	Tortit.bmp	51	47	1	1	2.904718e+02	1	4.175215e+00	1	2	2.951938e+02	2	1.069218e+00	
BSOV_118	2	29	Abadi2.bmp	0	48	0	4	2.978301e+02	4	3.864908e+00	0	4	3.022350e+02	4	1.571996e+00	
BSOV_118	2	51	Oreo.bmp	0	49	0	4	3.053886e+02	4	5.106425e+00	0	4	3.110449e+02	4	4.261397e-01	
BSOV_118	2	6	ClickXLbrown4.bmp	17	50	1	1	3.130305e+02	1	1.512509e+00	1	2	3.150827e+02	2	3.642835e-01	
BSOV_118	2	11	HappyHippo.bmp	14	51	1	1	3.170016e+02	1	1.237413e+00	1	2	3.187869e+02	2	1.756136e+00	
BSOV_118	2	45	KifkefMaklotChocolate.bmp	0	52	0	2	3.221073e+02	2	5.035681e+00	0	2	3.276969e+02	2	5.821026e-01	
BSOV_118	2	33	CheetosSpicey.bmp	0	53	0	5	3.298326e+02	5	3.926386e+00	0	5	3.343043e+02	5	6.067111e-01	
BSOV_118	2	46	KinderFingers.bmp	0	54	0	3	3.364734e+02	3	9.109628e+00	0	3	3.461175e+02	3	1.321507e+00	
BSOV_118	2	17	KinderBuenoWhite2.bmp	9	55	1	1	3.490042e+02	1	2.498867e+00	1	4	3.520406e+02	4	1.646452e+00	
BSOV_118	2	31	BisliBbq.bmp	0	56	0	4	3.552445e+02	4	4.738528e+00	0	4	3.605338e+02	4	3.132550e-01	
