subjectID	order	itemIndABC	stimName	bidInd	runtrial	isOld?	subjectAnswerIsOld	onsettime_isOld	resp_isOld	RT_isOld	isGo?	subjectAnswerIsGo	onsettime_isGo	resp_isGo	RT_isGo
BSOV_113	1	20	Mentos.bmp	6	1	1	1	2.997381e-02	1	1.857454e+00	0	2	2.432328e+00	2	4.847102e+00	
BSOV_113	1	1	Apropo.bmp	17	2	1	1	8.839879e+00	1	1.743549e+00	0	4	1.112574e+01	4	1.153767e+01	
BSOV_113	1	36	ChocolateWhite.bmp	0	3	0	5	2.422369e+01	5	2.935721e+00	0	5	2.769434e+01	5	6.490884e-01	
BSOV_113	1	22	Popco.bmp	5	4	1	1	2.991353e+01	1	2.661891e+00	0	2	3.311703e+01	2	3.330403e+00	
BSOV_113	1	34	ChocolateChipsCookies.bmp	0	5	0	2	3.800589e+01	2	5.449523e+00	0	2	4.399590e+01	2	2.643554e+00	
BSOV_113	1	13	DoritosNatural.bmp	14	6	1	1	4.820062e+01	1	1.678806e+00	0	1	5.041978e+01	1	1.251655e+00	
BSOV_113	1	30	Argaliyot.bmp	0	7	0	4	5.322292e+01	4	6.104499e+00	0	4	5.986374e+01	4	2.071692e+00	
BSOV_113	1	23	Shugi.bmp	55	8	1	1	6.348456e+01	1	3.114861e+00	0	5	6.713858e+01	5	6.436850e+00	
BSOV_113	1	32	BisliFalafel.bmp	0	9	0	3	7.513086e+01	3	3.860570e+00	0	3	7.953581e+01	3	2.615618e+00	
BSOV_113	1	19	Mekupelet.bmp	51	10	1	1	8.370714e+01	1	1.884271e+00	0	1	8.612652e+01	1	6.409099e-01	
BSOV_113	1	50	MnM2.bmp	0	11	0	5	8.832904e+01	5	2.094371e+00	0	5	9.096528e+01	5	4.981497e-01	
BSOV_113	1	35	ChocolateParaNuts2.bmp	0	12	0	5	9.301761e+01	5	1.429815e+00	0	5	9.498652e+01	5	2.609069e-01	
BSOV_113	1	26	Taami.bmp	16	13	1	1	9.680524e+01	1	7.850194e+00	0	4	1.051979e+02	4	1.617508e+00	
BSOV_113	1	56	bagaleShminiot.bmp	0	14	0	5	1.083682e+02	5	1.575243e+00	0	5	1.104872e+02	5	3.041798e-01	
BSOV_113	1	17	Kitkat.bmp	46	15	1	1	1.123560e+02	1	2.987424e+00	0	5	1.158933e+02	5	3.890110e+00	
BSOV_113	1	29	Abadi2.bmp	0	16	0	5	1.213495e+02	5	1.274003e+00	0	5	1.231682e+02	5	4.552403e-01	
BSOV_113	1	52	PitaCrunch.bmp	0	17	0	5	1.252038e+02	5	1.291662e+00	0	5	1.270392e+02	5	3.443040e-01	
BSOV_113	1	39	Corny.bmp	0	18	0	5	1.289412e+02	5	1.770243e+00	0	5	1.312605e+02	5	4.029542e-01	
BSOV_113	1	33	CheetosSpicey.bmp	0	19	0	5	1.332294e+02	5	8.899855e-01	0	5	1.346643e+02	5	3.831201e-01	
BSOV_113	1	41	DoritosMenupahBbq.bmp	0	20	0	5	1.365998e+02	5	1.079574e+00	0	5	1.382184e+02	5	2.609956e-01	
BSOV_113	1	49	MilkeyWay.bmp	0	21	0	5	1.400371e+02	5	2.202323e+00	0	5	1.427732e+02	5	2.822534e-01	
BSOV_113	1	31	BisliBbq.bmp	0	22	0	5	1.446088e+02	5	1.854583e+00	0	5	1.470116e+02	5	9.478481e-01	
BSOV_113	1	2	BagaleShtuhim.bmp	15	23	1	1	1.495143e+02	1	1.429082e+00	1	1	1.514832e+02	1	3.562710e-01	
BSOV_113	1	51	Oreo.bmp	0	24	0	5	1.534188e+02	5	1.972669e+00	0	5	1.559383e+02	5	2.691948e-01	
BSOV_113	1	40	Crunch4.bmp	0	25	0	5	1.577569e+02	5	1.346509e+00	0	5	1.596423e+02	5	3.005094e+00	
BSOV_113	1	14	GumiSnakes3.bmp	43	26	1	1	1.641974e+02	1	1.362001e+00	0	4	1.660997e+02	4	2.515752e+00	
BSOV_113	1	53	Pringles.bmp	0	27	0	5	1.701708e+02	5	9.166165e-01	0	5	1.716225e+02	5	3.689702e-01	
BSOV_113	1	54	TapuchipsCrunch2.bmp	0	28	0	3	1.735414e+02	3	4.042061e+00	0	3	1.781298e+02	3	2.349597e+00	
BSOV_113	1	9	ChocolateParaMarir2.bmp	49	29	1	1	1.820341e+02	1	1.445278e+00	0	5	1.840197e+02	5	1.075717e+00	
BSOV_113	1	42	DoritusMexicanNacho.bmp	0	30	0	5	1.866560e+02	5	1.167460e+00	0	5	1.883580e+02	5	3.454524e-01	
BSOV_113	1	45	KifkefMaklotChocolate.bmp	0	31	0	5	1.902601e+02	5	6.753427e-01	0	5	1.914781e+02	5	7.773660e-01	
BSOV_113	1	8	Cheetos.bmp	7	32	1	1	1.938141e+02	1	1.681315e+00	1	2	1.960332e+02	2	1.230189e+00	
BSOV_113	1	10	ClickXLwhite4.bmp	54	33	1	1	1.988197e+02	1	2.075771e+00	0	4	2.014394e+02	4	1.088053e+00	
BSOV_113	1	25	Smarties.bmp	48	34	1	1	2.040922e+02	1	1.731177e+00	0	5	2.063615e+02	5	1.221965e+00	
BSOV_113	1	15	Hit.bmp	45	35	1	1	2.091479e+02	1	2.099541e+00	1	1	2.117842e+02	1	2.552542e-01	
BSOV_113	1	28	WerthersOriginal.bmp	8	36	1	1	2.136030e+02	1	1.476577e+00	0	4	2.156218e+02	4	1.489580e+00	
BSOV_113	1	46	KinderFingers.bmp	0	37	0	5	2.186753e+02	5	8.920736e-01	0	5	2.201103e+02	5	5.291476e-01	
BSOV_113	1	55	Toblerone.bmp	0	38	0	5	2.221960e+02	5	1.155466e+00	0	5	2.238979e+02	5	2.855689e-01	
BSOV_113	1	27	Tortit.bmp	52	39	1	1	2.257332e+02	1	9.141930e-01	1	5	2.271849e+02	5	7.745302e-01	
BSOV_113	1	3	BambaNugat.bmp	9	40	1	1	2.295208e+02	1	1.558625e+00	0	4	2.316232e+02	4	1.352227e+00	
BSOV_113	1	21	PesekZman.bmp	10	41	1	1	2.345265e+02	1	1.824943e+00	1	5	2.368958e+02	5	4.767622e+00	
BSOV_113	1	7	Bounty.bmp	53	42	1	1	2.432195e+02	1	1.915915e+00	1	2	2.456722e+02	2	1.111184e+00	
BSOV_113	1	44	Kifkef.bmp	0	43	0	5	2.483419e+02	5	2.081506e+00	0	5	2.509616e+02	5	2.378664e-01	
BSOV_113	1	37	ClickCornflakes.bmp	0	44	0	5	2.527635e+02	5	8.838886e-01	0	5	2.541818e+02	5	2.896308e-01	
BSOV_113	1	24	SkittlesFruits2.bmp	47	45	1	1	2.560340e+02	1	1.069460e+00	1	1	2.576523e+02	1	2.750945e-01	
BSOV_113	1	47	Lotus.bmp	0	46	0	5	2.594878e+02	5	9.116378e-01	0	5	2.609394e+02	5	3.400179e-01	
BSOV_113	1	4	BambaSweet.bmp	44	47	1	1	2.628415e+02	1	1.037945e+00	1	4	2.644266e+02	4	2.340816e+00	
BSOV_113	1	5	BisliOnion.bmp	12	48	1	1	2.683310e+02	1	2.716420e+00	1	4	2.715847e+02	4	4.387347e-01	
BSOV_113	1	11	CrunchShokoVanil.bmp	56	49	1	1	2.735870e+02	1	2.100425e+00	0	5	2.762232e+02	5	1.680262e+00	
BSOV_113	1	16	KinderJoy.bmp	18	50	1	1	2.794603e+02	1	1.747183e+00	1	3	2.817461e+02	3	2.981339e+00	
BSOV_113	1	38	CookiesSmile.bmp	0	51	0	5	2.862846e+02	5	9.228735e-01	0	5	2.877528e+02	5	5.106070e-01	
BSOV_113	1	18	Mars.bmp	50	52	1	1	2.898218e+02	1	1.769625e+00	1	4	2.921411e+02	4	2.922289e+00	
BSOV_113	1	12	DoritosGrill.bmp	13	53	1	1	2.966294e+02	1	1.209981e+00	1	5	2.983815e+02	5	2.265979e+00	
BSOV_113	1	43	Hispusim.bmp	0	54	0	5	3.022023e+02	5	1.349114e+00	0	5	3.040878e+02	5	3.356039e-01	
BSOV_113	1	6	BisliPizza3.bmp	11	55	1	1	3.059732e+02	1	9.062062e-01	0	5	3.074250e+02	5	1.742431e+00	
BSOV_113	1	48	MikeAndIke.bmp	0	56	0	5	3.107286e+02	5	8.067820e-01	0	5	3.120801e+02	5	1.695316e+00	
