subjectID	 order	 runNum	 itemName	 onsetTime	 shuff_trialType	 RT	 respInTime	 AudioTime	 response	 fixationTime	 ladder1	 ladder2	 bidIndex	 itemNameIndex	 bidValue	 
BMI_bfr_113	 1	 4	 160.jpg	 5.860631e+02	 12	 999000	 120	 999000	 999	 5.870832e+02	 683.33	 683.33	 16.00	 60	 0.70	 
BMI_bfr_113	 1	 4	 127.jpg	 5.890498e+02	 22	 9.333410e+02	 220	 6.836557e+02	 98	 5.900863e+02	 683.33	 700.00	 44.00	 27	 0.32	 
BMI_bfr_113	 1	 4	 154.jpg	 5.930543e+02	 12	 999000	 120	 999000	 999	 5.940737e+02	 683.33	 700.00	 22.00	 54	 0.61	 
BMI_bfr_113	 1	 4	 108.jpg	 5.950565e+02	 12	 999000	 120	 999000	 999	 5.960750e+02	 683.33	 700.00	 2.00	 8	 0.85	 
BMI_bfr_113	 1	 4	 134.jpg	 5.970587e+02	 22	 9.460819e+02	 220	 7.003133e+02	 98	 5.980934e+02	 683.33	 716.67	 45.00	 34	 0.29	 
BMI_bfr_113	 1	 4	 143.jpg	 6.010467e+02	 22	 1.030813e+03	 2200	 7.169825e+02	 98	 6.020828e+02	 683.33	 666.67	 42.00	 43	 0.33	 
BMI_bfr_113	 1	 4	 116.jpg	 6.030488e+02	 24	 999000	 240	 999000	 999	 6.040667e+02	 683.33	 666.67	 31.00	 16	 0.50	 
BMI_bfr_113	 1	 4	 135.jpg	 6.080544e+02	 24	 999000	 240	 999000	 999	 6.090742e+02	 683.33	 666.67	 43.00	 35	 0.33	 
BMI_bfr_113	 1	 4	 113.jpg	 6.100566e+02	 11	 9.537777e+02	 110	 6.836523e+02	 98	 6.110929e+02	 700.00	 666.67	 24.00	 13	 0.59	 
BMI_bfr_113	 1	 4	 124.jpg	 6.130600e+02	 11	 9.318136e+02	 110	 7.003051e+02	 98	 6.140962e+02	 716.67	 666.67	 15.00	 24	 0.71	 
BMI_bfr_113	 1	 4	 101.jpg	 6.160466e+02	 24	 999000	 240	 999000	 999	 6.170663e+02	 716.67	 666.67	 38.00	 1	 0.38	 
BMI_bfr_113	 1	 4	 146.jpg	 6.200512e+02	 24	 999000	 240	 999000	 999	 6.210707e+02	 716.67	 666.67	 48.00	 46	 0.25	 
BMI_bfr_113	 1	 4	 123.jpg	 6.230545e+02	 11	 9.389876e+02	 110	 7.170790e+02	 98	 6.240909e+02	 733.33	 666.67	 10.00	 23	 0.76	 
BMI_bfr_113	 1	 4	 137.jpg	 6.250569e+02	 22	 8.829522e+02	 220	 6.670093e+02	 98	 6.261079e+02	 733.33	 683.33	 36.00	 37	 0.43	 
BMI_bfr_113	 1	 4	 139.jpg	 6.280601e+02	 24	 999000	 240	 999000	 999	 6.290800e+02	 733.33	 683.33	 59.00	 39	 0.15	 
BMI_bfr_113	 1	 4	 132.jpg	 6.320479e+02	 24	 999000	 240	 999000	 999	 6.330656e+02	 733.33	 683.33	 33.00	 32	 0.47	 
BMI_bfr_113	 1	 4	 111.jpg	 6.350513e+02	 11	 9.914304e+02	 110	 7.336276e+02	 98	 6.360858e+02	 750.00	 683.33	 18.00	 11	 0.67	 
BMI_bfr_113	 1	 4	 136.jpg	 6.370536e+02	 22	 9.017962e+02	 220	 6.836322e+02	 98	 6.380883e+02	 750.00	 700.00	 37.00	 36	 0.41	 
BMI_bfr_113	 1	 4	 155.jpg	 6.390559e+02	 24	 999000	 240	 999000	 999	 6.400736e+02	 750.00	 700.00	 34.00	 55	 0.47	 
BMI_bfr_113	 1	 4	 125.jpg	 6.440443e+02	 24	 999000	 240	 999000	 999	 6.450643e+02	 750.00	 700.00	 49.00	 25	 0.25	 
BMI_bfr_113	 1	 4	 126.jpg	 6.480492e+02	 12	 999000	 120	 999000	 999	 6.490669e+02	 750.00	 700.00	 30.00	 26	 0.52	 
BMI_bfr_113	 1	 4	 140.jpg	 6.520537e+02	 12	 999000	 120	 999000	 999	 6.530734e+02	 750.00	 700.00	 27.00	 40	 0.56	 
BMI_bfr_113	 1	 4	 158.jpg	 6.580434e+02	 24	 999000	 240	 999000	 999	 6.590631e+02	 750.00	 700.00	 40.00	 58	 0.36	 
BMI_bfr_113	 1	 4	 109.jpg	 6.600460e+02	 12	 999000	 120	 999000	 999	 6.610639e+02	 750.00	 700.00	 28.00	 9	 0.54	 
BMI_bfr_113	 1	 4	 102.jpg	 6.620482e+02	 12	 999000	 120	 999000	 999	 6.630663e+02	 750.00	 700.00	 23.00	 2	 0.60	 
BMI_bfr_113	 1	 4	 130.jpg	 6.640504e+02	 11	 1.052495e+03	 1100	 7.503075e+02	 98	 6.650878e+02	 700.00	 700.00	 25.00	 30	 0.57	 
BMI_bfr_113	 1	 4	 117.jpg	 6.660527e+02	 11	 9.402337e+02	 110	 7.001944e+02	 98	 6.670891e+02	 716.67	 700.00	 4.00	 17	 0.80	 
BMI_bfr_113	 1	 4	 153.jpg	 6.700572e+02	 22	 1.019834e+03	 2200	 7.002940e+02	 98	 6.710942e+02	 716.67	 650.00	 39.00	 53	 0.37	 
BMI_bfr_113	 1	 4	 138.jpg	 6.720594e+02	 24	 999000	 240	 999000	 999	 6.730772e+02	 716.67	 650.00	 51.00	 38	 0.24	 
BMI_bfr_113	 1	 4	 112.jpg	 6.760472e+02	 12	 999000	 120	 999000	 999	 6.770651e+02	 716.67	 650.00	 19.00	 12	 0.67	 
BMI_bfr_113	 1	 4	 104.jpg	 6.780494e+02	 12	 999000	 120	 999000	 999	 6.790673e+02	 716.67	 650.00	 9.00	 4	 0.78	 
BMI_bfr_113	 1	 4	 152.jpg	 6.800518e+02	 24	 999000	 240	 999000	 999	 6.810698e+02	 716.67	 650.00	 35.00	 52	 0.43	 
BMI_bfr_113	 1	 4	 148.jpg	 6.820539e+02	 12	 999000	 120	 999000	 999	 6.830720e+02	 716.67	 650.00	 26.00	 48	 0.57	 
BMI_bfr_113	 1	 4	 142.jpg	 6.870595e+02	 11	 9.831795e+02	 110	 7.170784e+02	 98	 6.880958e+02	 733.33	 650.00	 5.00	 42	 0.80	 
BMI_bfr_113	 1	 4	 144.jpg	 6.890451e+02	 24	 999000	 240	 999000	 999	 6.900629e+02	 733.33	 650.00	 54.00	 44	 0.21	 
BMI_bfr_113	 1	 4	 105.jpg	 6.910474e+02	 11	 9.892292e+02	 110	 7.336386e+02	 98	 6.920835e+02	 750.00	 650.00	 21.00	 5	 0.66	 
BMI_bfr_113	 1	 4	 150.jpg	 6.940506e+02	 22	 8.999296e+02	 220	 6.503305e+02	 98	 6.950868e+02	 750.00	 666.67	 56.00	 50	 0.17	 
BMI_bfr_113	 1	 4	 120.jpg	 7.010586e+02	 12	 999000	 120	 999000	 999	 7.020779e+02	 750.00	 666.67	 3.00	 20	 0.85	 
BMI_bfr_113	 1	 4	 103.jpg	 7.050464e+02	 12	 999000	 120	 999000	 999	 7.060642e+02	 750.00	 666.67	 14.00	 3	 0.73	 
BMI_bfr_113	 1	 4	 151.jpg	 7.120543e+02	 11	 1.009793e+03	 1100	 7.503134e+02	 98	 7.130895e+02	 700.00	 666.67	 20.00	 51	 0.66	 
BMI_bfr_113	 1	 4	 119.jpg	 7.140565e+02	 24	 999000	 240	 999000	 999	 7.150742e+02	 700.00	 666.67	 41.00	 19	 0.36	 
BMI_bfr_113	 1	 4	 110.jpg	 7.180439e+02	 12	 999000	 120	 999000	 999	 7.190638e+02	 700.00	 666.67	 6.00	 10	 0.80	 
BMI_bfr_113	 1	 4	 129.jpg	 7.220487e+02	 22	 8.931093e+02	 220	 6.669937e+02	 98	 7.230849e+02	 700.00	 683.33	 52.00	 29	 0.24	 
BMI_bfr_113	 1	 4	 128.jpg	 7.240508e+02	 24	 999000	 240	 999000	 999	 7.250704e+02	 700.00	 683.33	 46.00	 28	 0.28	 
BMI_bfr_113	 1	 4	 114.jpg	 7.280553e+02	 12	 999000	 120	 999000	 999	 7.290751e+02	 700.00	 683.33	 11.00	 14	 0.75	 
BMI_bfr_113	 1	 4	 118.jpg	 7.300576e+02	 12	 999000	 120	 999000	 999	 7.310774e+02	 700.00	 683.33	 29.00	 18	 0.53	 
BMI_bfr_113	 1	 4	 145.jpg	 7.320598e+02	 24	 999000	 240	 999000	 999	 7.330775e+02	 700.00	 683.33	 58.00	 45	 0.16	 
BMI_bfr_113	 1	 4	 115.jpg	 7.380499e+02	 22	 9.351361e+02	 220	 6.836385e+02	 98	 7.390862e+02	 700.00	 700.00	 57.00	 15	 0.16	 
BMI_bfr_113	 1	 4	 121.jpg	 7.400521e+02	 11	 9.355205e+02	 110	 7.003009e+02	 98	 7.410887e+02	 716.67	 700.00	 7.00	 21	 0.80	 
BMI_bfr_113	 1	 4	 106.jpg	 7.430554e+02	 12	 999000	 120	 999000	 999	 7.440754e+02	 716.67	 700.00	 1.00	 6	 0.89	 
BMI_bfr_113	 1	 4	 131.jpg	 7.460588e+02	 22	 1.015515e+03	 2200	 7.003236e+02	 98	 7.470935e+02	 716.67	 650.00	 50.00	 31	 0.24	 
BMI_bfr_113	 1	 4	 156.jpg	 7.480446e+02	 24	 999000	 240	 999000	 999	 7.490626e+02	 716.67	 650.00	 55.00	 56	 0.20	 
BMI_bfr_113	 1	 4	 159.jpg	 7.500466e+02	 22	 9.764893e+02	 220	 6.503992e+02	 98	 7.510831e+02	 716.67	 666.67	 47.00	 59	 0.26	 
BMI_bfr_113	 1	 4	 141.jpg	 7.520489e+02	 24	 999000	 240	 999000	 999	 7.530669e+02	 716.67	 666.67	 60.00	 41	 0.09	 
BMI_bfr_113	 1	 4	 107.jpg	 7.580556e+02	 12	 999000	 120	 999000	 999	 7.590744e+02	 716.67	 666.67	 8.00	 7	 0.79	 
BMI_bfr_113	 1	 4	 133.jpg	 7.600579e+02	 11	 9.669754e+02	 110	 7.169673e+02	 98	 7.610939e+02	 733.33	 666.67	 13.00	 33	 0.74	 
BMI_bfr_113	 1	 4	 157.jpg	 7.620602e+02	 24	 999000	 240	 999000	 999	 7.630779e+02	 733.33	 666.67	 32.00	 57	 0.49	 
BMI_bfr_113	 1	 4	 147.jpg	 7.640456e+02	 22	 9.281240e+02	 220	 6.670029e+02	 98	 7.650807e+02	 733.33	 683.33	 53.00	 47	 0.23	 
BMI_bfr_113	 1	 4	 122.jpg	 7.670491e+02	 12	 999000	 120	 999000	 999	 7.680679e+02	 733.33	 683.33	 17.00	 22	 0.68	 
BMI_bfr_113	 1	 4	 149.jpg	 7.700525e+02	 11	 1.019264e+03	 1100	 7.336231e+02	 98	 7.710884e+02	 683.33	 683.33	 12.00	 49	 0.74	 
