subjectID	 order	 runNum	 itemName	 onsetTime	 shuff_trialType	 RT	 respInTime	 AudioTime	 response	 fixationTime	 ladder1	 ladder2	 bidIndex	 itemNameIndex	 bidValue	 
BMI_bfr_113	 1	 12	 129.jpg	 2.234942e+03	 22	 1.015042e+03	 2200	 7.503093e+02	 98	 2.235979e+03	 683.33	 700.00	 52.00	 29	 0.24	 
BMI_bfr_113	 1	 12	 142.jpg	 2.236927e+03	 11	 9.533265e+02	 110	 6.836533e+02	 98	 2.237965e+03	 700.00	 700.00	 5.00	 42	 0.80	 
BMI_bfr_113	 1	 12	 153.jpg	 2.240932e+03	 22	 9.539047e+02	 220	 7.003173e+02	 98	 2.241968e+03	 700.00	 716.67	 39.00	 53	 0.37	 
BMI_bfr_113	 1	 12	 103.jpg	 2.243935e+03	 12	 999000	 120	 999000	 999	 2.244954e+03	 700.00	 716.67	 14.00	 3	 0.73	 
BMI_bfr_113	 1	 12	 136.jpg	 2.245938e+03	 22	 1.011191e+03	 2200	 7.169699e+02	 98	 2.246972e+03	 700.00	 666.67	 37.00	 36	 0.41	 
BMI_bfr_113	 1	 12	 116.jpg	 2.248941e+03	 24	 999000	 240	 999000	 999	 2.249959e+03	 700.00	 666.67	 31.00	 16	 0.50	 
BMI_bfr_113	 1	 12	 110.jpg	 2.252929e+03	 12	 999000	 120	 999000	 999	 2.253948e+03	 700.00	 666.67	 6.00	 10	 0.80	 
BMI_bfr_113	 1	 12	 152.jpg	 2.256933e+03	 24	 999000	 240	 999000	 999	 2.257951e+03	 700.00	 666.67	 35.00	 52	 0.43	 
BMI_bfr_113	 1	 12	 156.jpg	 2.258935e+03	 24	 999000	 240	 999000	 999	 2.259954e+03	 700.00	 666.67	 55.00	 56	 0.20	 
BMI_bfr_113	 1	 12	 126.jpg	 2.263941e+03	 12	 999000	 120	 999000	 999	 2.264959e+03	 700.00	 666.67	 30.00	 26	 0.52	 
BMI_bfr_113	 1	 12	 146.jpg	 2.265927e+03	 24	 4.180276e+02	 24	 999000	 98	 2.266944e+03	 700.00	 666.67	 48.00	 46	 0.25	 
BMI_bfr_113	 1	 12	 138.jpg	 2.267929e+03	 24	 999000	 240	 999000	 999	 2.268948e+03	 700.00	 666.67	 51.00	 38	 0.24	 
BMI_bfr_113	 1	 12	 106.jpg	 2.273936e+03	 12	 999000	 120	 999000	 999	 2.274954e+03	 700.00	 666.67	 1.00	 6	 0.89	 
BMI_bfr_113	 1	 12	 133.jpg	 2.275938e+03	 11	 1.004835e+03	 1100	 7.002973e+02	 98	 2.276974e+03	 650.00	 666.67	 13.00	 33	 0.74	 
BMI_bfr_113	 1	 12	 149.jpg	 2.277940e+03	 11	 9.375086e+02	 110	 6.502977e+02	 98	 2.278977e+03	 666.67	 666.67	 12.00	 49	 0.74	 
BMI_bfr_113	 1	 12	 127.jpg	 2.279942e+03	 22	 8.928493e+02	 220	 6.669745e+02	 98	 2.280978e+03	 666.67	 683.33	 44.00	 27	 0.32	 
BMI_bfr_113	 1	 12	 147.jpg	 2.283930e+03	 22	 9.663938e+02	 220	 6.836351e+02	 98	 2.284964e+03	 666.67	 700.00	 53.00	 47	 0.23	 
BMI_bfr_113	 1	 12	 101.jpg	 2.287935e+03	 24	 999000	 240	 999000	 999	 2.288952e+03	 666.67	 700.00	 38.00	 1	 0.38	 
BMI_bfr_113	 1	 12	 143.jpg	 2.290938e+03	 22	 1.024165e+03	 2200	 7.004190e+02	 98	 2.291991e+03	 666.67	 650.00	 42.00	 43	 0.33	 
BMI_bfr_113	 1	 12	 148.jpg	 2.294942e+03	 12	 999000	 120	 999000	 999	 2.295962e+03	 666.67	 650.00	 26.00	 48	 0.57	 
BMI_bfr_113	 1	 12	 120.jpg	 2.297929e+03	 12	 999000	 120	 999000	 999	 2.298948e+03	 666.67	 650.00	 3.00	 20	 0.85	 
BMI_bfr_113	 1	 12	 125.jpg	 2.299931e+03	 24	 999000	 240	 999000	 999	 2.300949e+03	 666.67	 650.00	 49.00	 25	 0.25	 
BMI_bfr_113	 1	 12	 159.jpg	 2.303936e+03	 22	 9.417316e+02	 220	 6.502992e+02	 98	 2.304971e+03	 666.67	 666.67	 47.00	 59	 0.26	 
BMI_bfr_113	 1	 12	 122.jpg	 2.305938e+03	 12	 999000	 120	 999000	 999	 2.306956e+03	 666.67	 666.67	 17.00	 22	 0.68	 
BMI_bfr_113	 1	 12	 109.jpg	 2.307940e+03	 12	 999000	 120	 999000	 999	 2.308958e+03	 666.67	 666.67	 28.00	 9	 0.54	 
BMI_bfr_113	 1	 12	 135.jpg	 2.311928e+03	 24	 999000	 240	 999000	 999	 2.312946e+03	 666.67	 666.67	 43.00	 35	 0.33	 
BMI_bfr_113	 1	 12	 132.jpg	 2.313930e+03	 24	 999000	 240	 999000	 999	 2.314948e+03	 666.67	 666.67	 33.00	 32	 0.47	 
BMI_bfr_113	 1	 12	 140.jpg	 2.317935e+03	 12	 999000	 120	 999000	 999	 2.318953e+03	 666.67	 666.67	 27.00	 40	 0.56	 
BMI_bfr_113	 1	 12	 130.jpg	 2.321939e+03	 11	 9.391014e+02	 110	 6.669683e+02	 98	 2.322976e+03	 683.33	 666.67	 25.00	 30	 0.57	 
BMI_bfr_113	 1	 12	 157.jpg	 2.324943e+03	 24	 999000	 240	 999000	 999	 2.325962e+03	 683.33	 666.67	 32.00	 57	 0.49	 
BMI_bfr_113	 1	 12	 124.jpg	 2.330933e+03	 11	 9.798617e+02	 110	 6.836659e+02	 98	 2.331970e+03	 700.00	 666.67	 15.00	 24	 0.71	 
BMI_bfr_113	 1	 12	 134.jpg	 2.332935e+03	 22	 9.463282e+02	 220	 6.669617e+02	 98	 2.333972e+03	 700.00	 683.33	 45.00	 34	 0.29	 
BMI_bfr_113	 1	 12	 155.jpg	 2.336939e+03	 24	 999000	 240	 999000	 999	 2.337957e+03	 700.00	 683.33	 34.00	 55	 0.47	 
BMI_bfr_113	 1	 12	 160.jpg	 2.338942e+03	 12	 999000	 120	 999000	 999	 2.339959e+03	 700.00	 683.33	 16.00	 60	 0.70	 
BMI_bfr_113	 1	 12	 111.jpg	 2.340927e+03	 11	 1.122185e+03	 1100	 7.003977e+02	 98	 2.341964e+03	 650.00	 683.33	 18.00	 11	 0.67	 
BMI_bfr_113	 1	 12	 141.jpg	 2.342930e+03	 24	 999000	 240	 999000	 999	 2.343949e+03	 650.00	 683.33	 60.00	 41	 0.09	 
BMI_bfr_113	 1	 12	 131.jpg	 2.347935e+03	 22	 1.112060e+03	 2200	 6.836530e+02	 98	 2.348970e+03	 650.00	 633.33	 50.00	 31	 0.24	 
BMI_bfr_113	 1	 12	 115.jpg	 2.349937e+03	 22	 9.548080e+02	 220	 6.336200e+02	 98	 2.350973e+03	 650.00	 650.00	 57.00	 15	 0.16	 
BMI_bfr_113	 1	 12	 118.jpg	 2.351940e+03	 12	 999000	 120	 999000	 999	 2.352957e+03	 650.00	 650.00	 29.00	 18	 0.53	 
BMI_bfr_113	 1	 12	 158.jpg	 2.354943e+03	 24	 999000	 240	 999000	 999	 2.355961e+03	 650.00	 650.00	 40.00	 58	 0.36	 
BMI_bfr_113	 1	 12	 112.jpg	 2.357930e+03	 12	 999000	 120	 999000	 999	 2.358948e+03	 650.00	 650.00	 19.00	 12	 0.67	 
BMI_bfr_113	 1	 12	 121.jpg	 2.361934e+03	 11	 9.061537e+02	 110	 6.502946e+02	 98	 2.362970e+03	 666.67	 650.00	 7.00	 21	 0.80	 
BMI_bfr_113	 1	 12	 128.jpg	 2.363936e+03	 24	 999000	 240	 999000	 999	 2.364956e+03	 666.67	 650.00	 46.00	 28	 0.28	 
BMI_bfr_113	 1	 12	 151.jpg	 2.365938e+03	 11	 9.406549e+02	 110	 6.668921e+02	 98	 2.366974e+03	 683.33	 650.00	 20.00	 51	 0.66	 
BMI_bfr_113	 1	 12	 113.jpg	 2.368942e+03	 11	 9.523559e+02	 110	 6.835339e+02	 98	 2.369979e+03	 700.00	 650.00	 24.00	 13	 0.59	 
BMI_bfr_113	 1	 12	 119.jpg	 2.371929e+03	 24	 999000	 240	 999000	 999	 2.372946e+03	 700.00	 650.00	 41.00	 19	 0.36	 
BMI_bfr_113	 1	 12	 105.jpg	 2.373931e+03	 11	 1.026239e+03	 1100	 7.003035e+02	 98	 2.374982e+03	 650.00	 650.00	 21.00	 5	 0.66	 
BMI_bfr_113	 1	 12	 137.jpg	 2.375933e+03	 22	 9.252223e+02	 220	 6.502976e+02	 98	 2.376968e+03	 650.00	 666.67	 36.00	 37	 0.43	 
BMI_bfr_113	 1	 12	 104.jpg	 2.377935e+03	 12	 999000	 120	 999000	 999	 2.378953e+03	 650.00	 666.67	 9.00	 4	 0.78	 
BMI_bfr_113	 1	 12	 154.jpg	 2.382941e+03	 12	 999000	 120	 999000	 999	 2.383960e+03	 650.00	 666.67	 22.00	 54	 0.61	 
BMI_bfr_113	 1	 12	 114.jpg	 2.384943e+03	 12	 999000	 120	 999000	 999	 2.385963e+03	 650.00	 666.67	 11.00	 14	 0.75	 
BMI_bfr_113	 1	 12	 139.jpg	 2.386929e+03	 24	 999000	 240	 999000	 999	 2.387946e+03	 650.00	 666.67	 59.00	 39	 0.15	 
BMI_bfr_113	 1	 12	 123.jpg	 2.388931e+03	 11	 9.779896e+02	 110	 6.503035e+02	 98	 2.389965e+03	 666.67	 666.67	 10.00	 23	 0.76	 
BMI_bfr_113	 1	 12	 108.jpg	 2.395939e+03	 12	 999000	 120	 999000	 999	 2.396956e+03	 666.67	 666.67	 2.00	 8	 0.85	 
BMI_bfr_113	 1	 12	 150.jpg	 2.397941e+03	 22	 1.024708e+03	 2200	 6.669600e+02	 98	 2.398977e+03	 666.67	 616.67	 56.00	 50	 0.17	 
BMI_bfr_113	 1	 12	 144.jpg	 2.404932e+03	 24	 999000	 240	 999000	 999	 2.405950e+03	 666.67	 616.67	 54.00	 44	 0.21	 
BMI_bfr_113	 1	 12	 145.jpg	 2.407936e+03	 24	 999000	 240	 999000	 999	 2.408953e+03	 666.67	 616.67	 58.00	 45	 0.16	 
BMI_bfr_113	 1	 12	 102.jpg	 2.410939e+03	 12	 999000	 120	 999000	 999	 2.411957e+03	 666.67	 616.67	 23.00	 2	 0.60	 
BMI_bfr_113	 1	 12	 107.jpg	 2.416929e+03	 12	 999000	 120	 999000	 999	 2.417947e+03	 666.67	 616.67	 8.00	 7	 0.79	 
BMI_bfr_113	 1	 12	 117.jpg	 2.418931e+03	 11	 8.928440e+02	 110	 6.669876e+02	 98	 2.419967e+03	 683.33	 616.67	 4.00	 17	 0.80	 
