subjectID	 order	 runNum	 itemName	 onsetTime	 shuff_trialType	 RT	 respInTime	 AudioTime	 response	 fixationTime	 ladder1	 ladder2	 bidIndex	 itemNameIndex	 bidValue	 
BMI_bfr_114	 2	 4	 157.jpg	 5.743483e+02	 22	 1.065535e+03	 2200	 6.836472e+02	 98	 5.753833e+02	 616.67	 633.33	 41.00	 57	 0.46	 
BMI_bfr_114	 2	 4	 106.jpg	 5.773519e+02	 22	 9.645510e+02	 220	 6.336234e+02	 98	 5.783863e+02	 616.67	 650.00	 54.00	 6	 0.35	 
BMI_bfr_114	 2	 4	 104.jpg	 5.793542e+02	 12	 999000	 120	 999000	 999	 5.803746e+02	 616.67	 650.00	 24.00	 4	 0.54	 
BMI_bfr_114	 2	 4	 117.jpg	 5.813564e+02	 22	 9.877305e+02	 220	 6.502979e+02	 98	 5.823910e+02	 616.67	 666.67	 55.00	 17	 0.33	 
BMI_bfr_114	 2	 4	 111.jpg	 5.833586e+02	 24	 999000	 240	 999000	 999	 5.843766e+02	 616.67	 666.67	 37.00	 11	 0.49	 
BMI_bfr_114	 2	 4	 154.jpg	 5.863450e+02	 11	 9.157750e+02	 110	 6.169706e+02	 98	 5.873817e+02	 633.33	 666.67	 19.00	 54	 0.55	 
BMI_bfr_114	 2	 4	 156.jpg	 5.883477e+02	 24	 999000	 240	 999000	 999	 5.893677e+02	 633.33	 666.67	 45.00	 56	 0.40	 
BMI_bfr_114	 2	 4	 118.jpg	 5.923520e+02	 22	 9.839703e+02	 220	 6.669548e+02	 98	 5.933869e+02	 633.33	 683.33	 40.00	 18	 0.46	 
BMI_bfr_114	 2	 4	 160.jpg	 5.943543e+02	 24	 999000	 240	 999000	 999	 5.953747e+02	 633.33	 683.33	 52.00	 60	 0.36	 
BMI_bfr_114	 2	 4	 139.jpg	 5.993599e+02	 11	 -2.907415e+03	 11	 6.336183e+02	 98	 6.003946e+02	 650.00	 683.33	 26.00	 39	 0.53	 
BMI_bfr_114	 2	 4	 101.jpg	 6.013452e+02	 12	 3.385623e+02	 12	 999000	 98	 6.023660e+02	 650.00	 683.33	 1.00	 1	 0.78	 
BMI_bfr_114	 2	 4	 119.jpg	 6.053499e+02	 24	 999000	 240	 999000	 999	 6.063675e+02	 650.00	 683.33	 56.00	 19	 0.32	 
BMI_bfr_114	 2	 4	 158.jpg	 6.073523e+02	 22	 1.093099e+03	 2200	 6.836228e+02	 98	 6.083888e+02	 650.00	 633.33	 51.00	 58	 0.36	 
BMI_bfr_114	 2	 4	 103.jpg	 6.103556e+02	 12	 999000	 120	 999000	 999	 6.113751e+02	 650.00	 633.33	 18.00	 3	 0.55	 
BMI_bfr_114	 2	 4	 130.jpg	 6.153442e+02	 11	 9.989946e+02	 110	 6.502840e+02	 98	 6.163791e+02	 666.67	 633.33	 9.00	 30	 0.62	 
BMI_bfr_114	 2	 4	 136.jpg	 6.173468e+02	 22	 9.540551e+02	 220	 6.336275e+02	 98	 6.183833e+02	 666.67	 650.00	 58.00	 36	 0.28	 
BMI_bfr_114	 2	 4	 122.jpg	 6.193490e+02	 24	 999000	 240	 999000	 999	 6.203668e+02	 666.67	 650.00	 31.00	 22	 0.51	 
BMI_bfr_114	 2	 4	 129.jpg	 6.233534e+02	 12	 999000	 120	 999000	 999	 6.243710e+02	 666.67	 650.00	 13.00	 29	 0.61	 
BMI_bfr_114	 2	 4	 151.jpg	 6.273579e+02	 24	 999000	 240	 999000	 999	 6.283774e+02	 666.67	 650.00	 33.00	 51	 0.51	 
BMI_bfr_114	 2	 4	 144.jpg	 6.313454e+02	 12	 999000	 120	 999000	 999	 6.323646e+02	 666.67	 650.00	 5.00	 44	 0.68	 
BMI_bfr_114	 2	 4	 149.jpg	 6.333480e+02	 24	 999000	 240	 999000	 999	 6.343676e+02	 666.67	 650.00	 32.00	 49	 0.51	 
BMI_bfr_114	 2	 4	 107.jpg	 6.353501e+02	 11	 1.086590e+03	 1100	 6.669356e+02	 98	 6.363862e+02	 616.67	 650.00	 11.00	 7	 0.62	 
BMI_bfr_114	 2	 4	 110.jpg	 6.373523e+02	 22	 8.844141e+02	 220	 6.502837e+02	 98	 6.383872e+02	 616.67	 666.67	 35.00	 10	 0.49	 
BMI_bfr_114	 2	 4	 131.jpg	 6.393548e+02	 24	 999000	 240	 999000	 999	 6.403744e+02	 616.67	 666.67	 57.00	 31	 0.32	 
BMI_bfr_114	 2	 4	 121.jpg	 6.453444e+02	 12	 999000	 120	 999000	 999	 6.463640e+02	 616.67	 666.67	 12.00	 21	 0.61	 
BMI_bfr_114	 2	 4	 152.jpg	 6.483480e+02	 24	 999000	 240	 999000	 999	 6.493677e+02	 616.67	 666.67	 59.00	 52	 0.27	 
BMI_bfr_114	 2	 4	 116.jpg	 6.503503e+02	 11	 1.060805e+03	 1100	 6.169618e+02	 98	 6.513853e+02	 566.67	 666.67	 22.00	 16	 0.54	 
BMI_bfr_114	 2	 4	 140.jpg	 6.523527e+02	 24	 999000	 240	 999000	 999	 6.533715e+02	 566.67	 666.67	 39.00	 40	 0.47	 
BMI_bfr_114	 2	 4	 145.jpg	 6.553559e+02	 12	 999000	 120	 999000	 999	 6.563754e+02	 566.67	 666.67	 21.00	 45	 0.54	 
BMI_bfr_114	 2	 4	 137.jpg	 6.573582e+02	 12	 999000	 120	 999000	 999	 6.583779e+02	 566.67	 666.67	 20.00	 37	 0.55	 
BMI_bfr_114	 2	 4	 155.jpg	 6.593604e+02	 12	 999000	 120	 999000	 999	 6.603783e+02	 566.67	 666.67	 7.00	 55	 0.64	 
BMI_bfr_114	 2	 4	 148.jpg	 6.613458e+02	 24	 999000	 240	 999000	 999	 6.623659e+02	 566.67	 666.67	 60.00	 48	 0.19	 
BMI_bfr_114	 2	 4	 127.jpg	 6.643493e+02	 11	 8.999489e+02	 110	 5.669716e+02	 98	 6.653854e+02	 583.33	 666.67	 14.00	 27	 0.60	 
BMI_bfr_114	 2	 4	 159.jpg	 6.663516e+02	 24	 999000	 240	 999000	 999	 6.673710e+02	 583.33	 666.67	 36.00	 59	 0.49	 
BMI_bfr_114	 2	 4	 128.jpg	 6.683538e+02	 22	 1.058164e+03	 2200	 6.669567e+02	 98	 6.693898e+02	 583.33	 616.67	 43.00	 28	 0.43	 
BMI_bfr_114	 2	 4	 114.jpg	 6.703562e+02	 11	 1.170892e+03	 1100	 5.836189e+02	 98	 6.713913e+02	 533.33	 616.67	 17.00	 14	 0.56	 
BMI_bfr_114	 2	 4	 123.jpg	 6.723583e+02	 12	 999000	 120	 999000	 999	 6.733765e+02	 533.33	 616.67	 15.00	 23	 0.59	 
BMI_bfr_114	 2	 4	 124.jpg	 6.783483e+02	 12	 999000	 120	 999000	 999	 6.793680e+02	 533.33	 616.67	 27.00	 24	 0.52	 
BMI_bfr_114	 2	 4	 113.jpg	 6.813516e+02	 22	 9.421467e+02	 220	 6.169688e+02	 98	 6.823883e+02	 533.33	 633.33	 38.00	 13	 0.48	 
BMI_bfr_114	 2	 4	 138.jpg	 6.853561e+02	 22	 8.978454e+02	 220	 6.336375e+02	 98	 6.863916e+02	 533.33	 650.00	 48.00	 38	 0.38	 
BMI_bfr_114	 2	 4	 109.jpg	 6.913463e+02	 24	 999000	 240	 999000	 999	 6.923657e+02	 533.33	 650.00	 42.00	 9	 0.45	 
BMI_bfr_114	 2	 4	 143.jpg	 6.933485e+02	 12	 999000	 120	 999000	 999	 6.943686e+02	 533.33	 650.00	 2.00	 43	 0.77	 
BMI_bfr_114	 2	 4	 150.jpg	 6.983540e+02	 11	 9.056120e+02	 110	 5.336144e+02	 98	 6.993884e+02	 550.00	 650.00	 8.00	 50	 0.63	 
BMI_bfr_114	 2	 4	 126.jpg	 7.013574e+02	 22	 9.623582e+02	 220	 6.503817e+02	 98	 7.023940e+02	 550.00	 666.67	 46.00	 26	 0.40	 
BMI_bfr_114	 2	 4	 125.jpg	 7.033597e+02	 24	 999000	 240	 999000	 999	 7.043775e+02	 550.00	 666.67	 34.00	 25	 0.50	 
BMI_bfr_114	 2	 4	 146.jpg	 7.063464e+02	 11	 -1.270083e+03	 11	 5.502946e+02	 98	 7.073809e+02	 566.67	 666.67	 3.00	 46	 0.72	 
BMI_bfr_114	 2	 4	 132.jpg	 7.083486e+02	 12	 999000	 120	 999000	 999	 7.093683e+02	 566.67	 666.67	 30.00	 32	 0.51	 
BMI_bfr_114	 2	 4	 115.jpg	 7.123530e+02	 11	 8.909230e+02	 110	 5.670393e+02	 98	 7.133895e+02	 583.33	 666.67	 23.00	 15	 0.54	 
BMI_bfr_114	 2	 4	 153.jpg	 7.163575e+02	 22	 9.816734e+02	 220	 6.669400e+02	 98	 7.173939e+02	 583.33	 683.33	 49.00	 53	 0.37	 
BMI_bfr_114	 2	 4	 108.jpg	 7.183598e+02	 12	 999000	 120	 999000	 999	 7.193777e+02	 583.33	 683.33	 10.00	 8	 0.62	 
BMI_bfr_114	 2	 4	 112.jpg	 7.253510e+02	 24	 999000	 240	 999000	 999	 7.263689e+02	 583.33	 683.33	 53.00	 12	 0.35	 
BMI_bfr_114	 2	 4	 135.jpg	 7.273532e+02	 11	 8.426939e+02	 110	 5.836182e+02	 98	 7.283892e+02	 600.00	 683.33	 6.00	 35	 0.66	 
BMI_bfr_114	 2	 4	 133.jpg	 7.303565e+02	 12	 999000	 120	 999000	 999	 7.313762e+02	 600.00	 683.33	 29.00	 33	 0.51	 
BMI_bfr_114	 2	 4	 141.jpg	 7.343610e+02	 12	 999000	 120	 999000	 999	 7.353787e+02	 600.00	 683.33	 28.00	 41	 0.52	 
BMI_bfr_114	 2	 4	 120.jpg	 7.383485e+02	 24	 999000	 240	 999000	 999	 7.393683e+02	 600.00	 683.33	 47.00	 20	 0.39	 
BMI_bfr_114	 2	 4	 134.jpg	 7.423533e+02	 11	 8.507758e+02	 110	 6.002892e+02	 98	 7.433898e+02	 616.67	 683.33	 16.00	 34	 0.56	 
BMI_bfr_114	 2	 4	 142.jpg	 7.453567e+02	 12	 999000	 120	 999000	 999	 7.463763e+02	 616.67	 683.33	 25.00	 42	 0.53	 
BMI_bfr_114	 2	 4	 102.jpg	 7.473590e+02	 24	 999000	 240	 999000	 999	 7.483786e+02	 616.67	 683.33	 50.00	 2	 0.36	 
BMI_bfr_114	 2	 4	 105.jpg	 7.513467e+02	 12	 999000	 120	 999000	 999	 7.523664e+02	 616.67	 683.33	 4.00	 5	 0.69	 
BMI_bfr_114	 2	 4	 147.jpg	 7.583546e+02	 24	 999000	 240	 999000	 999	 7.593723e+02	 616.67	 683.33	 44.00	 47	 0.41	 
