subjectID	 order	 runNum	 itemName	 onsetTime	 shuff_trialType	 RT	 respInTime	 AudioTime	 response	 fixationTime	 ladder1	 ladder2	 bidIndex	 itemNameIndex	 bidValue	 
BMI_bfr_114	 2	 1	 110.jpg	 1.691071e+00	 22	 4.188772e+02	 22	 7.503072e+02	 98	 2.726038e+00	 750.00	 766.67	 35.00	 10	 0.49	 
BMI_bfr_114	 2	 1	 104.jpg	 4.677549e+00	 12	 999000	 120	 999000	 999	 5.695152e+00	 750.00	 766.67	 24.00	 4	 0.54	 
BMI_bfr_114	 2	 1	 120.jpg	 6.679683e+00	 24	 999000	 240	 999000	 999	 7.697469e+00	 750.00	 766.67	 47.00	 20	 0.39	 
BMI_bfr_114	 2	 1	 158.jpg	 8.681860e+00	 22	 999000	 2	 7.669601e+02	 999	 9.716841e+00	 750.00	 716.67	 51.00	 58	 0.36	 
BMI_bfr_114	 2	 1	 140.jpg	 1.068415e+01	 24	 999000	 240	 999000	 999	 1.170180e+01	 750.00	 716.67	 39.00	 40	 0.47	 
BMI_bfr_114	 2	 1	 149.jpg	 1.368751e+01	 24	 999000	 240	 999000	 999	 1.470532e+01	 750.00	 716.67	 32.00	 49	 0.51	 
BMI_bfr_114	 2	 1	 117.jpg	 1.567295e+01	 22	 1.085157e+03	 2200	 7.169739e+02	 98	 1.670956e+01	 750.00	 666.67	 55.00	 17	 0.33	 
BMI_bfr_114	 2	 1	 136.jpg	 1.967758e+01	 22	 1.265742e+03	 2200	 6.669339e+02	 98	 2.071194e+01	 750.00	 616.67	 58.00	 36	 0.28	 
BMI_bfr_114	 2	 1	 142.jpg	 2.167980e+01	 12	 999000	 120	 999000	 999	 2.269849e+01	 750.00	 616.67	 25.00	 42	 0.53	 
BMI_bfr_114	 2	 1	 116.jpg	 2.668543e+01	 11	 9.856837e+02	 110	 7.502926e+02	 98	 2.772177e+01	 766.67	 616.67	 22.00	 16	 0.54	 
BMI_bfr_114	 2	 1	 101.jpg	 2.868764e+01	 12	 999000	 120	 999000	 999	 2.970525e+01	 766.67	 616.67	 1.00	 1	 0.78	 
BMI_bfr_114	 2	 1	 130.jpg	 3.267544e+01	 11	 1.093475e+03	 1100	 7.670161e+02	 98	 3.370993e+01	 716.67	 616.67	 9.00	 30	 0.62	 
BMI_bfr_114	 2	 1	 153.jpg	 3.467773e+01	 22	 9.249980e+02	 220	 6.169670e+02	 98	 3.571216e+01	 716.67	 633.33	 49.00	 53	 0.37	 
BMI_bfr_114	 2	 1	 131.jpg	 3.768108e+01	 24	 999000	 240	 999000	 999	 3.869869e+01	 716.67	 633.33	 57.00	 31	 0.32	 
BMI_bfr_114	 2	 1	 107.jpg	 4.268679e+01	 11	 1.083810e+03	 1100	 7.169480e+02	 98	 4.372226e+01	 666.67	 633.33	 11.00	 7	 0.62	 
BMI_bfr_114	 2	 1	 122.jpg	 4.467188e+01	 24	 999000	 240	 999000	 999	 4.569010e+01	 666.67	 633.33	 31.00	 22	 0.51	 
BMI_bfr_114	 2	 1	 139.jpg	 4.667462e+01	 11	 1.044918e+03	 1100	 6.669552e+02	 98	 4.771086e+01	 616.67	 633.33	 26.00	 39	 0.53	 
BMI_bfr_114	 2	 1	 146.jpg	 5.067891e+01	 11	 9.108067e+02	 110	 6.169519e+02	 98	 5.171522e+01	 633.33	 633.33	 3.00	 46	 0.72	 
BMI_bfr_114	 2	 1	 129.jpg	 5.468353e+01	 12	 999000	 120	 999000	 999	 5.570324e+01	 633.33	 633.33	 13.00	 29	 0.61	 
BMI_bfr_114	 2	 1	 126.jpg	 5.868791e+01	 22	 9.684234e+02	 220	 6.336175e+02	 98	 5.972419e+01	 633.33	 650.00	 46.00	 26	 0.40	 
BMI_bfr_114	 2	 1	 118.jpg	 6.067348e+01	 22	 9.629556e+02	 220	 6.502816e+02	 98	 6.170854e+01	 633.33	 666.67	 40.00	 18	 0.46	 
BMI_bfr_114	 2	 1	 151.jpg	 6.267566e+01	 24	 999000	 240	 999000	 999	 6.369518e+01	 633.33	 666.67	 33.00	 51	 0.51	 
BMI_bfr_114	 2	 1	 150.jpg	 6.467796e+01	 11	 1.087418e+03	 1100	 6.336195e+02	 98	 6.571423e+01	 583.33	 666.67	 8.00	 50	 0.63	 
BMI_bfr_114	 2	 1	 132.jpg	 6.668024e+01	 12	 999000	 120	 999000	 999	 6.770001e+01	 583.33	 666.67	 30.00	 32	 0.51	 
BMI_bfr_114	 2	 1	 111.jpg	 7.268691e+01	 24	 4.475593e+02	 24	 999000	 98	 7.370781e+01	 583.33	 666.67	 37.00	 11	 0.49	 
BMI_bfr_114	 2	 1	 105.jpg	 7.567362e+01	 12	 999000	 120	 999000	 999	 7.669334e+01	 583.33	 666.67	 4.00	 5	 0.69	 
BMI_bfr_114	 2	 1	 121.jpg	 7.767575e+01	 12	 2.964215e+02	 12	 999000	 98	 7.869618e+01	 583.33	 666.67	 12.00	 21	 0.61	 
BMI_bfr_114	 2	 1	 155.jpg	 7.967810e+01	 12	 999000	 120	 999000	 999	 8.069585e+01	 583.33	 666.67	 7.00	 55	 0.64	 
BMI_bfr_114	 2	 1	 147.jpg	 8.268146e+01	 24	 999000	 240	 999000	 999	 8.369903e+01	 583.33	 666.67	 44.00	 47	 0.41	 
BMI_bfr_114	 2	 1	 124.jpg	 8.468370e+01	 12	 6.350839e+02	 12	 999000	 98	 8.570297e+01	 583.33	 666.67	 27.00	 24	 0.52	 
BMI_bfr_114	 2	 1	 160.jpg	 8.668592e+01	 24	 999000	 240	 999000	 999	 8.770606e+01	 583.33	 666.67	 52.00	 60	 0.36	 
BMI_bfr_114	 2	 1	 115.jpg	 8.868827e+01	 11	 9.619252e+02	 110	 5.836226e+02	 98	 8.972474e+01	 600.00	 666.67	 23.00	 15	 0.54	 
BMI_bfr_114	 2	 1	 135.jpg	 9.167492e+01	 11	 1.091715e+03	 1100	 6.003306e+02	 98	 9.271063e+01	 550.00	 666.67	 6.00	 35	 0.66	 
BMI_bfr_114	 2	 1	 114.jpg	 9.367706e+01	 11	 8.783666e+02	 110	 5.502821e+02	 98	 9.471147e+01	 566.67	 666.67	 17.00	 14	 0.56	 
BMI_bfr_114	 2	 1	 157.jpg	 9.567932e+01	 22	 9.574686e+02	 220	 6.669571e+02	 98	 9.671369e+01	 566.67	 683.33	 41.00	 57	 0.46	 
BMI_bfr_114	 2	 1	 133.jpg	 9.768149e+01	 12	 999000	 120	 999000	 999	 9.869924e+01	 566.67	 683.33	 29.00	 33	 0.51	 
BMI_bfr_114	 2	 1	 137.jpg	 9.968385e+01	 12	 999000	 120	 999000	 999	 1.007019e+02	 566.67	 683.33	 20.00	 37	 0.55	 
BMI_bfr_114	 2	 1	 154.jpg	 1.056739e+02	 11	 9.646199e+02	 110	 5.669556e+02	 98	 1.067103e+02	 583.33	 683.33	 19.00	 54	 0.55	 
BMI_bfr_114	 2	 1	 113.jpg	 1.086772e+02	 22	 9.539440e+02	 220	 6.836127e+02	 98	 1.097136e+02	 583.33	 700.00	 38.00	 13	 0.48	 
BMI_bfr_114	 2	 1	 112.jpg	 1.126817e+02	 24	 999000	 240	 999000	 999	 1.136996e+02	 583.33	 700.00	 53.00	 12	 0.35	 
BMI_bfr_114	 2	 1	 145.jpg	 1.186715e+02	 12	 999000	 120	 999000	 999	 1.196895e+02	 583.33	 700.00	 21.00	 45	 0.54	 
BMI_bfr_114	 2	 1	 144.jpg	 1.206740e+02	 12	 999000	 120	 999000	 999	 1.216917e+02	 583.33	 700.00	 5.00	 44	 0.68	 
BMI_bfr_114	 2	 1	 152.jpg	 1.256796e+02	 24	 999000	 240	 999000	 999	 1.266991e+02	 583.33	 700.00	 59.00	 52	 0.27	 
BMI_bfr_114	 2	 1	 159.jpg	 1.286829e+02	 24	 999000	 240	 999000	 999	 1.297029e+02	 583.33	 700.00	 36.00	 59	 0.49	 
BMI_bfr_114	 2	 1	 141.jpg	 1.306853e+02	 12	 999000	 120	 999000	 999	 1.317032e+02	 583.33	 700.00	 28.00	 41	 0.52	 
BMI_bfr_114	 2	 1	 127.jpg	 1.336885e+02	 11	 8.287763e+02	 110	 5.835858e+02	 98	 1.347250e+02	 600.00	 700.00	 14.00	 27	 0.60	 
BMI_bfr_114	 2	 1	 128.jpg	 1.356742e+02	 22	 9.245069e+02	 220	 7.003351e+02	 98	 1.367090e+02	 600.00	 716.67	 43.00	 28	 0.43	 
BMI_bfr_114	 2	 1	 109.jpg	 1.396786e+02	 24	 999000	 240	 999000	 999	 1.406965e+02	 600.00	 716.67	 42.00	 9	 0.45	 
BMI_bfr_114	 2	 1	 103.jpg	 1.436831e+02	 12	 999000	 120	 999000	 999	 1.447026e+02	 600.00	 716.67	 18.00	 3	 0.55	 
BMI_bfr_114	 2	 1	 143.jpg	 1.456853e+02	 12	 999000	 120	 999000	 999	 1.467029e+02	 600.00	 716.67	 2.00	 43	 0.77	 
BMI_bfr_114	 2	 1	 108.jpg	 1.526765e+02	 12	 999000	 120	 999000	 999	 1.536965e+02	 600.00	 716.67	 10.00	 8	 0.62	 
BMI_bfr_114	 2	 1	 125.jpg	 1.546786e+02	 24	 999000	 240	 999000	 999	 1.556965e+02	 600.00	 716.67	 34.00	 25	 0.50	 
BMI_bfr_114	 2	 1	 156.jpg	 1.576820e+02	 24	 999000	 240	 999000	 999	 1.586996e+02	 600.00	 716.67	 45.00	 56	 0.40	 
BMI_bfr_114	 2	 1	 102.jpg	 1.616867e+02	 24	 999000	 240	 999000	 999	 1.627066e+02	 600.00	 716.67	 50.00	 2	 0.36	 
BMI_bfr_114	 2	 1	 138.jpg	 1.656744e+02	 22	 9.405701e+02	 220	 7.169542e+02	 98	 1.667089e+02	 600.00	 733.33	 48.00	 38	 0.38	 
BMI_bfr_114	 2	 1	 148.jpg	 1.696786e+02	 24	 999000	 240	 999000	 999	 1.706967e+02	 600.00	 733.33	 60.00	 48	 0.19	 
BMI_bfr_114	 2	 1	 123.jpg	 1.726822e+02	 12	 999000	 120	 999000	 999	 1.737000e+02	 600.00	 733.33	 15.00	 23	 0.59	 
BMI_bfr_114	 2	 1	 119.jpg	 1.746843e+02	 24	 999000	 240	 999000	 999	 1.757024e+02	 600.00	 733.33	 56.00	 19	 0.32	 
BMI_bfr_114	 2	 1	 134.jpg	 1.786890e+02	 11	 9.091164e+02	 110	 6.003423e+02	 98	 1.797233e+02	 616.67	 733.33	 16.00	 34	 0.56	 
BMI_bfr_114	 2	 1	 106.jpg	 1.856801e+02	 22	 3.533357e+02	 22	 7.336040e+02	 98	 1.867149e+02	 616.67	 750.00	 54.00	 6	 0.35	 
