1	 44	 156.jpg	 1	 1	 47	 1	 
2	 21	 129.jpg	 1	 0	 57	 1	 
3	 38	 150.jpg	 1	 1	 11	 0	 
4	 11	 116.jpg	 1	 1	 45	 1	 
5	 35	 147.jpg	 1	 1	 38	 0	 
6	 20	 128.jpg	 1	 1	 15	 1	 
7	 29	 138.jpg	 1	 1	 53	 1	 
8	 37	 149.jpg	 1	 0	 48	 0	 
9	 23	 132.jpg	 1	 1	 46	 0	 
10	 33	 145.jpg	 1	 0	 55	 0	 
11	 16	 124.jpg	 1	 1	 43	 0	 
12	 31	 140.jpg	 1	 1	 10	 1	 
13	 3	 107.jpg	 1	 1	 19	 0	 
14	 40	 152.jpg	 1	 1	 5	 1	 
15	 14	 121.jpg	 1	 1	 8	 0	 
16	 25	 134.jpg	 1	 1	 12	 1	 
17	 34	 146.jpg	 1	 1	 22	 0	 
18	 42	 154.jpg	 1	 1	 7	 1	 
19	 19	 127.jpg	 1	 0	 21	 1	 
20	 1	 104.jpg	 1	 1	 37	 1	 
21	 22	 130.jpg	 1	 1	 6	 0	 
22	 10	 114.jpg	 1	 0	 14	 0	 
23	 7	 111.jpg	 1	 1	 25	 1	 
24	 28	 137.jpg	 1	 1	 9	 0	 
25	 18	 126.jpg	 1	 1	 23	 0	 
26	 43	 155.jpg	 1	 1	 17	 0	 
27	 13	 119.jpg	 1	 1	 39	 1	 
28	 8	 112.jpg	 1	 1	 3	 0	 
29	 36	 148.jpg	 1	 0	 49	 0	 
30	 17	 125.jpg	 1	 1	 51	 0	 
31	 41	 153.jpg	 1	 1	 35	 0	 
32	 39	 151.jpg	 1	 1	 40	 0	 
33	 24	 133.jpg	 1	 1	 50	 1	 
34	 27	 136.jpg	 1	 0	 44	 1	 
35	 47	 159.jpg	 1	 1	 52	 1	 
36	 5	 109.jpg	 1	 1	 41	 0	 
37	 46	 158.jpg	 1	 0	 58	 0	 
38	 48	 160.jpg	 1	 1	 13	 1	 
39	 4	 108.jpg	 1	 1	 42	 1	 
40	 2	 105.jpg	 1	 1	 24	 1	 
41	 26	 135.jpg	 1	 0	 54	 0	 
42	 6	 110.jpg	 1	 1	 36	 1	 
43	 12	 117.jpg	 1	 1	 4	 1	 
44	 45	 157.jpg	 1	 1	 16	 0	 
45	 32	 143.jpg	 1	 0	 18	 1	 
46	 9	 113.jpg	 1	 1	 20	 1	 
47	 30	 139.jpg	 1	 0	 56	 1	 
48	 15	 122.jpg	 1	 1	 26	 0	 
