subjectID	 order	 runNum	 itemName	 onsetTime	 shuff_trialType	 RT	 respInTime	 AudioTime	 response	 fixationTime	 ladder1	 ladder2	 bidIndex	 itemNameIndex	 bidValue	 
BMI_bfr_113	 1	 7	 152.jpg	 1.210762e+03	 24	 999000	 240	 999000	 999	 1.211780e+03	 750.00	 683.33	 35.00	 52	 0.43	 
BMI_bfr_113	 1	 7	 133.jpg	 1.213749e+03	 11	 999000	 1	 7.503119e+02	 999	 1.214835e+03	 700.00	 683.33	 13.00	 33	 0.74	 
BMI_bfr_113	 1	 7	 108.jpg	 1.217753e+03	 12	 999000	 120	 999000	 999	 1.218773e+03	 700.00	 683.33	 2.00	 8	 0.85	 
BMI_bfr_113	 1	 7	 101.jpg	 1.219756e+03	 24	 999000	 240	 999000	 999	 1.220773e+03	 700.00	 683.33	 38.00	 1	 0.38	 
BMI_bfr_113	 1	 7	 159.jpg	 1.221758e+03	 22	 9.432288e+02	 220	 6.836982e+02	 98	 1.222794e+03	 700.00	 700.00	 47.00	 59	 0.26	 
BMI_bfr_113	 1	 7	 149.jpg	 1.225745e+03	 11	 9.496681e+02	 110	 7.002618e+02	 98	 1.226781e+03	 716.67	 700.00	 12.00	 49	 0.74	 
BMI_bfr_113	 1	 7	 105.jpg	 1.227748e+03	 11	 9.722911e+02	 110	 7.169645e+02	 98	 1.228784e+03	 733.33	 700.00	 21.00	 5	 0.66	 
BMI_bfr_113	 1	 7	 121.jpg	 1.232754e+03	 11	 9.955910e+02	 110	 7.336166e+02	 98	 1.233788e+03	 750.00	 700.00	 7.00	 21	 0.80	 
BMI_bfr_113	 1	 7	 114.jpg	 1.234756e+03	 12	 999000	 120	 999000	 999	 1.235774e+03	 750.00	 700.00	 11.00	 14	 0.75	 
BMI_bfr_113	 1	 7	 116.jpg	 1.237759e+03	 24	 999000	 240	 999000	 999	 1.238778e+03	 750.00	 700.00	 31.00	 16	 0.50	 
BMI_bfr_113	 1	 7	 103.jpg	 1.240746e+03	 12	 999000	 120	 999000	 999	 1.241766e+03	 750.00	 700.00	 14.00	 3	 0.73	 
BMI_bfr_113	 1	 7	 110.jpg	 1.244750e+03	 12	 999000	 120	 999000	 999	 1.245769e+03	 750.00	 700.00	 6.00	 10	 0.80	 
BMI_bfr_113	 1	 7	 131.jpg	 1.247754e+03	 22	 9.924087e+02	 220	 7.002860e+02	 98	 1.248789e+03	 750.00	 716.67	 50.00	 31	 0.24	 
BMI_bfr_113	 1	 7	 118.jpg	 1.249756e+03	 12	 999000	 120	 999000	 999	 1.250775e+03	 750.00	 716.67	 29.00	 18	 0.53	 
BMI_bfr_113	 1	 7	 113.jpg	 1.252759e+03	 11	 1.083283e+03	 1100	 7.502828e+02	 98	 1.253794e+03	 700.00	 716.67	 24.00	 13	 0.59	 
BMI_bfr_113	 1	 7	 160.jpg	 1.256747e+03	 12	 999000	 120	 999000	 999	 1.257765e+03	 700.00	 716.67	 16.00	 60	 0.70	 
BMI_bfr_113	 1	 7	 115.jpg	 1.259750e+03	 22	 1.011337e+03	 2200	 7.169705e+02	 98	 1.260787e+03	 700.00	 666.67	 57.00	 15	 0.16	 
BMI_bfr_113	 1	 7	 130.jpg	 1.261753e+03	 11	 9.891164e+02	 110	 7.003135e+02	 98	 1.262788e+03	 716.67	 666.67	 25.00	 30	 0.57	 
BMI_bfr_113	 1	 7	 109.jpg	 1.263755e+03	 12	 999000	 120	 999000	 999	 1.264773e+03	 716.67	 666.67	 28.00	 9	 0.54	 
BMI_bfr_113	 1	 7	 158.jpg	 1.268761e+03	 24	 999000	 240	 999000	 999	 1.269779e+03	 716.67	 666.67	 40.00	 58	 0.36	 
BMI_bfr_113	 1	 7	 144.jpg	 1.272748e+03	 24	 999000	 240	 999000	 999	 1.273766e+03	 716.67	 666.67	 54.00	 44	 0.21	 
BMI_bfr_113	 1	 7	 126.jpg	 1.276753e+03	 12	 999000	 120	 999000	 999	 1.277771e+03	 716.67	 666.67	 30.00	 26	 0.52	 
BMI_bfr_113	 1	 7	 117.jpg	 1.282759e+03	 11	 9.307572e+02	 110	 7.169580e+02	 98	 1.283794e+03	 733.33	 666.67	 4.00	 17	 0.80	 
BMI_bfr_113	 1	 7	 140.jpg	 1.284762e+03	 12	 999000	 120	 999000	 999	 1.285779e+03	 733.33	 666.67	 27.00	 40	 0.56	 
BMI_bfr_113	 1	 7	 122.jpg	 1.286747e+03	 12	 999000	 120	 999000	 999	 1.287765e+03	 733.33	 666.67	 17.00	 22	 0.68	 
BMI_bfr_113	 1	 7	 153.jpg	 1.288750e+03	 22	 9.710166e+02	 220	 6.669576e+02	 98	 1.289784e+03	 733.33	 683.33	 39.00	 53	 0.37	 
BMI_bfr_113	 1	 7	 148.jpg	 1.290752e+03	 12	 999000	 120	 999000	 999	 1.291770e+03	 733.33	 683.33	 26.00	 48	 0.57	 
BMI_bfr_113	 1	 7	 157.jpg	 1.294756e+03	 24	 999000	 240	 999000	 999	 1.295775e+03	 733.33	 683.33	 32.00	 57	 0.49	 
BMI_bfr_113	 1	 7	 125.jpg	 1.296759e+03	 24	 999000	 240	 999000	 999	 1.297776e+03	 733.33	 683.33	 49.00	 25	 0.25	 
BMI_bfr_113	 1	 7	 127.jpg	 1.300746e+03	 22	 9.338531e+02	 220	 6.836400e+02	 98	 1.301782e+03	 733.33	 700.00	 44.00	 27	 0.32	 
BMI_bfr_113	 1	 7	 151.jpg	 1.302749e+03	 11	 1.024085e+03	 1100	 7.335963e+02	 98	 1.303783e+03	 683.33	 700.00	 20.00	 51	 0.66	 
BMI_bfr_113	 1	 7	 150.jpg	 1.304751e+03	 22	 1.001813e+03	 2200	 7.003014e+02	 98	 1.305787e+03	 683.33	 650.00	 56.00	 50	 0.17	 
BMI_bfr_113	 1	 7	 146.jpg	 1.306753e+03	 24	 999000	 240	 999000	 999	 1.307773e+03	 683.33	 650.00	 48.00	 46	 0.25	 
BMI_bfr_113	 1	 7	 154.jpg	 1.311759e+03	 12	 999000	 120	 999000	 999	 1.312776e+03	 683.33	 650.00	 22.00	 54	 0.61	 
BMI_bfr_113	 1	 7	 147.jpg	 1.313761e+03	 22	 9.358046e+02	 220	 6.502960e+02	 98	 1.314795e+03	 683.33	 666.67	 53.00	 47	 0.23	 
BMI_bfr_113	 1	 7	 119.jpg	 1.315746e+03	 24	 999000	 240	 999000	 999	 1.316764e+03	 683.33	 666.67	 41.00	 19	 0.36	 
BMI_bfr_113	 1	 7	 134.jpg	 1.318750e+03	 22	 9.984380e+02	 220	 6.670094e+02	 98	 1.319786e+03	 683.33	 683.33	 45.00	 34	 0.29	 
BMI_bfr_113	 1	 7	 128.jpg	 1.325758e+03	 24	 999000	 240	 999000	 999	 1.326777e+03	 683.33	 683.33	 46.00	 28	 0.28	 
BMI_bfr_113	 1	 7	 145.jpg	 1.329762e+03	 24	 999000	 240	 999000	 999	 1.330780e+03	 683.33	 683.33	 58.00	 45	 0.16	 
BMI_bfr_113	 1	 7	 132.jpg	 1.336753e+03	 24	 999000	 240	 999000	 999	 1.337772e+03	 683.33	 683.33	 33.00	 32	 0.47	 
BMI_bfr_113	 1	 7	 104.jpg	 1.338756e+03	 12	 999000	 120	 999000	 999	 1.339773e+03	 683.33	 683.33	 9.00	 4	 0.78	 
BMI_bfr_113	 1	 7	 112.jpg	 1.342760e+03	 12	 999000	 120	 999000	 999	 1.343779e+03	 683.33	 683.33	 19.00	 12	 0.67	 
BMI_bfr_113	 1	 7	 137.jpg	 1.346748e+03	 22	 9.467516e+02	 220	 6.836568e+02	 98	 1.347784e+03	 683.33	 700.00	 36.00	 37	 0.43	 
BMI_bfr_113	 1	 7	 139.jpg	 1.348750e+03	 24	 999000	 240	 999000	 999	 1.349769e+03	 683.33	 700.00	 59.00	 39	 0.15	 
BMI_bfr_113	 1	 7	 141.jpg	 1.352755e+03	 24	 999000	 240	 999000	 999	 1.353773e+03	 683.33	 700.00	 60.00	 41	 0.09	 
BMI_bfr_113	 1	 7	 124.jpg	 1.354757e+03	 11	 8.918385e+02	 110	 6.836184e+02	 98	 1.355793e+03	 700.00	 700.00	 15.00	 24	 0.71	 
BMI_bfr_113	 1	 7	 138.jpg	 1.356759e+03	 24	 999000	 240	 999000	 999	 1.357777e+03	 700.00	 700.00	 51.00	 38	 0.24	 
BMI_bfr_113	 1	 7	 107.jpg	 1.362749e+03	 12	 999000	 120	 999000	 999	 1.363767e+03	 700.00	 700.00	 8.00	 7	 0.79	 
BMI_bfr_113	 1	 7	 111.jpg	 1.364751e+03	 11	 1.011624e+03	 1100	 7.002962e+02	 98	 1.365787e+03	 650.00	 700.00	 18.00	 11	 0.67	 
BMI_bfr_113	 1	 7	 143.jpg	 1.367755e+03	 22	 1.012160e+03	 2200	 7.003185e+02	 98	 1.368792e+03	 650.00	 650.00	 42.00	 43	 0.33	 
BMI_bfr_113	 1	 7	 129.jpg	 1.370758e+03	 22	 9.113436e+02	 220	 6.503032e+02	 98	 1.371792e+03	 650.00	 666.67	 52.00	 29	 0.24	 
BMI_bfr_113	 1	 7	 123.jpg	 1.372760e+03	 11	 9.004277e+02	 110	 6.503150e+02	 98	 1.373797e+03	 666.67	 666.67	 10.00	 23	 0.76	 
BMI_bfr_113	 1	 7	 120.jpg	 1.374745e+03	 12	 999000	 120	 999000	 999	 1.375764e+03	 666.67	 666.67	 3.00	 20	 0.85	 
BMI_bfr_113	 1	 7	 106.jpg	 1.376748e+03	 12	 999000	 120	 999000	 999	 1.377768e+03	 666.67	 666.67	 1.00	 6	 0.89	 
BMI_bfr_113	 1	 7	 142.jpg	 1.382755e+03	 11	 9.413119e+02	 110	 6.669513e+02	 98	 1.383789e+03	 683.33	 666.67	 5.00	 42	 0.80	 
BMI_bfr_113	 1	 7	 156.jpg	 1.384757e+03	 24	 999000	 240	 999000	 999	 1.385775e+03	 683.33	 666.67	 55.00	 56	 0.20	 
BMI_bfr_113	 1	 7	 136.jpg	 1.386759e+03	 22	 9.533471e+02	 220	 6.669684e+02	 98	 1.387795e+03	 683.33	 683.33	 37.00	 36	 0.41	 
BMI_bfr_113	 1	 7	 102.jpg	 1.388761e+03	 12	 999000	 120	 999000	 999	 1.389781e+03	 683.33	 683.33	 23.00	 2	 0.60	 
BMI_bfr_113	 1	 7	 155.jpg	 1.391748e+03	 24	 999000	 240	 999000	 999	 1.392767e+03	 683.33	 683.33	 34.00	 55	 0.47	 
BMI_bfr_113	 1	 7	 135.jpg	 1.394751e+03	 24	 999000	 240	 999000	 999	 1.395770e+03	 683.33	 683.33	 43.00	 35	 0.33	 
