subjectID	 order	 runNum	 itemName	 onsetTime	 shuff_trialType	 RT	 respInTime	 AudioTime	 response	 fixationTime	 ladder1	 ladder2	 bidIndex	 itemNameIndex	 bidValue	 
BMI_bfr_113	 1	 1	 129.jpg	 1.709793e+00	 22	 1.097521e+03	 2200	 7.503164e+02	 98	 2.744124e+00	 750.00	 700.00	 52.00	 29	 0.24	 
BMI_bfr_113	 1	 1	 122.jpg	 3.694865e+00	 12	 999000	 120	 999000	 999	 4.712839e+00	 750.00	 700.00	 17.00	 22	 0.68	 
BMI_bfr_113	 1	 1	 154.jpg	 7.699337e+00	 12	 999000	 120	 999000	 999	 8.719118e+00	 750.00	 700.00	 22.00	 54	 0.61	 
BMI_bfr_113	 1	 1	 114.jpg	 1.068562e+01	 12	 999000	 120	 999000	 999	 1.170583e+01	 750.00	 700.00	 11.00	 14	 0.75	 
BMI_bfr_113	 1	 1	 147.jpg	 1.268828e+01	 22	 9.869767e+02	 220	 7.003060e+02	 98	 1.372296e+01	 750.00	 716.67	 53.00	 47	 0.23	 
BMI_bfr_113	 1	 1	 125.jpg	 1.569156e+01	 24	 999000	 240	 999000	 999	 1.671118e+01	 750.00	 716.67	 49.00	 25	 0.25	 
BMI_bfr_113	 1	 1	 134.jpg	 1.969609e+01	 22	 9.882778e+02	 220	 7.169766e+02	 98	 2.073208e+01	 750.00	 733.33	 45.00	 34	 0.29	 
BMI_bfr_113	 1	 1	 159.jpg	 2.368387e+01	 22	 1.039489e+03	 2200	 7.336198e+02	 98	 2.472009e+01	 750.00	 683.33	 47.00	 59	 0.26	 
BMI_bfr_113	 1	 1	 107.jpg	 2.568614e+01	 12	 999000	 120	 999000	 999	 2.670496e+01	 750.00	 683.33	 8.00	 7	 0.79	 
BMI_bfr_113	 1	 1	 139.jpg	 3.069173e+01	 24	 999000	 240	 999000	 999	 3.171165e+01	 750.00	 683.33	 59.00	 39	 0.15	 
BMI_bfr_113	 1	 1	 145.jpg	 3.269397e+01	 24	 999000	 240	 999000	 999	 3.371179e+01	 750.00	 683.33	 58.00	 45	 0.16	 
BMI_bfr_113	 1	 1	 144.jpg	 3.469625e+01	 24	 999000	 240	 999000	 999	 3.571397e+01	 750.00	 683.33	 54.00	 44	 0.21	 
BMI_bfr_113	 1	 1	 102.jpg	 4.068631e+01	 12	 2.490036e+02	 12	 999000	 98	 4.170480e+01	 750.00	 683.33	 23.00	 2	 0.60	 
BMI_bfr_113	 1	 1	 117.jpg	 4.268847e+01	 11	 1.070703e+03	 1100	 7.503044e+02	 98	 4.372576e+01	 700.00	 683.33	 4.00	 17	 0.80	 
BMI_bfr_113	 1	 1	 116.jpg	 4.469068e+01	 24	 999000	 240	 999000	 999	 4.570866e+01	 700.00	 683.33	 31.00	 16	 0.50	 
BMI_bfr_113	 1	 1	 115.jpg	 4.669289e+01	 22	 1.026460e+03	 2200	 6.836335e+02	 98	 4.772805e+01	 700.00	 633.33	 57.00	 15	 0.16	 
BMI_bfr_113	 1	 1	 140.jpg	 5.069749e+01	 12	 999000	 120	 999000	 999	 5.171507e+01	 700.00	 633.33	 27.00	 40	 0.56	 
BMI_bfr_113	 1	 1	 137.jpg	 5.468499e+01	 22	 9.322075e+02	 220	 6.336336e+02	 98	 5.571998e+01	 700.00	 650.00	 36.00	 37	 0.43	 
BMI_bfr_113	 1	 1	 104.jpg	 5.768860e+01	 12	 999000	 120	 999000	 999	 5.870814e+01	 700.00	 650.00	 9.00	 4	 0.78	 
BMI_bfr_113	 1	 1	 143.jpg	 6.169310e+01	 22	 9.782023e+02	 220	 6.503011e+02	 98	 6.272743e+01	 700.00	 666.67	 42.00	 43	 0.33	 
BMI_bfr_113	 1	 1	 150.jpg	 6.469643e+01	 22	 1.023874e+03	 2200	 6.670107e+02	 98	 6.573259e+01	 700.00	 616.67	 56.00	 50	 0.17	 
BMI_bfr_113	 1	 1	 136.jpg	 6.669862e+01	 22	 8.891954e+02	 220	 6.169607e+02	 98	 6.773493e+01	 700.00	 633.33	 37.00	 36	 0.41	 
BMI_bfr_113	 1	 1	 121.jpg	 7.068641e+01	 11	 9.741090e+02	 110	 7.003040e+02	 98	 7.172148e+01	 716.67	 633.33	 7.00	 21	 0.80	 
BMI_bfr_113	 1	 1	 130.jpg	 7.268874e+01	 11	 9.743056e+02	 110	 7.169544e+02	 98	 7.372353e+01	 733.33	 633.33	 25.00	 30	 0.57	 
BMI_bfr_113	 1	 1	 108.jpg	 7.469093e+01	 12	 999000	 120	 999000	 999	 7.570888e+01	 733.33	 633.33	 2.00	 8	 0.85	 
BMI_bfr_113	 1	 1	 158.jpg	 7.869538e+01	 24	 999000	 240	 999000	 999	 7.971500e+01	 733.33	 633.33	 40.00	 58	 0.36	 
BMI_bfr_113	 1	 1	 112.jpg	 8.069758e+01	 12	 999000	 120	 999000	 999	 8.171561e+01	 733.33	 633.33	 19.00	 12	 0.67	 
BMI_bfr_113	 1	 1	 128.jpg	 8.468565e+01	 24	 999000	 240	 999000	 999	 8.570313e+01	 733.33	 633.33	 46.00	 28	 0.28	 
BMI_bfr_113	 1	 1	 120.jpg	 8.868999e+01	 12	 999000	 120	 999000	 999	 8.970785e+01	 733.33	 633.33	 3.00	 20	 0.85	 
BMI_bfr_113	 1	 1	 156.jpg	 9.169304e+01	 24	 999000	 240	 999000	 999	 9.271273e+01	 733.33	 633.33	 55.00	 56	 0.20	 
BMI_bfr_113	 1	 1	 148.jpg	 9.770007e+01	 12	 999000	 120	 999000	 999	 9.871941e+01	 733.33	 633.33	 26.00	 48	 0.57	 
BMI_bfr_113	 1	 1	 131.jpg	 9.968561e+01	 22	 9.224161e+02	 220	 6.336614e+02	 98	 1.007219e+02	 733.33	 650.00	 50.00	 31	 0.24	 
BMI_bfr_113	 1	 1	 152.jpg	 1.036901e+02	 24	 999000	 240	 999000	 999	 1.047097e+02	 733.33	 650.00	 35.00	 52	 0.43	 
BMI_bfr_113	 1	 1	 127.jpg	 1.056923e+02	 22	 9.347570e+02	 220	 6.502771e+02	 98	 1.067269e+02	 733.33	 666.67	 44.00	 27	 0.32	 
BMI_bfr_113	 1	 1	 142.jpg	 1.076945e+02	 11	 1.058948e+03	 1100	 7.336243e+02	 98	 1.087289e+02	 683.33	 666.67	 5.00	 42	 0.80	 
BMI_bfr_113	 1	 1	 111.jpg	 1.096968e+02	 11	 9.917293e+02	 110	 6.836254e+02	 98	 1.107331e+02	 700.00	 666.67	 18.00	 11	 0.67	 
BMI_bfr_113	 1	 1	 146.jpg	 1.146857e+02	 24	 999000	 240	 999000	 999	 1.157037e+02	 700.00	 666.67	 48.00	 46	 0.25	 
BMI_bfr_113	 1	 1	 151.jpg	 1.166879e+02	 11	 1.009856e+03	 1100	 7.002977e+02	 98	 1.177243e+02	 650.00	 666.67	 20.00	 51	 0.66	 
BMI_bfr_113	 1	 1	 135.jpg	 1.186902e+02	 24	 999000	 240	 999000	 999	 1.197100e+02	 650.00	 666.67	 43.00	 35	 0.33	 
BMI_bfr_113	 1	 1	 157.jpg	 1.216935e+02	 24	 999000	 240	 999000	 999	 1.227123e+02	 650.00	 666.67	 32.00	 57	 0.49	 
BMI_bfr_113	 1	 1	 132.jpg	 1.246968e+02	 24	 999000	 240	 999000	 999	 1.257164e+02	 650.00	 666.67	 33.00	 32	 0.47	 
BMI_bfr_113	 1	 1	 109.jpg	 1.286843e+02	 12	 999000	 120	 999000	 999	 1.297023e+02	 650.00	 666.67	 28.00	 9	 0.54	 
BMI_bfr_113	 1	 1	 103.jpg	 1.306871e+02	 12	 999000	 120	 999000	 999	 1.317050e+02	 650.00	 666.67	 14.00	 3	 0.73	 
BMI_bfr_113	 1	 1	 155.jpg	 1.326893e+02	 24	 999000	 240	 999000	 999	 1.337068e+02	 650.00	 666.67	 34.00	 55	 0.47	 
BMI_bfr_113	 1	 1	 149.jpg	 1.356926e+02	 11	 9.059158e+02	 110	 6.503017e+02	 98	 1.367269e+02	 666.67	 666.67	 12.00	 49	 0.74	 
BMI_bfr_113	 1	 1	 123.jpg	 1.386959e+02	 11	 9.851827e+02	 110	 6.669670e+02	 98	 1.397306e+02	 683.33	 666.67	 10.00	 23	 0.76	 
BMI_bfr_113	 1	 1	 118.jpg	 1.406981e+02	 12	 999000	 120	 999000	 999	 1.417158e+02	 683.33	 666.67	 29.00	 18	 0.53	 
BMI_bfr_113	 1	 1	 126.jpg	 1.427004e+02	 12	 999000	 120	 999000	 999	 1.437185e+02	 683.33	 666.67	 30.00	 26	 0.52	 
BMI_bfr_113	 1	 1	 160.jpg	 1.446860e+02	 12	 999000	 120	 999000	 999	 1.457057e+02	 683.33	 666.67	 16.00	 60	 0.70	 
BMI_bfr_113	 1	 1	 138.jpg	 1.496915e+02	 24	 999000	 240	 999000	 999	 1.507091e+02	 683.33	 666.67	 51.00	 38	 0.24	 
BMI_bfr_113	 1	 1	 119.jpg	 1.516938e+02	 24	 999000	 240	 999000	 999	 1.527120e+02	 683.33	 666.67	 41.00	 19	 0.36	 
BMI_bfr_113	 1	 1	 106.jpg	 1.536960e+02	 12	 999000	 120	 999000	 999	 1.547156e+02	 683.33	 666.67	 1.00	 6	 0.89	 
BMI_bfr_113	 1	 1	 124.jpg	 1.556983e+02	 11	 9.823398e+02	 110	 6.836320e+02	 98	 1.567348e+02	 700.00	 666.67	 15.00	 24	 0.71	 
BMI_bfr_113	 1	 1	 153.jpg	 1.626895e+02	 22	 9.776847e+02	 220	 6.669567e+02	 98	 1.637238e+02	 700.00	 683.33	 39.00	 53	 0.37	 
BMI_bfr_113	 1	 1	 110.jpg	 1.646917e+02	 12	 999000	 120	 999000	 999	 1.657094e+02	 700.00	 683.33	 6.00	 10	 0.80	 
BMI_bfr_113	 1	 1	 105.jpg	 1.716995e+02	 11	 9.793888e+02	 110	 7.002943e+02	 98	 1.727357e+02	 716.67	 683.33	 21.00	 5	 0.66	 
BMI_bfr_113	 1	 1	 141.jpg	 1.746863e+02	 24	 999000	 240	 999000	 999	 1.757042e+02	 716.67	 683.33	 60.00	 41	 0.09	 
BMI_bfr_113	 1	 1	 133.jpg	 1.776895e+02	 11	 1.030823e+03	 1100	 7.169542e+02	 98	 1.787252e+02	 666.67	 683.33	 13.00	 33	 0.74	 
BMI_bfr_113	 1	 1	 101.jpg	 1.836963e+02	 24	 999000	 240	 999000	 999	 1.847142e+02	 666.67	 683.33	 38.00	 1	 0.38	 
BMI_bfr_113	 1	 1	 113.jpg	 1.856986e+02	 11	 9.534894e+02	 110	 6.669819e+02	 98	 1.867351e+02	 683.33	 683.33	 24.00	 13	 0.59	 
