subjectID	 order	 runNum	 itemName	 onsetTime	 shuff_trialType	 RT	 respInTime	 AudioTime	 response	 fixationTime	 ladder1	 ladder2	 bidIndex	 itemNameIndex	 bidValue	 
BMI_bfr_114	 2	 11	 112.jpg	 1.935006e+03	 24	 999000	 240	 999000	 999	 1.936025e+03	 683.33	 683.33	 53.00	 12	 0.35	 
BMI_bfr_114	 2	 11	 110.jpg	 1.937992e+03	 22	 8.943822e+02	 220	 6.836357e+02	 98	 1.939028e+03	 683.33	 700.00	 35.00	 10	 0.49	 
BMI_bfr_114	 2	 11	 135.jpg	 1.941997e+03	 11	 9.175714e+02	 110	 6.836316e+02	 98	 1.943033e+03	 700.00	 700.00	 6.00	 35	 0.66	 
BMI_bfr_114	 2	 11	 154.jpg	 1.943999e+03	 11	 9.291334e+02	 110	 7.002875e+02	 98	 1.945035e+03	 716.67	 700.00	 19.00	 54	 0.55	 
BMI_bfr_114	 2	 11	 138.jpg	 1.946001e+03	 22	 9.184345e+02	 220	 7.002808e+02	 98	 1.947037e+03	 716.67	 716.67	 48.00	 38	 0.38	 
BMI_bfr_114	 2	 11	 149.jpg	 1.949989e+03	 24	 999000	 240	 999000	 999	 1.951007e+03	 716.67	 716.67	 32.00	 49	 0.51	 
BMI_bfr_114	 2	 11	 106.jpg	 1.951991e+03	 22	 9.809784e+02	 220	 7.169579e+02	 98	 1.953028e+03	 716.67	 733.33	 54.00	 6	 0.35	 
BMI_bfr_114	 2	 11	 134.jpg	 1.956997e+03	 11	 9.593686e+02	 110	 7.169495e+02	 98	 1.958032e+03	 733.33	 733.33	 16.00	 34	 0.56	 
BMI_bfr_114	 2	 11	 146.jpg	 1.958999e+03	 11	 9.484069e+02	 110	 7.335170e+02	 98	 1.960036e+03	 750.00	 733.33	 3.00	 46	 0.72	 
BMI_bfr_114	 2	 11	 133.jpg	 1.962003e+03	 12	 999000	 120	 999000	 999	 1.963020e+03	 750.00	 733.33	 29.00	 33	 0.51	 
BMI_bfr_114	 2	 11	 108.jpg	 1.964989e+03	 12	 999000	 120	 999000	 999	 1.966007e+03	 750.00	 733.33	 10.00	 8	 0.62	 
BMI_bfr_114	 2	 11	 155.jpg	 1.968994e+03	 12	 999000	 120	 999000	 999	 1.970013e+03	 750.00	 733.33	 7.00	 55	 0.64	 
BMI_bfr_114	 2	 11	 130.jpg	 1.971997e+03	 11	 1.001299e+03	 1100	 7.502899e+02	 98	 1.973034e+03	 700.00	 733.33	 9.00	 30	 0.62	 
BMI_bfr_114	 2	 11	 126.jpg	 1.973999e+03	 22	 9.677725e+02	 220	 7.336110e+02	 98	 1.975034e+03	 700.00	 750.00	 46.00	 26	 0.40	 
BMI_bfr_114	 2	 11	 102.jpg	 1.976986e+03	 24	 999000	 240	 999000	 999	 1.978004e+03	 700.00	 750.00	 50.00	 2	 0.36	 
BMI_bfr_114	 2	 11	 136.jpg	 1.980991e+03	 22	 9.856672e+02	 220	 7.502864e+02	 98	 1.982025e+03	 700.00	 766.67	 58.00	 36	 0.28	 
BMI_bfr_114	 2	 11	 105.jpg	 1.983994e+03	 12	 999000	 120	 999000	 999	 1.985012e+03	 700.00	 766.67	 4.00	 5	 0.69	 
BMI_bfr_114	 2	 11	 156.jpg	 1.985996e+03	 24	 999000	 240	 999000	 999	 1.987014e+03	 700.00	 766.67	 45.00	 56	 0.40	 
BMI_bfr_114	 2	 11	 119.jpg	 1.987998e+03	 24	 999000	 240	 999000	 999	 1.989019e+03	 700.00	 766.67	 56.00	 19	 0.32	 
BMI_bfr_114	 2	 11	 124.jpg	 1.992987e+03	 12	 999000	 120	 999000	 999	 1.994005e+03	 700.00	 766.67	 27.00	 24	 0.52	 
BMI_bfr_114	 2	 11	 118.jpg	 1.996992e+03	 22	 1.061480e+03	 2200	 7.669487e+02	 98	 1.998028e+03	 700.00	 716.67	 40.00	 18	 0.46	 
BMI_bfr_114	 2	 11	 153.jpg	 2.000996e+03	 22	 9.271240e+02	 220	 7.169656e+02	 98	 2.002032e+03	 700.00	 733.33	 49.00	 53	 0.37	 
BMI_bfr_114	 2	 11	 143.jpg	 2.006986e+03	 12	 999000	 120	 999000	 999	 2.008004e+03	 700.00	 733.33	 2.00	 43	 0.77	 
BMI_bfr_114	 2	 11	 125.jpg	 2.008989e+03	 24	 999000	 240	 999000	 999	 2.010008e+03	 700.00	 733.33	 34.00	 25	 0.50	 
BMI_bfr_114	 2	 11	 139.jpg	 2.010991e+03	 11	 9.454857e+02	 110	 7.002887e+02	 98	 2.012029e+03	 716.67	 733.33	 26.00	 39	 0.53	 
BMI_bfr_114	 2	 11	 109.jpg	 2.012993e+03	 24	 999000	 240	 999000	 999	 2.014011e+03	 716.67	 733.33	 42.00	 9	 0.45	 
BMI_bfr_114	 2	 11	 141.jpg	 2.014995e+03	 12	 999000	 120	 999000	 999	 2.016015e+03	 716.67	 733.33	 28.00	 41	 0.52	 
BMI_bfr_114	 2	 11	 157.jpg	 2.019000e+03	 22	 1.025924e+03	 2200	 7.336416e+02	 98	 2.020034e+03	 716.67	 683.33	 41.00	 57	 0.46	 
BMI_bfr_114	 2	 11	 150.jpg	 2.021002e+03	 11	 9.586247e+02	 110	 7.170134e+02	 98	 2.022038e+03	 733.33	 683.33	 8.00	 50	 0.63	 
BMI_bfr_114	 2	 11	 115.jpg	 2.024990e+03	 11	 1.043533e+03	 1100	 7.336324e+02	 98	 2.026025e+03	 683.33	 683.33	 23.00	 15	 0.54	 
BMI_bfr_114	 2	 11	 148.jpg	 2.026992e+03	 24	 999000	 240	 999000	 999	 2.028010e+03	 683.33	 683.33	 60.00	 48	 0.19	 
BMI_bfr_114	 2	 11	 147.jpg	 2.028994e+03	 24	 999000	 240	 999000	 999	 2.030012e+03	 683.33	 683.33	 44.00	 47	 0.41	 
BMI_bfr_114	 2	 11	 121.jpg	 2.030997e+03	 12	 999000	 120	 999000	 999	 2.032014e+03	 683.33	 683.33	 12.00	 21	 0.61	 
BMI_bfr_114	 2	 11	 144.jpg	 2.036002e+03	 12	 999000	 120	 999000	 999	 2.037020e+03	 683.33	 683.33	 5.00	 44	 0.68	 
BMI_bfr_114	 2	 11	 103.jpg	 2.037988e+03	 12	 999000	 120	 999000	 999	 2.039007e+03	 683.33	 683.33	 18.00	 3	 0.55	 
BMI_bfr_114	 2	 11	 132.jpg	 2.039990e+03	 12	 999000	 120	 999000	 999	 2.041008e+03	 683.33	 683.33	 30.00	 32	 0.51	 
BMI_bfr_114	 2	 11	 117.jpg	 2.042993e+03	 22	 9.958099e+02	 220	 6.836354e+02	 98	 2.044029e+03	 683.33	 700.00	 55.00	 17	 0.33	 
BMI_bfr_114	 2	 11	 137.jpg	 2.050001e+03	 12	 999000	 120	 999000	 999	 2.051020e+03	 683.33	 700.00	 20.00	 37	 0.55	 
BMI_bfr_114	 2	 11	 131.jpg	 2.053989e+03	 24	 999000	 240	 999000	 999	 2.055007e+03	 683.33	 700.00	 57.00	 31	 0.32	 
BMI_bfr_114	 2	 11	 127.jpg	 2.060997e+03	 11	 9.593540e+02	 110	 6.836241e+02	 98	 2.062033e+03	 700.00	 700.00	 14.00	 27	 0.60	 
BMI_bfr_114	 2	 11	 129.jpg	 2.062999e+03	 12	 999000	 120	 999000	 999	 2.064019e+03	 700.00	 700.00	 13.00	 29	 0.61	 
BMI_bfr_114	 2	 11	 104.jpg	 2.066987e+03	 12	 999000	 120	 999000	 999	 2.068005e+03	 700.00	 700.00	 24.00	 4	 0.54	 
BMI_bfr_114	 2	 11	 116.jpg	 2.070991e+03	 11	 9.327841e+02	 110	 7.002929e+02	 98	 2.072026e+03	 716.67	 700.00	 22.00	 16	 0.54	 
BMI_bfr_114	 2	 11	 101.jpg	 2.072994e+03	 12	 999000	 120	 999000	 999	 2.074011e+03	 716.67	 700.00	 1.00	 1	 0.78	 
BMI_bfr_114	 2	 11	 158.jpg	 2.076998e+03	 22	 9.338358e+02	 220	 7.003567e+02	 98	 2.078034e+03	 716.67	 716.67	 51.00	 58	 0.36	 
BMI_bfr_114	 2	 11	 160.jpg	 2.079000e+03	 24	 999000	 240	 999000	 999	 2.080018e+03	 716.67	 716.67	 52.00	 60	 0.36	 
BMI_bfr_114	 2	 11	 140.jpg	 2.081003e+03	 24	 999000	 240	 999000	 999	 2.082022e+03	 716.67	 716.67	 39.00	 40	 0.47	 
BMI_bfr_114	 2	 11	 107.jpg	 2.086993e+03	 11	 9.748728e+02	 110	 7.169712e+02	 98	 2.088029e+03	 733.33	 716.67	 11.00	 7	 0.62	 
BMI_bfr_114	 2	 11	 123.jpg	 2.088995e+03	 12	 999000	 120	 999000	 999	 2.090013e+03	 733.33	 716.67	 15.00	 23	 0.59	 
BMI_bfr_114	 2	 11	 151.jpg	 2.091998e+03	 24	 999000	 240	 999000	 999	 2.093017e+03	 733.33	 716.67	 33.00	 51	 0.51	 
BMI_bfr_114	 2	 11	 159.jpg	 2.095002e+03	 24	 999000	 240	 999000	 999	 2.096020e+03	 733.33	 716.67	 36.00	 59	 0.49	 
BMI_bfr_114	 2	 11	 122.jpg	 2.096987e+03	 24	 999000	 240	 999000	 999	 2.098005e+03	 733.33	 716.67	 31.00	 22	 0.51	 
BMI_bfr_114	 2	 11	 128.jpg	 2.098989e+03	 22	 9.486367e+02	 220	 7.169728e+02	 98	 2.100025e+03	 733.33	 733.33	 43.00	 28	 0.43	 
BMI_bfr_114	 2	 11	 113.jpg	 2.100992e+03	 22	 9.601592e+02	 220	 7.336308e+02	 98	 2.102028e+03	 733.33	 750.00	 38.00	 13	 0.48	 
BMI_bfr_114	 2	 11	 142.jpg	 2.106998e+03	 12	 999000	 120	 999000	 999	 2.108018e+03	 733.33	 750.00	 25.00	 42	 0.53	 
BMI_bfr_114	 2	 11	 114.jpg	 2.109001e+03	 11	 9.615599e+02	 110	 7.336394e+02	 98	 2.110037e+03	 750.00	 750.00	 17.00	 14	 0.56	 
BMI_bfr_114	 2	 11	 111.jpg	 2.110986e+03	 24	 999000	 240	 999000	 999	 2.112005e+03	 750.00	 750.00	 37.00	 11	 0.49	 
BMI_bfr_114	 2	 11	 152.jpg	 2.112988e+03	 24	 999000	 240	 999000	 999	 2.114007e+03	 750.00	 750.00	 59.00	 52	 0.27	 
BMI_bfr_114	 2	 11	 120.jpg	 2.115992e+03	 24	 999000	 240	 999000	 999	 2.117010e+03	 750.00	 750.00	 47.00	 20	 0.39	 
BMI_bfr_114	 2	 11	 145.jpg	 2.118995e+03	 12	 999000	 120	 999000	 999	 2.120014e+03	 750.00	 750.00	 21.00	 45	 0.54	 
