subjectID	 order	 runNum	 itemName	 onsetTime	 shuff_trialType	 RT	 respInTime	 AudioTime	 response	 fixationTime	 ladder1	 ladder2	 bidIndex	 itemNameIndex	 bidValue	 
BMI_bfr_114	 2	 5	 159.jpg	 7.868198e+02	 24	 999000	 240	 999000	 999	 7.878383e+02	 616.67	 683.33	 36.00	 59	 0.49	 
BMI_bfr_114	 2	 5	 133.jpg	 7.918251e+02	 12	 999000	 120	 999000	 999	 7.928448e+02	 616.67	 683.33	 29.00	 33	 0.51	 
BMI_bfr_114	 2	 5	 116.jpg	 7.938276e+02	 11	 1.252641e+03	 1100	 6.169677e+02	 98	 7.948637e+02	 566.67	 683.33	 22.00	 16	 0.54	 
BMI_bfr_114	 2	 5	 140.jpg	 7.958131e+02	 24	 999000	 240	 999000	 999	 7.968314e+02	 566.67	 683.33	 39.00	 40	 0.47	 
BMI_bfr_114	 2	 5	 128.jpg	 8.018200e+02	 22	 9.443892e+02	 220	 6.836218e+02	 98	 8.028548e+02	 566.67	 700.00	 43.00	 28	 0.43	 
BMI_bfr_114	 2	 5	 106.jpg	 8.038222e+02	 22	 9.784797e+02	 220	 7.002837e+02	 98	 8.048567e+02	 566.67	 716.67	 54.00	 6	 0.35	 
BMI_bfr_114	 2	 5	 141.jpg	 8.068255e+02	 12	 999000	 120	 999000	 999	 8.078452e+02	 566.67	 716.67	 28.00	 41	 0.52	 
BMI_bfr_114	 2	 5	 137.jpg	 8.088278e+02	 12	 999000	 120	 999000	 999	 8.098454e+02	 566.67	 716.67	 20.00	 37	 0.55	 
BMI_bfr_114	 2	 5	 139.jpg	 8.128156e+02	 11	 8.167416e+02	 110	 5.669592e+02	 98	 8.138503e+02	 583.33	 716.67	 26.00	 39	 0.53	 
BMI_bfr_114	 2	 5	 142.jpg	 8.148178e+02	 12	 999000	 120	 999000	 999	 8.158355e+02	 583.33	 716.67	 25.00	 42	 0.53	 
BMI_bfr_114	 2	 5	 101.jpg	 8.198234e+02	 12	 999000	 120	 999000	 999	 8.208430e+02	 583.33	 716.67	 1.00	 1	 0.78	 
BMI_bfr_114	 2	 5	 105.jpg	 8.268147e+02	 12	 999000	 120	 999000	 999	 8.278324e+02	 583.33	 716.67	 4.00	 5	 0.69	 
BMI_bfr_114	 2	 5	 145.jpg	 8.288166e+02	 12	 999000	 120	 999000	 999	 8.298347e+02	 583.33	 716.67	 21.00	 45	 0.54	 
BMI_bfr_114	 2	 5	 136.jpg	 8.318201e+02	 22	 9.605831e+02	 220	 7.169847e+02	 98	 8.328546e+02	 583.33	 733.33	 58.00	 36	 0.28	 
BMI_bfr_114	 2	 5	 129.jpg	 8.348235e+02	 12	 999000	 120	 999000	 999	 8.358431e+02	 583.33	 733.33	 13.00	 29	 0.61	 
BMI_bfr_114	 2	 5	 152.jpg	 8.388281e+02	 24	 999000	 240	 999000	 999	 8.398460e+02	 583.33	 733.33	 59.00	 52	 0.27	 
BMI_bfr_114	 2	 5	 149.jpg	 8.428158e+02	 24	 999000	 240	 999000	 999	 8.438358e+02	 583.33	 733.33	 32.00	 49	 0.51	 
BMI_bfr_114	 2	 5	 112.jpg	 8.468204e+02	 24	 999000	 240	 999000	 999	 8.478402e+02	 583.33	 733.33	 53.00	 12	 0.35	 
BMI_bfr_114	 2	 5	 103.jpg	 8.498238e+02	 12	 999000	 120	 999000	 999	 8.508439e+02	 583.33	 733.33	 18.00	 3	 0.55	 
BMI_bfr_114	 2	 5	 156.jpg	 8.558136e+02	 24	 999000	 240	 999000	 999	 8.568333e+02	 583.33	 733.33	 45.00	 56	 0.40	 
BMI_bfr_114	 2	 5	 119.jpg	 8.578160e+02	 24	 999000	 240	 999000	 999	 8.588358e+02	 583.33	 733.33	 56.00	 19	 0.32	 
BMI_bfr_114	 2	 5	 122.jpg	 8.608194e+02	 24	 999000	 240	 999000	 999	 8.618390e+02	 583.33	 733.33	 31.00	 22	 0.51	 
BMI_bfr_114	 2	 5	 125.jpg	 8.628216e+02	 24	 999000	 240	 999000	 999	 8.638394e+02	 583.33	 733.33	 34.00	 25	 0.50	 
BMI_bfr_114	 2	 5	 102.jpg	 8.648238e+02	 24	 999000	 240	 999000	 999	 8.658415e+02	 583.33	 733.33	 50.00	 2	 0.36	 
BMI_bfr_114	 2	 5	 107.jpg	 8.668261e+02	 11	 1.236315e+03	 1100	 5.836136e+02	 98	 8.678615e+02	 533.33	 733.33	 11.00	 7	 0.62	 
BMI_bfr_114	 2	 5	 134.jpg	 8.698131e+02	 11	 8.143533e+02	 110	 5.336075e+02	 98	 8.708483e+02	 550.00	 733.33	 16.00	 34	 0.56	 
BMI_bfr_114	 2	 5	 114.jpg	 8.738169e+02	 11	 8.382881e+02	 110	 5.502846e+02	 98	 8.748535e+02	 566.67	 733.33	 17.00	 14	 0.56	 
BMI_bfr_114	 2	 5	 121.jpg	 8.758195e+02	 12	 999000	 120	 999000	 999	 8.768389e+02	 566.67	 733.33	 12.00	 21	 0.61	 
BMI_bfr_114	 2	 5	 111.jpg	 8.778217e+02	 24	 999000	 240	 999000	 999	 8.788414e+02	 566.67	 733.33	 37.00	 11	 0.49	 
BMI_bfr_114	 2	 5	 147.jpg	 8.798240e+02	 24	 999000	 240	 999000	 999	 8.808445e+02	 566.67	 733.33	 44.00	 47	 0.41	 
BMI_bfr_114	 2	 5	 118.jpg	 8.818261e+02	 22	 1.019520e+03	 2200	 7.336223e+02	 98	 8.828775e+02	 566.67	 683.33	 40.00	 18	 0.46	 
BMI_bfr_114	 2	 5	 131.jpg	 8.838284e+02	 24	 999000	 240	 999000	 999	 8.848467e+02	 566.67	 683.33	 57.00	 31	 0.32	 
BMI_bfr_114	 2	 5	 126.jpg	 8.878165e+02	 22	 9.693252e+02	 220	 6.836066e+02	 98	 8.888508e+02	 566.67	 700.00	 46.00	 26	 0.40	 
BMI_bfr_114	 2	 5	 135.jpg	 8.918207e+02	 11	 8.353262e+02	 110	 5.669346e+02	 98	 8.928553e+02	 583.33	 700.00	 6.00	 35	 0.66	 
BMI_bfr_114	 2	 5	 104.jpg	 8.938229e+02	 12	 999000	 120	 999000	 999	 8.948408e+02	 583.33	 700.00	 24.00	 4	 0.54	 
BMI_bfr_114	 2	 5	 151.jpg	 8.958252e+02	 24	 999000	 240	 999000	 999	 8.968434e+02	 583.33	 700.00	 33.00	 51	 0.51	 
BMI_bfr_114	 2	 5	 155.jpg	 8.978274e+02	 12	 999000	 120	 999000	 999	 8.988477e+02	 583.33	 700.00	 7.00	 55	 0.64	 
BMI_bfr_114	 2	 5	 109.jpg	 8.998298e+02	 24	 999000	 240	 999000	 999	 9.008473e+02	 583.33	 700.00	 42.00	 9	 0.45	 
BMI_bfr_114	 2	 5	 113.jpg	 9.058197e+02	 22	 9.444135e+02	 220	 7.002862e+02	 98	 9.068544e+02	 583.33	 716.67	 38.00	 13	 0.48	 
BMI_bfr_114	 2	 5	 108.jpg	 9.078220e+02	 12	 999000	 120	 999000	 999	 9.088411e+02	 583.33	 716.67	 10.00	 8	 0.62	 
BMI_bfr_114	 2	 5	 123.jpg	 9.098242e+02	 12	 999000	 120	 999000	 999	 9.108447e+02	 583.33	 716.67	 15.00	 23	 0.59	 
BMI_bfr_114	 2	 5	 158.jpg	 9.118266e+02	 22	 1.001679e+03	 2200	 7.169524e+02	 98	 9.128620e+02	 583.33	 666.67	 51.00	 58	 0.36	 
BMI_bfr_114	 2	 5	 146.jpg	 9.148129e+02	 11	 8.729028e+02	 110	 5.836136e+02	 98	 9.158476e+02	 600.00	 666.67	 3.00	 46	 0.72	 
BMI_bfr_114	 2	 5	 115.jpg	 9.168155e+02	 11	 8.504430e+02	 110	 6.002768e+02	 98	 9.178499e+02	 616.67	 666.67	 23.00	 15	 0.54	 
BMI_bfr_114	 2	 5	 153.jpg	 9.238232e+02	 22	 8.968092e+02	 220	 6.669540e+02	 98	 9.248576e+02	 616.67	 683.33	 49.00	 53	 0.37	 
BMI_bfr_114	 2	 5	 124.jpg	 9.258254e+02	 12	 999000	 120	 999000	 999	 9.268460e+02	 616.67	 683.33	 27.00	 24	 0.52	 
BMI_bfr_114	 2	 5	 117.jpg	 9.298131e+02	 22	 9.596634e+02	 220	 6.836233e+02	 98	 9.308476e+02	 616.67	 700.00	 55.00	 17	 0.33	 
BMI_bfr_114	 2	 5	 160.jpg	 9.338178e+02	 24	 999000	 240	 999000	 999	 9.348381e+02	 616.67	 700.00	 52.00	 60	 0.36	 
BMI_bfr_114	 2	 5	 157.jpg	 9.368211e+02	 22	 9.607519e+02	 220	 7.002864e+02	 98	 9.378556e+02	 616.67	 716.67	 41.00	 57	 0.46	 
BMI_bfr_114	 2	 5	 130.jpg	 9.388234e+02	 11	 8.710244e+02	 110	 6.169397e+02	 98	 9.398598e+02	 633.33	 716.67	 9.00	 30	 0.62	 
BMI_bfr_114	 2	 5	 150.jpg	 9.428279e+02	 11	 8.605103e+02	 110	 6.336162e+02	 98	 9.438642e+02	 650.00	 716.67	 8.00	 50	 0.63	 
BMI_bfr_114	 2	 5	 143.jpg	 9.448132e+02	 12	 999000	 120	 999000	 999	 9.458312e+02	 650.00	 716.67	 2.00	 43	 0.77	 
BMI_bfr_114	 2	 5	 148.jpg	 9.478168e+02	 24	 999000	 240	 999000	 999	 9.488345e+02	 650.00	 716.67	 60.00	 48	 0.19	 
BMI_bfr_114	 2	 5	 120.jpg	 9.518213e+02	 24	 999000	 240	 999000	 999	 9.528409e+02	 650.00	 716.67	 47.00	 20	 0.39	 
BMI_bfr_114	 2	 5	 132.jpg	 9.538236e+02	 12	 999000	 120	 999000	 999	 9.548412e+02	 650.00	 716.67	 30.00	 32	 0.51	 
BMI_bfr_114	 2	 5	 144.jpg	 9.588292e+02	 12	 999000	 120	 999000	 999	 9.598473e+02	 650.00	 716.67	 5.00	 44	 0.68	 
BMI_bfr_114	 2	 5	 154.jpg	 9.608145e+02	 11	 9.759911e+02	 110	 6.502821e+02	 98	 9.618513e+02	 666.67	 716.67	 19.00	 54	 0.55	 
BMI_bfr_114	 2	 5	 110.jpg	 9.648191e+02	 22	 1.010465e+03	 2200	 7.169479e+02	 98	 9.658703e+02	 666.67	 666.67	 35.00	 10	 0.49	 
BMI_bfr_114	 2	 5	 138.jpg	 9.678225e+02	 22	 9.319574e+02	 220	 6.669531e+02	 98	 9.688576e+02	 666.67	 683.33	 48.00	 38	 0.38	 
BMI_bfr_114	 2	 5	 127.jpg	 9.708259e+02	 11	 8.988312e+02	 110	 6.669554e+02	 98	 9.718606e+02	 683.33	 683.33	 14.00	 27	 0.60	 
