subjectID	 order	 runNum	 itemName	 onsetTime	 shuff_trialType	 RT	 respInTime	 AudioTime	 response	 fixationTime	 ladder1	 ladder2	 bidIndex	 itemNameIndex	 bidValue	 
BMI_bfr_113	 1	 11	 150.jpg	 2.046715e+03	 22	 999000	 2	 6.836459e+02	 999	 2.047751e+03	 750.00	 633.33	 56.00	 50	 0.17	 
BMI_bfr_113	 1	 11	 141.jpg	 2.048717e+03	 24	 999000	 240	 999000	 999	 2.049736e+03	 750.00	 633.33	 60.00	 41	 0.09	 
BMI_bfr_113	 1	 11	 153.jpg	 2.052721e+03	 22	 9.208666e+02	 220	 6.336425e+02	 98	 2.053757e+03	 750.00	 650.00	 39.00	 53	 0.37	 
BMI_bfr_113	 1	 11	 112.jpg	 2.055708e+03	 12	 999000	 120	 999000	 999	 2.056726e+03	 750.00	 650.00	 19.00	 12	 0.67	 
BMI_bfr_113	 1	 11	 135.jpg	 2.057710e+03	 24	 999000	 240	 999000	 999	 2.058730e+03	 750.00	 650.00	 43.00	 35	 0.33	 
BMI_bfr_113	 1	 11	 131.jpg	 2.060714e+03	 22	 8.938967e+02	 220	 6.503035e+02	 98	 2.061750e+03	 750.00	 666.67	 50.00	 31	 0.24	 
BMI_bfr_113	 1	 11	 108.jpg	 2.064718e+03	 12	 999000	 120	 999000	 999	 2.065737e+03	 750.00	 666.67	 2.00	 8	 0.85	 
BMI_bfr_113	 1	 11	 160.jpg	 2.068723e+03	 12	 999000	 120	 999000	 999	 2.069740e+03	 750.00	 666.67	 16.00	 60	 0.70	 
BMI_bfr_113	 1	 11	 148.jpg	 2.070708e+03	 12	 999000	 120	 999000	 999	 2.071728e+03	 750.00	 666.67	 26.00	 48	 0.57	 
BMI_bfr_113	 1	 11	 118.jpg	 2.075714e+03	 12	 999000	 120	 999000	 999	 2.076732e+03	 750.00	 666.67	 29.00	 18	 0.53	 
BMI_bfr_113	 1	 11	 149.jpg	 2.077716e+03	 11	 9.811114e+02	 110	 7.502957e+02	 98	 2.078752e+03	 766.67	 666.67	 12.00	 49	 0.74	 
BMI_bfr_113	 1	 11	 139.jpg	 2.079718e+03	 24	 999000	 240	 999000	 999	 2.080738e+03	 766.67	 666.67	 59.00	 39	 0.15	 
BMI_bfr_113	 1	 11	 116.jpg	 2.085708e+03	 24	 999000	 240	 999000	 999	 2.086726e+03	 766.67	 666.67	 31.00	 16	 0.50	 
BMI_bfr_113	 1	 11	 119.jpg	 2.087710e+03	 24	 999000	 240	 999000	 999	 2.088730e+03	 766.67	 666.67	 41.00	 19	 0.36	 
BMI_bfr_113	 1	 11	 122.jpg	 2.089713e+03	 12	 999000	 120	 999000	 999	 2.090730e+03	 766.67	 666.67	 17.00	 22	 0.68	 
BMI_bfr_113	 1	 11	 110.jpg	 2.091715e+03	 12	 999000	 120	 999000	 999	 2.092733e+03	 766.67	 666.67	 6.00	 10	 0.80	 
BMI_bfr_113	 1	 11	 127.jpg	 2.095719e+03	 22	 9.447134e+02	 220	 6.669820e+02	 98	 2.096754e+03	 766.67	 683.33	 44.00	 27	 0.32	 
BMI_bfr_113	 1	 11	 158.jpg	 2.099707e+03	 24	 999000	 240	 999000	 999	 2.100726e+03	 766.67	 683.33	 40.00	 58	 0.36	 
BMI_bfr_113	 1	 11	 140.jpg	 2.102711e+03	 12	 999000	 120	 999000	 999	 2.103729e+03	 766.67	 683.33	 27.00	 40	 0.56	 
BMI_bfr_113	 1	 11	 123.jpg	 2.106715e+03	 11	 1.019742e+03	 1100	 7.669698e+02	 98	 2.107750e+03	 716.67	 683.33	 10.00	 23	 0.76	 
BMI_bfr_113	 1	 11	 147.jpg	 2.109718e+03	 22	 9.526324e+02	 220	 6.836329e+02	 98	 2.110755e+03	 716.67	 700.00	 53.00	 47	 0.23	 
BMI_bfr_113	 1	 11	 134.jpg	 2.111721e+03	 22	 9.641785e+02	 220	 7.002831e+02	 98	 2.112757e+03	 716.67	 716.67	 45.00	 34	 0.29	 
BMI_bfr_113	 1	 11	 157.jpg	 2.115709e+03	 24	 999000	 240	 999000	 999	 2.116728e+03	 716.67	 716.67	 32.00	 57	 0.49	 
BMI_bfr_113	 1	 11	 145.jpg	 2.117711e+03	 24	 999000	 240	 999000	 999	 2.118729e+03	 716.67	 716.67	 58.00	 45	 0.16	 
BMI_bfr_113	 1	 11	 109.jpg	 2.119713e+03	 12	 999000	 120	 999000	 999	 2.120731e+03	 716.67	 716.67	 28.00	 9	 0.54	 
BMI_bfr_113	 1	 11	 136.jpg	 2.123717e+03	 22	 9.942595e+02	 220	 7.169860e+02	 98	 2.124753e+03	 716.67	 733.33	 37.00	 36	 0.41	 
BMI_bfr_113	 1	 11	 159.jpg	 2.125720e+03	 22	 1.006034e+03	 2200	 7.336593e+02	 98	 2.126754e+03	 716.67	 683.33	 47.00	 59	 0.26	 
BMI_bfr_113	 1	 11	 114.jpg	 2.129707e+03	 12	 999000	 120	 999000	 999	 2.130726e+03	 716.67	 683.33	 11.00	 14	 0.75	 
BMI_bfr_113	 1	 11	 133.jpg	 2.133712e+03	 11	 9.788239e+02	 110	 7.169759e+02	 98	 2.134747e+03	 733.33	 683.33	 13.00	 33	 0.74	 
BMI_bfr_113	 1	 11	 111.jpg	 2.136715e+03	 11	 1.002004e+03	 1100	 7.336310e+02	 98	 2.137750e+03	 683.33	 683.33	 18.00	 11	 0.67	 
BMI_bfr_113	 1	 11	 151.jpg	 2.142722e+03	 11	 1.003153e+03	 1100	 6.836366e+02	 98	 2.143758e+03	 633.33	 683.33	 20.00	 51	 0.66	 
BMI_bfr_113	 1	 11	 128.jpg	 2.144708e+03	 24	 999000	 240	 999000	 999	 2.145726e+03	 633.33	 683.33	 46.00	 28	 0.28	 
BMI_bfr_113	 1	 11	 154.jpg	 2.148712e+03	 12	 999000	 120	 999000	 999	 2.149730e+03	 633.33	 683.33	 22.00	 54	 0.61	 
BMI_bfr_113	 1	 11	 138.jpg	 2.150714e+03	 24	 999000	 240	 999000	 999	 2.151732e+03	 633.33	 683.33	 51.00	 38	 0.24	 
BMI_bfr_113	 1	 11	 117.jpg	 2.152717e+03	 11	 8.414657e+02	 110	 6.335292e+02	 98	 2.153751e+03	 650.00	 683.33	 4.00	 17	 0.80	 
BMI_bfr_113	 1	 11	 113.jpg	 2.154719e+03	 11	 9.429799e+02	 110	 6.503013e+02	 98	 2.155754e+03	 666.67	 683.33	 24.00	 13	 0.59	 
BMI_bfr_113	 1	 11	 125.jpg	 2.159708e+03	 24	 999000	 240	 999000	 999	 2.160727e+03	 666.67	 683.33	 49.00	 25	 0.25	 
BMI_bfr_113	 1	 11	 124.jpg	 2.161710e+03	 11	 9.383807e+02	 110	 6.671165e+02	 98	 2.162746e+03	 683.33	 683.33	 15.00	 24	 0.71	 
BMI_bfr_113	 1	 11	 120.jpg	 2.163712e+03	 12	 999000	 120	 999000	 999	 2.164731e+03	 683.33	 683.33	 3.00	 20	 0.85	 
BMI_bfr_113	 1	 11	 102.jpg	 2.166716e+03	 12	 999000	 120	 999000	 999	 2.167734e+03	 683.33	 683.33	 23.00	 2	 0.60	 
BMI_bfr_113	 1	 11	 155.jpg	 2.169719e+03	 24	 999000	 240	 999000	 999	 2.170738e+03	 683.33	 683.33	 34.00	 55	 0.47	 
BMI_bfr_113	 1	 11	 137.jpg	 2.173707e+03	 22	 9.686521e+02	 220	 6.836970e+02	 98	 2.174742e+03	 683.33	 700.00	 36.00	 37	 0.43	 
BMI_bfr_113	 1	 11	 129.jpg	 2.175709e+03	 22	 9.687788e+02	 220	 7.002852e+02	 98	 2.176746e+03	 683.33	 716.67	 52.00	 29	 0.24	 
BMI_bfr_113	 1	 11	 156.jpg	 2.177711e+03	 24	 999000	 240	 999000	 999	 2.178729e+03	 683.33	 716.67	 55.00	 56	 0.20	 
BMI_bfr_113	 1	 11	 121.jpg	 2.180715e+03	 11	 9.246606e+02	 110	 6.836460e+02	 98	 2.181749e+03	 700.00	 716.67	 7.00	 21	 0.80	 
BMI_bfr_113	 1	 11	 146.jpg	 2.183718e+03	 24	 999000	 240	 999000	 999	 2.184737e+03	 700.00	 716.67	 48.00	 46	 0.25	 
BMI_bfr_113	 1	 11	 105.jpg	 2.185720e+03	 11	 9.705941e+02	 110	 7.003795e+02	 98	 2.186756e+03	 716.67	 716.67	 21.00	 5	 0.66	 
BMI_bfr_113	 1	 11	 101.jpg	 2.187722e+03	 24	 999000	 240	 999000	 999	 2.188741e+03	 716.67	 716.67	 38.00	 1	 0.38	 
BMI_bfr_113	 1	 11	 142.jpg	 2.189708e+03	 11	 9.992764e+02	 110	 7.169639e+02	 98	 2.190745e+03	 733.33	 716.67	 5.00	 42	 0.80	 
BMI_bfr_113	 1	 11	 144.jpg	 2.194714e+03	 24	 999000	 240	 999000	 999	 2.195731e+03	 733.33	 716.67	 54.00	 44	 0.21	 
BMI_bfr_113	 1	 11	 143.jpg	 2.196716e+03	 22	 9.780509e+02	 220	 7.169674e+02	 98	 2.197753e+03	 733.33	 733.33	 42.00	 43	 0.33	 
BMI_bfr_113	 1	 11	 126.jpg	 2.198718e+03	 12	 999000	 120	 999000	 999	 2.199737e+03	 733.33	 733.33	 30.00	 26	 0.52	 
BMI_bfr_113	 1	 11	 132.jpg	 2.200720e+03	 24	 999000	 240	 999000	 999	 2.201738e+03	 733.33	 733.33	 33.00	 32	 0.47	 
BMI_bfr_113	 1	 11	 104.jpg	 2.207712e+03	 12	 999000	 120	 999000	 999	 2.208731e+03	 733.33	 733.33	 9.00	 4	 0.78	 
BMI_bfr_113	 1	 11	 130.jpg	 2.209714e+03	 11	 1.041933e+03	 1100	 7.336541e+02	 98	 2.210749e+03	 683.33	 733.33	 25.00	 30	 0.57	 
BMI_bfr_113	 1	 11	 152.jpg	 2.216722e+03	 24	 999000	 240	 999000	 999	 2.217741e+03	 683.33	 733.33	 35.00	 52	 0.43	 
BMI_bfr_113	 1	 11	 106.jpg	 2.219708e+03	 12	 999000	 120	 999000	 999	 2.220727e+03	 683.33	 733.33	 1.00	 6	 0.89	 
BMI_bfr_113	 1	 11	 115.jpg	 2.222712e+03	 22	 9.709229e+02	 220	 7.336642e+02	 98	 2.223749e+03	 683.33	 750.00	 57.00	 15	 0.16	 
BMI_bfr_113	 1	 11	 103.jpg	 2.228718e+03	 12	 999000	 120	 999000	 999	 2.229736e+03	 683.33	 750.00	 14.00	 3	 0.73	 
BMI_bfr_113	 1	 11	 107.jpg	 2.230721e+03	 12	 999000	 120	 999000	 999	 2.231738e+03	 683.33	 750.00	 8.00	 7	 0.79	 
