1	88	240.jpg	0	1	0	0	0
2	29	135.jpg	1	1	1	1	6
3	35	142.jpg	1	1	0	0	25
4	96	248.jpg	0	1	0	1	0
5	71	223.jpg	0	1	0	1	0
6	82	234.jpg	0	1	0	1	0
7	2	103.jpg	1	1	0	0	18
8	66	218.jpg	0	1	0	1	0
9	9	110.jpg	1	1	1	0	35
10	18	119.jpg	1	1	0	1	56
11	77	229.jpg	0	1	0	1	0
12	43	155.jpg	1	1	0	0	7
13	84	236.jpg	0	1	0	1	0
14	60	212.jpg	0	1	0	1	0
15	27	131.jpg	1	1	0	0	57
16	37	145.jpg	1	1	0	0	21
17	42	154.jpg	1	1	1	1	19
18	78	230.jpg	0	1	0	1	0
19	4	105.jpg	1	1	0	0	4
20	68	220.jpg	0	1	0	1	0
21	22	126.jpg	1	1	1	1	46
22	94	246.jpg	0	1	0	0	0
23	31	137.jpg	1	1	0	1	20
24	51	203.jpg	0	1	0	1	0
25	81	233.jpg	0	1	0	0	0
26	28	134.jpg	1	1	1	0	16
27	24	128.jpg	1	1	1	1	43
28	30	136.jpg	1	1	1	0	58
29	61	213.jpg	0	1	0	1	0
30	44	156.jpg	1	1	0	0	45
31	92	244.jpg	0	1	0	1	0
32	8	109.jpg	1	1	0	0	42
33	25	129.jpg	1	1	0	0	13
34	41	153.jpg	1	1	1	0	49
35	32	138.jpg	1	1	1	1	48
36	58	210.jpg	0	1	0	1	0
37	19	120.jpg	1	1	0	1	47
38	54	206.jpg	0	1	0	0	0
39	67	219.jpg	0	1	0	0	0
40	34	140.jpg	1	1	0	1	39
41	91	243.jpg	0	1	0	0	0
42	95	247.jpg	0	1	0	1	0
43	90	242.jpg	0	1	0	1	0
44	10	111.jpg	1	1	0	0	37
45	62	214.jpg	0	1	0	0	0
46	80	232.jpg	0	1	0	0	0
47	39	147.jpg	1	1	0	1	44
48	33	139.jpg	1	1	1	1	26
49	6	107.jpg	1	1	1	0	11
50	1	102.jpg	1	1	0	1	50
51	52	204.jpg	0	1	0	1	0
52	63	215.jpg	0	1	0	0	0
53	38	146.jpg	1	1	1	1	3
54	46	158.jpg	1	1	1	1	51
55	11	112.jpg	1	1	0	1	53
56	12	113.jpg	1	1	1	1	38
57	85	237.jpg	0	1	0	1	0
58	36	144.jpg	1	1	0	1	5
59	87	239.jpg	0	1	0	1	0
60	23	127.jpg	1	1	1	1	14
