subjectID	 order	 runNum	 itemName	 onsetTime	 shuff_trialType	 RT	 respInTime	 CueTime	 response	 fixationTime	 ladder1	 ladder2	 bidIndex	 itemNameIndex	 bidValue	 
p_141	 1	 5	 8467.jpg	 5.187013e+02	 11	 7.785091e+02	 110	 4.832489e+02	 98	 5.197346e+02	 500.00	 550.00	 13.00	 54	 0.73	 
p_141	 1	 5	 1590.jpg	 5.207012e+02	 12	 999000	 120	 999000	 999	 5.217178e+02	 500.00	 550.00	 21.00	 2	 0.59	 
p_141	 1	 5	 7200.jpg	 5.247011e+02	 24	 999000	 240	 999000	 999	 5.257177e+02	 500.00	 550.00	 46.00	 32	 0.31	 
p_141	 1	 5	 4640.jpg	 5.277010e+02	 12	 999000	 120	 999000	 999	 5.287176e+02	 500.00	 550.00	 20.00	 23	 0.59	 
p_141	 1	 5	 1720.jpg	 5.297009e+02	 22	 8.188440e+02	 220	 5.499350e+02	 98	 5.307342e+02	 500.00	 566.67	 50.00	 4	 0.28	 
p_141	 1	 5	 8420.jpg	 5.327009e+02	 24	 999000	 240	 999000	 999	 5.337174e+02	 500.00	 566.67	 39.00	 52	 0.38	 
p_141	 1	 5	 2345.jpg	 5.367007e+02	 24	 999000	 240	 999000	 999	 5.377173e+02	 500.00	 566.67	 41.00	 10	 0.38	 
p_141	 1	 5	 8510.jpg	 5.407006e+02	 22	 8.751323e+02	 220	 5.665560e+02	 98	 5.417171e+02	 500.00	 583.33	 53.00	 59	 0.25	 
p_141	 1	 5	 7482.jpg	 5.427005e+02	 24	 999000	 240	 999000	 999	 5.437171e+02	 500.00	 583.33	 56.00	 39	 0.18	 
p_141	 1	 5	 7260.jpg	 5.477003e+02	 24	 999000	 240	 999000	 999	 5.487169e+02	 500.00	 583.33	 51.00	 33	 0.26	 
p_141	 1	 5	 2655.jpg	 5.497003e+02	 11	 999000	 1	 4.999021e+02	 999	 5.507168e+02	 450.00	 583.33	 18.00	 16	 0.62	 
p_141	 1	 5	 8502.jpg	 5.517003e+02	 24	 999000	 240	 999000	 999	 5.527168e+02	 450.00	 583.33	 49.00	 58	 0.29	 
p_141	 1	 5	 8470.jpg	 5.577000e+02	 22	 999000	 2	 5.832294e+02	 999	 5.587332e+02	 450.00	 533.33	 45.00	 55	 0.31	 
p_141	 1	 5	 8158.jpg	 5.596999e+02	 12	 999000	 120	 999000	 999	 5.607165e+02	 450.00	 533.33	 6.00	 45	 0.82	 
p_141	 1	 5	 1721.jpg	 5.616999e+02	 24	 999000	 240	 999000	 999	 5.627164e+02	 450.00	 533.33	 42.00	 5	 0.34	 
p_141	 1	 5	 7499.jpg	 5.636998e+02	 12	 999000	 120	 999000	 999	 5.647164e+02	 450.00	 533.33	 11.00	 40	 0.74	 
p_141	 1	 5	 4610.jpg	 5.676997e+02	 12	 999000	 120	 999000	 999	 5.687162e+02	 450.00	 533.33	 14.00	 18	 0.69	 
p_141	 1	 5	 4628.jpg	 5.716995e+02	 22	 9.319654e+02	 220	 5.332643e+02	 98	 5.727329e+02	 450.00	 550.00	 47.00	 22	 0.29	 
p_141	 1	 5	 4612.jpg	 5.746995e+02	 12	 999000	 120	 999000	 999	 5.757160e+02	 450.00	 550.00	 16.00	 19	 0.68	 
p_141	 1	 5	 4614.jpg	 5.786993e+02	 11	 7.641664e+02	 110	 4.498970e+02	 98	 5.797325e+02	 466.67	 550.00	 12.00	 20	 0.74	 
p_141	 1	 5	 7480.jpg	 5.816992e+02	 24	 999000	 240	 999000	 999	 5.827158e+02	 466.67	 550.00	 54.00	 38	 0.25	 
p_141	 1	 5	 4597.jpg	 5.836991e+02	 12	 999000	 120	 999000	 999	 5.847157e+02	 466.67	 550.00	 4.00	 17	 0.86	 
p_141	 1	 5	 8001.jpg	 5.876990e+02	 12	 999000	 120	 999000	 999	 5.887156e+02	 466.67	 550.00	 5.00	 42	 0.83	 
p_141	 1	 5	 5260.jpg	 5.896989e+02	 12	 9.804550e+02	 12	 999000	 98	 5.907155e+02	 466.67	 550.00	 9.00	 26	 0.75	 
p_141	 1	 5	 8500.jpg	 5.916989e+02	 22	 8.364868e+02	 220	 5.499018e+02	 98	 5.927321e+02	 466.67	 566.67	 52.00	 57	 0.26	 
p_141	 1	 5	 4619.jpg	 5.956987e+02	 11	 7.885855e+02	 110	 4.665595e+02	 98	 5.967321e+02	 483.33	 566.67	 7.00	 21	 0.80	 
p_141	 1	 5	 7508.jpg	 5.976987e+02	 11	 7.566591e+02	 110	 4.832329e+02	 98	 5.987319e+02	 500.00	 566.67	 15.00	 41	 0.69	 
p_141	 1	 5	 2209.jpg	 6.016985e+02	 12	 999000	 120	 999000	 999	 6.027151e+02	 500.00	 566.67	 8.00	 9	 0.80	 
p_141	 1	 5	 2398.jpg	 6.056984e+02	 24	 999000	 240	 999000	 999	 6.067150e+02	 500.00	 566.67	 40.00	 14	 0.38	 
p_141	 1	 5	 2030.jpg	 6.086983e+02	 24	 999000	 240	 999000	 999	 6.097149e+02	 500.00	 566.67	 57.00	 6	 0.18	 
p_141	 1	 5	 2362.jpg	 6.146981e+02	 22	 999000	 2	 5.665615e+02	 999	 6.157146e+02	 500.00	 516.67	 44.00	 13	 0.32	 
p_141	 1	 5	 8461.jpg	 6.166980e+02	 24	 999000	 240	 999000	 999	 6.177146e+02	 500.00	 516.67	 55.00	 53	 0.22	 
p_141	 1	 5	 2155.jpg	 6.206979e+02	 24	 8.932730e+02	 24	 999000	 98	 6.217145e+02	 500.00	 516.67	 58.00	 8	 0.16	 
p_141	 1	 5	 5480.jpg	 6.226978e+02	 12	 999000	 120	 999000	 999	 6.237144e+02	 500.00	 516.67	 3.00	 27	 0.89	 
p_141	 1	 5	 5199.jpg	 6.246978e+02	 12	 1.197426e+03	 12	 999000	 98	 6.257143e+02	 500.00	 516.67	 17.00	 25	 0.65	 
p_141	 1	 5	 4641.jpg	 6.266977e+02	 11	 999000	 1	 4.999124e+02	 999	 6.277142e+02	 450.00	 516.67	 10.00	 24	 0.74	 
p_141	 1	 5	 2352.1.jpg	 6.316975e+02	 24	 999000	 240	 999000	 999	 6.327141e+02	 450.00	 516.67	 43.00	 12	 0.33	 
p_141	 1	 5	 7430.jpg	 6.336975e+02	 24	 6.968220e+01	 24	 999000	 98	 6.347140e+02	 450.00	 516.67	 48.00	 36	 0.29	 
p_141	 1	 5	 8170.jpg	 6.356974e+02	 12	 1.173720e+03	 12	 999000	 98	 6.367140e+02	 450.00	 516.67	 19.00	 46	 0.62	 
p_141	 1	 5	 8540.jpg	 6.386973e+02	 12	 999000	 120	 999000	 999	 6.397139e+02	 450.00	 516.67	 22.00	 60	 0.56	 
