subjectID	 order	 runNum	 itemName	 onsetTime	 shuff_trialType	 RT	 respInTime	 CueTime	 response	 fixationTime	 ladder1	 ladder2	 bidIndex	 itemNameIndex	 bidValue	 
p_141	 1	 17	 7480.jpg	 2.000134e+03	 24	 999000	 240	 999000	 999	 2.001151e+03	 83.33	 366.67	 54.00	 38	 0.25	 
p_141	 1	 17	 4614.jpg	 2.003134e+03	 11	 4.480205e+02	 110	 8.323587e+01	 98	 2.004168e+03	 100.00	 366.67	 12.00	 20	 0.74	 
p_141	 1	 17	 4610.jpg	 2.005134e+03	 12	 3.041406e+02	 12	 999000	 98	 2.006151e+03	 100.00	 366.67	 14.00	 18	 0.69	 
p_141	 1	 17	 7260.jpg	 2.007134e+03	 24	 999000	 240	 999000	 999	 2.008151e+03	 100.00	 366.67	 51.00	 33	 0.26	 
p_141	 1	 17	 7508.jpg	 2.009134e+03	 11	 3.681928e+02	 110	 9.990891e+01	 98	 2.010151e+03	 116.67	 366.67	 15.00	 41	 0.69	 
p_141	 1	 17	 8158.jpg	 2.012134e+03	 12	 999000	 120	 999000	 999	 2.013151e+03	 116.67	 366.67	 6.00	 45	 0.82	 
p_141	 1	 17	 1590.jpg	 2.014134e+03	 12	 999000	 120	 999000	 999	 2.015150e+03	 116.67	 366.67	 21.00	 2	 0.59	 
p_141	 1	 17	 2209.jpg	 2.018134e+03	 12	 999000	 120	 999000	 999	 2.019150e+03	 116.67	 366.67	 8.00	 9	 0.80	 
p_141	 1	 17	 4612.jpg	 2.020134e+03	 12	 999000	 120	 999000	 999	 2.021150e+03	 116.67	 366.67	 16.00	 19	 0.68	 
p_141	 1	 17	 8170.jpg	 2.025134e+03	 12	 999000	 120	 999000	 999	 2.026150e+03	 116.67	 366.67	 19.00	 46	 0.62	 
p_141	 1	 17	 2345.jpg	 2.027133e+03	 24	 999000	 240	 999000	 999	 2.028150e+03	 116.67	 366.67	 41.00	 10	 0.38	 
p_141	 1	 17	 7200.jpg	 2.031133e+03	 24	 999000	 240	 999000	 999	 2.032150e+03	 116.67	 366.67	 46.00	 32	 0.31	 
p_141	 1	 17	 8461.jpg	 2.033133e+03	 24	 999000	 240	 999000	 999	 2.034150e+03	 116.67	 366.67	 55.00	 53	 0.22	 
p_141	 1	 17	 2362.jpg	 2.036133e+03	 22	 9.049094e+02	 220	 3.665698e+02	 98	 2.037150e+03	 116.67	 383.33	 44.00	 13	 0.32	 
p_141	 1	 17	 8001.jpg	 2.041133e+03	 12	 999000	 120	 999000	 999	 2.042150e+03	 116.67	 383.33	 5.00	 42	 0.83	 
p_141	 1	 17	 8502.jpg	 2.043133e+03	 24	 999000	 240	 999000	 999	 2.044150e+03	 116.67	 383.33	 49.00	 58	 0.29	 
p_141	 1	 17	 1721.jpg	 2.045133e+03	 24	 999000	 240	 999000	 999	 2.046149e+03	 116.67	 383.33	 42.00	 5	 0.34	 
p_141	 1	 17	 4619.jpg	 2.049133e+03	 11	 5.452631e+02	 110	 1.165679e+02	 98	 2.050166e+03	 133.33	 383.33	 7.00	 21	 0.80	 
p_141	 1	 17	 8500.jpg	 2.053133e+03	 22	 7.213769e+02	 220	 3.832452e+02	 98	 2.054166e+03	 133.33	 400.00	 52.00	 57	 0.26	 
p_141	 1	 17	 2155.jpg	 2.057132e+03	 24	 999000	 240	 999000	 999	 2.058149e+03	 133.33	 400.00	 58.00	 8	 0.16	 
p_141	 1	 17	 5480.jpg	 2.059132e+03	 12	 999000	 120	 999000	 999	 2.060149e+03	 133.33	 400.00	 3.00	 27	 0.89	 
p_141	 1	 17	 2655.jpg	 2.061132e+03	 11	 5.936585e+02	 110	 1.332482e+02	 98	 2.062166e+03	 150.00	 400.00	 18.00	 16	 0.62	 
p_141	 1	 17	 8467.jpg	 2.063132e+03	 11	 7.536516e+02	 110	 1.499027e+02	 98	 2.064166e+03	 166.67	 400.00	 13.00	 54	 0.73	 
p_141	 1	 17	 2030.jpg	 2.065132e+03	 24	 999000	 240	 999000	 999	 2.066149e+03	 166.67	 400.00	 57.00	 6	 0.18	 
p_141	 1	 17	 2352.1.jpg	 2.071132e+03	 24	 999000	 240	 999000	 999	 2.072149e+03	 166.67	 400.00	 43.00	 12	 0.33	 
p_141	 1	 17	 4640.jpg	 2.074132e+03	 12	 999000	 120	 999000	 999	 2.075148e+03	 166.67	 400.00	 20.00	 23	 0.59	 
p_141	 1	 17	 7499.jpg	 2.076132e+03	 12	 999000	 120	 999000	 999	 2.077148e+03	 166.67	 400.00	 11.00	 40	 0.74	 
p_141	 1	 17	 8540.jpg	 2.078132e+03	 12	 999000	 120	 999000	 999	 2.079148e+03	 166.67	 400.00	 22.00	 60	 0.56	 
p_141	 1	 17	 4597.jpg	 2.081132e+03	 12	 999000	 120	 999000	 999	 2.082148e+03	 166.67	 400.00	 4.00	 17	 0.86	 
p_141	 1	 17	 8420.jpg	 2.083132e+03	 24	 999000	 240	 999000	 999	 2.084148e+03	 166.67	 400.00	 39.00	 52	 0.38	 
p_141	 1	 17	 4641.jpg	 2.085132e+03	 11	 999000	 1	 1.664043e+02	 999	 2.086165e+03	 116.67	 400.00	 10.00	 24	 0.74	 
p_141	 1	 17	 2398.jpg	 2.087131e+03	 24	 999000	 240	 999000	 999	 2.088148e+03	 116.67	 400.00	 40.00	 14	 0.38	 
p_141	 1	 17	 8470.jpg	 2.090132e+03	 22	 8.741954e+02	 220	 3.997188e+02	 98	 2.091165e+03	 116.67	 416.67	 45.00	 55	 0.31	 
p_141	 1	 17	 8510.jpg	 2.092132e+03	 22	 6.979786e+02	 220	 4.160822e+02	 98	 2.093165e+03	 116.67	 433.33	 53.00	 59	 0.25	 
p_141	 1	 17	 5260.jpg	 2.094148e+03	 12	 999000	 120	 999000	 999	 2.095164e+03	 116.67	 433.33	 9.00	 26	 0.75	 
p_141	 1	 17	 4628.jpg	 2.096132e+03	 22	 8.577239e+02	 220	 4.323952e+02	 98	 2.097164e+03	 116.67	 450.00	 47.00	 22	 0.29	 
p_141	 1	 17	 5199.jpg	 2.098132e+03	 12	 999000	 120	 999000	 999	 2.099148e+03	 116.67	 450.00	 17.00	 25	 0.65	 
p_141	 1	 17	 7482.jpg	 2.104148e+03	 24	 999000	 240	 999000	 999	 2.105164e+03	 116.67	 450.00	 56.00	 39	 0.18	 
p_141	 1	 17	 7430.jpg	 2.107132e+03	 24	 999000	 240	 999000	 999	 2.108147e+03	 116.67	 450.00	 48.00	 36	 0.29	 
p_141	 1	 17	 1720.jpg	 2.111132e+03	 22	 1.009714e+03	 220	 4.486676e+02	 98	 2.112164e+03	 116.67	 466.67	 50.00	 4	 0.28	 
