subjectID	 order	 runNum	 itemName	 onsetTime	 shuff_trialType	 RT	 respInTime	 AudioTime	 response	 fixationTime	 ladder1	 ladder2	 bidIndex	 itemNameIndex	 bidValue	 
BMI_bf_121	 1	 19	 1080.jpg	 2.390909e+03	 24	 999000	 240	 999000	 999	 2.391928e+03	 616.67	 550.00	 56.00	 12	 0.18	 
BMI_bf_121	 1	 19	 1262.jpg	 2.395914e+03	 11	 9.930471e+02	 110	 6.170024e+02	 98	 2.396950e+03	 633.33	 550.00	 7.00	 30	 0.78	 
BMI_bf_121	 1	 19	 2043.jpg	 2.397900e+03	 24	 999000	 240	 999000	 999	 2.398918e+03	 633.33	 550.00	 57.00	 37	 0.17	 
BMI_bf_121	 1	 19	 2010.jpg	 2.399902e+03	 24	 999000	 240	 999000	 999	 2.400920e+03	 633.33	 550.00	 55.00	 32	 0.23	 
BMI_bf_121	 1	 19	 1127.jpg	 2.405909e+03	 12	 999000	 120	 999000	 999	 2.406927e+03	 633.33	 550.00	 21.00	 14	 0.65	 
BMI_bf_121	 1	 19	 1114.jpg	 2.407911e+03	 12	 999000	 120	 999000	 999	 2.408929e+03	 633.33	 550.00	 16.00	 13	 0.69	 
BMI_bf_121	 1	 19	 2112.jpg	 2.410915e+03	 24	 999000	 240	 999000	 999	 2.411932e+03	 633.33	 550.00	 49.00	 45	 0.29	 
BMI_bf_121	 1	 19	 1035.jpg	 2.412900e+03	 11	 9.734824e+02	 110	 6.336689e+02	 98	 2.413934e+03	 650.00	 550.00	 12.00	 7	 0.72	 
BMI_bf_121	 1	 19	 1191.jpg	 2.416905e+03	 12	 999000	 120	 999000	 999	 2.417922e+03	 650.00	 550.00	 4.00	 21	 0.81	 
BMI_bf_121	 1	 19	 1027.jpg	 2.418907e+03	 12	 999000	 120	 999000	 999	 2.419925e+03	 650.00	 550.00	 6.00	 5	 0.78	 
BMI_bf_121	 1	 19	 1073.jpg	 2.423912e+03	 12	 999000	 120	 999000	 999	 2.424930e+03	 650.00	 550.00	 22.00	 11	 0.65	 
BMI_bf_121	 1	 19	 1226.jpg	 2.430904e+03	 24	 999000	 240	 999000	 999	 2.431921e+03	 650.00	 550.00	 41.00	 27	 0.36	 
BMI_bf_121	 1	 19	 1173.jpg	 2.432906e+03	 12	 999000	 120	 999000	 999	 2.433924e+03	 650.00	 550.00	 19.00	 19	 0.67	 
BMI_bf_121	 1	 19	 2149.jpg	 2.435909e+03	 24	 999000	 240	 999000	 999	 2.436927e+03	 650.00	 550.00	 39.00	 49	 0.40	 
BMI_bf_121	 1	 19	 1210.jpg	 2.438913e+03	 12	 999000	 120	 999000	 999	 2.439930e+03	 650.00	 550.00	 9.00	 25	 0.76	 
BMI_bf_121	 1	 19	 2125.jpg	 2.442900e+03	 11	 1.034376e+03	 1100	 6.503189e+02	 98	 2.443936e+03	 600.00	 550.00	 18.00	 47	 0.67	 
BMI_bf_121	 1	 19	 1255.jpg	 2.446905e+03	 11	 1.001311e+03	 1100	 6.003142e+02	 98	 2.447940e+03	 550.00	 550.00	 10.00	 29	 0.76	 
BMI_bf_121	 1	 19	 2063.jpg	 2.450909e+03	 24	 999000	 240	 999000	 999	 2.451927e+03	 550.00	 550.00	 42.00	 41	 0.35	 
BMI_bf_121	 1	 19	 1246.jpg	 2.453913e+03	 24	 999000	 240	 999000	 999	 2.454931e+03	 550.00	 550.00	 48.00	 28	 0.32	 
BMI_bf_121	 1	 19	 2053.jpg	 2.459903e+03	 12	 999000	 120	 999000	 999	 2.460921e+03	 550.00	 550.00	 14.00	 39	 0.72	 
BMI_bf_121	 1	 19	 1013.jpg	 2.461905e+03	 12	 999000	 120	 999000	 999	 2.462923e+03	 550.00	 550.00	 3.00	 2	 0.82	 
BMI_bf_121	 1	 19	 1031.jpg	 2.464908e+03	 12	 999000	 120	 999000	 999	 2.465926e+03	 550.00	 550.00	 8.00	 6	 0.78	 
BMI_bf_121	 1	 19	 2248.jpg	 2.466911e+03	 22	 9.200770e+02	 220	 5.504838e+02	 98	 2.467964e+03	 550.00	 566.67	 47.00	 60	 0.32	 
BMI_bf_121	 1	 19	 2155.jpg	 2.468913e+03	 22	 9.429661e+02	 220	 5.669691e+02	 98	 2.469947e+03	 550.00	 583.33	 52.00	 51	 0.27	 
BMI_bf_121	 1	 19	 1007.jpg	 2.470915e+03	 22	 8.645613e+02	 220	 5.836727e+02	 98	 2.471951e+03	 550.00	 600.00	 44.00	 1	 0.34	 
BMI_bf_121	 1	 19	 2209.jpg	 2.473902e+03	 11	 8.254316e+02	 110	 5.503116e+02	 98	 2.474936e+03	 566.67	 600.00	 15.00	 55	 0.71	 
BMI_bf_121	 1	 19	 1150.jpg	 2.477906e+03	 12	 999000	 120	 999000	 999	 2.478924e+03	 566.67	 600.00	 20.00	 18	 0.66	 
BMI_bf_121	 1	 19	 1060.jpg	 2.479909e+03	 24	 999000	 240	 999000	 999	 2.480926e+03	 566.67	 600.00	 51.00	 10	 0.28	 
BMI_bf_121	 1	 19	 2218.jpg	 2.481911e+03	 22	 9.505727e+02	 220	 6.004100e+02	 98	 2.482948e+03	 566.67	 616.67	 45.00	 57	 0.32	 
BMI_bf_121	 1	 19	 2110.jpg	 2.483913e+03	 22	 8.947106e+02	 220	 6.169846e+02	 98	 2.484949e+03	 566.67	 633.33	 50.00	 44	 0.29	 
BMI_bf_121	 1	 19	 2039.jpg	 2.485915e+03	 24	 999000	 240	 999000	 999	 2.486933e+03	 566.67	 633.33	 43.00	 35	 0.34	 
BMI_bf_121	 1	 19	 1216.jpg	 2.487901e+03	 12	 999000	 120	 999000	 999	 2.488919e+03	 566.67	 633.33	 17.00	 26	 0.68	 
BMI_bf_121	 1	 19	 1130.jpg	 2.491905e+03	 12	 999000	 120	 999000	 999	 2.492923e+03	 566.67	 633.33	 11.00	 15	 0.73	 
BMI_bf_121	 1	 19	 2118.jpg	 2.495910e+03	 11	 8.910704e+02	 110	 5.668930e+02	 98	 2.496945e+03	 583.33	 633.33	 13.00	 46	 0.72	 
BMI_bf_121	 1	 19	 2094.jpg	 2.497912e+03	 24	 999000	 240	 999000	 999	 2.498930e+03	 583.33	 633.33	 54.00	 43	 0.25	 
BMI_bf_121	 1	 19	 2212.jpg	 2.499914e+03	 22	 1.037970e+03	 2200	 6.336210e+02	 98	 2.500950e+03	 583.33	 583.33	 53.00	 56	 0.27	 
BMI_bf_121	 1	 19	 2058.jpg	 2.501900e+03	 24	 999000	 240	 999000	 999	 2.502918e+03	 583.33	 583.33	 46.00	 40	 0.32	 
BMI_bf_121	 1	 19	 2128.jpg	 2.503902e+03	 24	 999000	 240	 999000	 999	 2.504920e+03	 583.33	 583.33	 58.00	 48	 0.15	 
BMI_bf_121	 1	 19	 1145.jpg	 2.509909e+03	 12	 999000	 120	 999000	 999	 2.510927e+03	 583.33	 583.33	 5.00	 16	 0.80	 
BMI_bf_121	 1	 19	 2006.jpg	 2.511911e+03	 24	 999000	 240	 999000	 999	 2.512929e+03	 583.33	 583.33	 40.00	 31	 0.36	 
