subjectID	 order	 runNum	 itemName	 onsetTime	 shuff_trialType	 RT	 respInTime	 AudioTime	 response	 fixationTime	 ladder1	 ladder2	 bidIndex	 itemNameIndex	 bidValue	 
BMI_bf_121	 1	 11	 1262.jpg	 1.354814e+03	 11	 9.366985e+02	 110	 6.170339e+02	 98	 1.355848e+03	 633.33	 616.67	 7.00	 30	 0.78	 
BMI_bf_121	 1	 11	 1246.jpg	 1.356799e+03	 24	 999000	 240	 999000	 999	 1.357817e+03	 633.33	 616.67	 48.00	 28	 0.32	 
BMI_bf_121	 1	 11	 1255.jpg	 1.360804e+03	 11	 9.769514e+02	 110	 6.336454e+02	 98	 1.361839e+03	 650.00	 616.67	 10.00	 29	 0.76	 
BMI_bf_121	 1	 11	 2125.jpg	 1.363807e+03	 11	 9.212664e+02	 110	 6.503195e+02	 98	 1.364841e+03	 666.67	 616.67	 18.00	 47	 0.67	 
BMI_bf_121	 1	 11	 1073.jpg	 1.365809e+03	 12	 999000	 120	 999000	 999	 1.366827e+03	 666.67	 616.67	 22.00	 11	 0.65	 
BMI_bf_121	 1	 11	 1007.jpg	 1.368796e+03	 22	 9.386327e+02	 220	 6.170326e+02	 98	 1.369832e+03	 666.67	 633.33	 44.00	 1	 0.34	 
BMI_bf_121	 1	 11	 1060.jpg	 1.372800e+03	 24	 999000	 240	 999000	 999	 1.373819e+03	 666.67	 633.33	 51.00	 10	 0.28	 
BMI_bf_121	 1	 11	 1013.jpg	 1.376805e+03	 12	 999000	 120	 999000	 999	 1.377823e+03	 666.67	 633.33	 3.00	 2	 0.82	 
BMI_bf_121	 1	 11	 2063.jpg	 1.378807e+03	 24	 999000	 240	 999000	 999	 1.379825e+03	 666.67	 633.33	 42.00	 41	 0.35	 
BMI_bf_121	 1	 11	 1191.jpg	 1.383796e+03	 12	 999000	 120	 999000	 999	 1.384814e+03	 666.67	 633.33	 4.00	 21	 0.81	 
BMI_bf_121	 1	 11	 1210.jpg	 1.385798e+03	 12	 999000	 120	 999000	 999	 1.386817e+03	 666.67	 633.33	 9.00	 25	 0.76	 
BMI_bf_121	 1	 11	 2110.jpg	 1.387801e+03	 22	 1.071141e+03	 2200	 6.336355e+02	 98	 1.388836e+03	 666.67	 583.33	 50.00	 44	 0.29	 
BMI_bf_121	 1	 11	 1150.jpg	 1.393807e+03	 12	 999000	 120	 999000	 999	 1.394826e+03	 666.67	 583.33	 20.00	 18	 0.66	 
BMI_bf_121	 1	 11	 2218.jpg	 1.395810e+03	 22	 1.061375e+03	 2200	 5.836174e+02	 98	 1.396846e+03	 666.67	 533.33	 45.00	 57	 0.32	 
BMI_bf_121	 1	 11	 2128.jpg	 1.397795e+03	 24	 999000	 240	 999000	 999	 1.398816e+03	 666.67	 533.33	 58.00	 48	 0.15	 
BMI_bf_121	 1	 11	 1027.jpg	 1.399797e+03	 12	 999000	 120	 999000	 999	 1.400815e+03	 666.67	 533.33	 6.00	 5	 0.78	 
BMI_bf_121	 1	 11	 2155.jpg	 1.403802e+03	 22	 8.882886e+02	 220	 5.336207e+02	 98	 1.404837e+03	 666.67	 550.00	 52.00	 51	 0.27	 
BMI_bf_121	 1	 11	 2039.jpg	 1.407806e+03	 24	 999000	 240	 999000	 999	 1.408825e+03	 666.67	 550.00	 43.00	 35	 0.34	 
BMI_bf_121	 1	 11	 1216.jpg	 1.410810e+03	 12	 999000	 120	 999000	 999	 1.411828e+03	 666.67	 550.00	 17.00	 26	 0.68	 
BMI_bf_121	 1	 11	 2118.jpg	 1.414798e+03	 11	 1.008106e+03	 1100	 6.669698e+02	 98	 1.415832e+03	 616.67	 550.00	 13.00	 46	 0.72	 
BMI_bf_121	 1	 11	 2043.jpg	 1.417801e+03	 24	 999000	 240	 999000	 999	 1.418819e+03	 616.67	 550.00	 57.00	 37	 0.17	 
BMI_bf_121	 1	 11	 2094.jpg	 1.419803e+03	 24	 999000	 240	 999000	 999	 1.420822e+03	 616.67	 550.00	 54.00	 43	 0.25	 
BMI_bf_121	 1	 11	 2212.jpg	 1.423808e+03	 22	 9.533369e+02	 220	 5.503086e+02	 98	 1.424842e+03	 616.67	 566.67	 53.00	 56	 0.27	 
BMI_bf_121	 1	 11	 1145.jpg	 1.425810e+03	 12	 999000	 120	 999000	 999	 1.426828e+03	 616.67	 566.67	 5.00	 16	 0.80	 
BMI_bf_121	 1	 11	 1226.jpg	 1.427795e+03	 24	 999000	 240	 999000	 999	 1.428813e+03	 616.67	 566.67	 41.00	 27	 0.36	 
BMI_bf_121	 1	 11	 1035.jpg	 1.431800e+03	 11	 1.050298e+03	 1100	 6.169768e+02	 98	 1.432835e+03	 566.67	 566.67	 12.00	 7	 0.72	 
BMI_bf_121	 1	 11	 1130.jpg	 1.433802e+03	 12	 999000	 120	 999000	 999	 1.434823e+03	 566.67	 566.67	 11.00	 15	 0.73	 
BMI_bf_121	 1	 11	 1114.jpg	 1.437807e+03	 12	 999000	 120	 999000	 999	 1.438825e+03	 566.67	 566.67	 16.00	 13	 0.69	 
BMI_bf_121	 1	 11	 1127.jpg	 1.441811e+03	 12	 999000	 120	 999000	 999	 1.442829e+03	 566.67	 566.67	 21.00	 14	 0.65	 
BMI_bf_121	 1	 11	 2058.jpg	 1.444798e+03	 24	 999000	 240	 999000	 999	 1.445816e+03	 566.67	 566.67	 46.00	 40	 0.32	 
BMI_bf_121	 1	 11	 2149.jpg	 1.450805e+03	 24	 999000	 240	 999000	 999	 1.451822e+03	 566.67	 566.67	 39.00	 49	 0.40	 
BMI_bf_121	 1	 11	 1031.jpg	 1.452807e+03	 12	 999000	 120	 999000	 999	 1.453825e+03	 566.67	 566.67	 8.00	 6	 0.78	 
BMI_bf_121	 1	 11	 2053.jpg	 1.456811e+03	 12	 999000	 120	 999000	 999	 1.457829e+03	 566.67	 566.67	 14.00	 39	 0.72	 
BMI_bf_121	 1	 11	 2112.jpg	 1.458797e+03	 24	 999000	 240	 999000	 999	 1.459815e+03	 566.67	 566.67	 49.00	 45	 0.29	 
BMI_bf_121	 1	 11	 2010.jpg	 1.460799e+03	 24	 999000	 240	 999000	 999	 1.461817e+03	 566.67	 566.67	 55.00	 32	 0.23	 
BMI_bf_121	 1	 11	 2006.jpg	 1.462801e+03	 24	 999000	 240	 999000	 999	 1.463819e+03	 566.67	 566.67	 40.00	 31	 0.36	 
BMI_bf_121	 1	 11	 1173.jpg	 1.467807e+03	 12	 999000	 120	 999000	 999	 1.468825e+03	 566.67	 566.67	 19.00	 19	 0.67	 
BMI_bf_121	 1	 11	 1080.jpg	 1.469809e+03	 24	 999000	 240	 999000	 999	 1.470827e+03	 566.67	 566.67	 56.00	 12	 0.18	 
BMI_bf_121	 1	 11	 2209.jpg	 1.471811e+03	 11	 1.293163e+03	 1100	 5.669665e+02	 98	 1.472847e+03	 516.67	 566.67	 15.00	 55	 0.71	 
BMI_bf_121	 1	 11	 2248.jpg	 1.474798e+03	 22	 9.840972e+02	 220	 5.669809e+02	 98	 1.475835e+03	 516.67	 583.33	 47.00	 60	 0.32	 
