subjectID	 order	 runNum	 itemName	 onsetTime	 shuff_trialType	 RT	 respInTime	 AudioTime	 response	 fixationTime	 ladder1	 ladder2	 bidIndex	 itemNameIndex	 bidValue	 
BMI_bf_121	 1	 17	 1031.jpg	 2.131251e+03	 12	 999000	 120	 999000	 999	 2.132272e+03	 616.67	 616.67	 8.00	 6	 0.78	 
BMI_bf_121	 1	 17	 1035.jpg	 2.134254e+03	 11	 9.323724e+02	 110	 6.169918e+02	 98	 2.135290e+03	 633.33	 616.67	 12.00	 7	 0.72	 
BMI_bf_121	 1	 17	 1173.jpg	 2.136257e+03	 12	 999000	 120	 999000	 999	 2.137275e+03	 633.33	 616.67	 19.00	 19	 0.67	 
BMI_bf_121	 1	 17	 2248.jpg	 2.138242e+03	 22	 8.710347e+02	 220	 6.170009e+02	 98	 2.139278e+03	 633.33	 633.33	 47.00	 60	 0.32	 
BMI_bf_121	 1	 17	 1216.jpg	 2.140244e+03	 12	 999000	 120	 999000	 999	 2.141262e+03	 633.33	 633.33	 17.00	 26	 0.68	 
BMI_bf_121	 1	 17	 2094.jpg	 2.143248e+03	 24	 999000	 240	 999000	 999	 2.144265e+03	 633.33	 633.33	 54.00	 43	 0.25	 
BMI_bf_121	 1	 17	 2053.jpg	 2.145250e+03	 12	 999000	 120	 999000	 999	 2.146268e+03	 633.33	 633.33	 14.00	 39	 0.72	 
BMI_bf_121	 1	 17	 2063.jpg	 2.149255e+03	 24	 999000	 240	 999000	 999	 2.150272e+03	 633.33	 633.33	 42.00	 41	 0.35	 
BMI_bf_121	 1	 17	 2006.jpg	 2.151240e+03	 24	 999000	 240	 999000	 999	 2.152258e+03	 633.33	 633.33	 40.00	 31	 0.36	 
BMI_bf_121	 1	 17	 1013.jpg	 2.156246e+03	 12	 999000	 120	 999000	 999	 2.157266e+03	 633.33	 633.33	 3.00	 2	 0.82	 
BMI_bf_121	 1	 17	 1246.jpg	 2.158248e+03	 24	 999000	 240	 999000	 999	 2.159266e+03	 633.33	 633.33	 48.00	 28	 0.32	 
BMI_bf_121	 1	 17	 2043.jpg	 2.162252e+03	 24	 999000	 240	 999000	 999	 2.163270e+03	 633.33	 633.33	 57.00	 37	 0.17	 
BMI_bf_121	 1	 17	 2112.jpg	 2.164255e+03	 24	 999000	 240	 999000	 999	 2.165274e+03	 633.33	 633.33	 49.00	 45	 0.29	 
BMI_bf_121	 1	 17	 2039.jpg	 2.167241e+03	 24	 999000	 240	 999000	 999	 2.168259e+03	 633.33	 633.33	 43.00	 35	 0.34	 
BMI_bf_121	 1	 17	 1150.jpg	 2.172247e+03	 12	 999000	 120	 999000	 999	 2.173265e+03	 633.33	 633.33	 20.00	 18	 0.66	 
BMI_bf_121	 1	 17	 2125.jpg	 2.174249e+03	 11	 1.383049e+03	 1100	 6.336490e+02	 98	 2.175286e+03	 583.33	 633.33	 18.00	 47	 0.67	 
BMI_bf_121	 1	 17	 2118.jpg	 2.176251e+03	 11	 8.882960e+02	 110	 5.836360e+02	 98	 2.177286e+03	 600.00	 633.33	 13.00	 46	 0.72	 
BMI_bf_121	 1	 17	 1114.jpg	 2.180256e+03	 12	 999000	 120	 999000	 999	 2.181274e+03	 600.00	 633.33	 16.00	 13	 0.69	 
BMI_bf_121	 1	 17	 2149.jpg	 2.184244e+03	 24	 999000	 240	 999000	 999	 2.185262e+03	 600.00	 633.33	 39.00	 49	 0.40	 
BMI_bf_121	 1	 17	 1027.jpg	 2.188248e+03	 12	 999000	 120	 999000	 999	 2.189266e+03	 600.00	 633.33	 6.00	 5	 0.78	 
BMI_bf_121	 1	 17	 1127.jpg	 2.190250e+03	 12	 999000	 120	 999000	 999	 2.191268e+03	 600.00	 633.33	 21.00	 14	 0.65	 
BMI_bf_121	 1	 17	 1210.jpg	 2.192253e+03	 12	 999000	 120	 999000	 999	 2.193270e+03	 600.00	 633.33	 9.00	 25	 0.76	 
BMI_bf_121	 1	 17	 2128.jpg	 2.194255e+03	 24	 999000	 240	 999000	 999	 2.195273e+03	 600.00	 633.33	 58.00	 48	 0.15	 
BMI_bf_121	 1	 17	 1191.jpg	 2.196240e+03	 12	 999000	 120	 999000	 999	 2.197258e+03	 600.00	 633.33	 4.00	 21	 0.81	 
BMI_bf_121	 1	 17	 1226.jpg	 2.202247e+03	 24	 999000	 240	 999000	 999	 2.203265e+03	 600.00	 633.33	 41.00	 27	 0.36	 
BMI_bf_121	 1	 17	 2058.jpg	 2.205251e+03	 24	 999000	 240	 999000	 999	 2.206268e+03	 600.00	 633.33	 46.00	 40	 0.32	 
BMI_bf_121	 1	 17	 2155.jpg	 2.207253e+03	 22	 1.006057e+03	 2200	 6.336799e+02	 98	 2.208289e+03	 600.00	 583.33	 52.00	 51	 0.27	 
BMI_bf_121	 1	 17	 1145.jpg	 2.209255e+03	 12	 999000	 120	 999000	 999	 2.210273e+03	 600.00	 583.33	 5.00	 16	 0.80	 
BMI_bf_121	 1	 17	 1080.jpg	 2.212242e+03	 24	 999000	 240	 999000	 999	 2.213260e+03	 600.00	 583.33	 56.00	 12	 0.18	 
BMI_bf_121	 1	 17	 1007.jpg	 2.214244e+03	 22	 8.888432e+02	 220	 5.836392e+02	 98	 2.215280e+03	 600.00	 600.00	 44.00	 1	 0.34	 
BMI_bf_121	 1	 17	 2218.jpg	 2.216246e+03	 22	 9.341294e+02	 220	 6.003082e+02	 98	 2.217281e+03	 600.00	 616.67	 45.00	 57	 0.32	 
BMI_bf_121	 1	 17	 2209.jpg	 2.218248e+03	 11	 8.557633e+02	 110	 6.003074e+02	 98	 2.219283e+03	 616.67	 616.67	 15.00	 55	 0.71	 
BMI_bf_121	 1	 17	 1130.jpg	 2.221252e+03	 12	 999000	 120	 999000	 999	 2.222270e+03	 616.67	 616.67	 11.00	 15	 0.73	 
BMI_bf_121	 1	 17	 2010.jpg	 2.223254e+03	 24	 999000	 240	 999000	 999	 2.224272e+03	 616.67	 616.67	 55.00	 32	 0.23	 
BMI_bf_121	 1	 17	 1060.jpg	 2.225256e+03	 24	 999000	 240	 999000	 999	 2.226274e+03	 616.67	 616.67	 51.00	 10	 0.28	 
BMI_bf_121	 1	 17	 1255.jpg	 2.227242e+03	 11	 9.867506e+02	 110	 6.169704e+02	 98	 2.228278e+03	 633.33	 616.67	 10.00	 29	 0.76	 
BMI_bf_121	 1	 17	 1073.jpg	 2.229244e+03	 12	 999000	 120	 999000	 999	 2.230262e+03	 633.33	 616.67	 22.00	 11	 0.65	 
BMI_bf_121	 1	 17	 2212.jpg	 2.235251e+03	 22	 9.654329e+02	 220	 6.169855e+02	 98	 2.236286e+03	 633.33	 633.33	 53.00	 56	 0.27	 
BMI_bf_121	 1	 17	 2110.jpg	 2.238254e+03	 22	 9.659719e+02	 220	 6.336482e+02	 98	 2.239290e+03	 633.33	 650.00	 50.00	 44	 0.29	 
BMI_bf_121	 1	 17	 1262.jpg	 2.242242e+03	 11	 9.382398e+02	 110	 6.336460e+02	 98	 2.243277e+03	 650.00	 650.00	 7.00	 30	 0.78	 
