subjectID	 order	 runNum	 itemName	 onsetTime	 shuff_trialType	 RT	 respInTime	 AudioTime	 response	 fixationTime	 ladder1	 ladder2	 bidIndex	 itemNameIndex	 bidValue	 
BMI_bf_121	 1	 16	 2043.jpg	 1.993730e+03	 24	 999000	 240	 999000	 999	 1.994748e+03	 650.00	 650.00	 57.00	 37	 0.17	 
BMI_bf_121	 1	 16	 2155.jpg	 1.998719e+03	 22	 1.045062e+03	 2200	 6.504001e+02	 98	 1.999754e+03	 650.00	 600.00	 52.00	 51	 0.27	 
BMI_bf_121	 1	 16	 1150.jpg	 2.000721e+03	 12	 999000	 120	 999000	 999	 2.001739e+03	 650.00	 600.00	 20.00	 18	 0.66	 
BMI_bf_121	 1	 16	 2125.jpg	 2.002723e+03	 11	 1.056995e+03	 1100	 6.503465e+02	 98	 2.003758e+03	 600.00	 600.00	 18.00	 47	 0.67	 
BMI_bf_121	 1	 16	 2248.jpg	 2.008730e+03	 22	 9.792156e+02	 220	 6.002985e+02	 98	 2.009767e+03	 600.00	 616.67	 47.00	 60	 0.32	 
BMI_bf_121	 1	 16	 1027.jpg	 2.010716e+03	 12	 999000	 120	 999000	 999	 2.011734e+03	 600.00	 616.67	 6.00	 5	 0.78	 
BMI_bf_121	 1	 16	 2058.jpg	 2.013719e+03	 24	 999000	 240	 999000	 999	 2.014737e+03	 600.00	 616.67	 46.00	 40	 0.32	 
BMI_bf_121	 1	 16	 2212.jpg	 2.015721e+03	 22	 9.522082e+02	 220	 6.170826e+02	 98	 2.016756e+03	 600.00	 633.33	 53.00	 56	 0.27	 
BMI_bf_121	 1	 16	 2112.jpg	 2.019726e+03	 24	 999000	 240	 999000	 999	 2.020744e+03	 600.00	 633.33	 49.00	 45	 0.29	 
BMI_bf_121	 1	 16	 2218.jpg	 2.021728e+03	 22	 1.009620e+03	 2200	 6.336382e+02	 98	 2.022763e+03	 600.00	 583.33	 45.00	 57	 0.32	 
BMI_bf_121	 1	 16	 1255.jpg	 2.026717e+03	 11	 9.595776e+02	 110	 6.003130e+02	 98	 2.027754e+03	 616.67	 583.33	 10.00	 29	 0.76	 
BMI_bf_121	 1	 16	 2094.jpg	 2.033725e+03	 24	 999000	 240	 999000	 999	 2.034743e+03	 616.67	 583.33	 54.00	 43	 0.25	 
BMI_bf_121	 1	 16	 1262.jpg	 2.035727e+03	 11	 1.028581e+03	 1100	 6.169663e+02	 98	 2.036762e+03	 566.67	 583.33	 7.00	 30	 0.78	 
BMI_bf_121	 1	 16	 1035.jpg	 2.038731e+03	 11	 9.278341e+02	 110	 5.669852e+02	 98	 2.039766e+03	 583.33	 583.33	 12.00	 7	 0.72	 
BMI_bf_121	 1	 16	 1226.jpg	 2.041717e+03	 24	 999000	 240	 999000	 999	 2.042735e+03	 583.33	 583.33	 41.00	 27	 0.36	 
BMI_bf_121	 1	 16	 1216.jpg	 2.045722e+03	 12	 999000	 120	 999000	 999	 2.046740e+03	 583.33	 583.33	 17.00	 26	 0.68	 
BMI_bf_121	 1	 16	 2039.jpg	 2.049726e+03	 24	 999000	 240	 999000	 999	 2.050744e+03	 583.33	 583.33	 43.00	 35	 0.34	 
BMI_bf_121	 1	 16	 1173.jpg	 2.053731e+03	 12	 999000	 120	 999000	 999	 2.054748e+03	 583.33	 583.33	 19.00	 19	 0.67	 
BMI_bf_121	 1	 16	 2053.jpg	 2.056717e+03	 12	 999000	 120	 999000	 999	 2.057735e+03	 583.33	 583.33	 14.00	 39	 0.72	 
BMI_bf_121	 1	 16	 2006.jpg	 2.062724e+03	 24	 999000	 240	 999000	 999	 2.063742e+03	 583.33	 583.33	 40.00	 31	 0.36	 
BMI_bf_121	 1	 16	 2149.jpg	 2.064726e+03	 24	 999000	 240	 999000	 999	 2.065744e+03	 583.33	 583.33	 39.00	 49	 0.40	 
BMI_bf_121	 1	 16	 1007.jpg	 2.067730e+03	 22	 9.661823e+02	 220	 5.836496e+02	 98	 2.068765e+03	 583.33	 600.00	 44.00	 1	 0.34	 
BMI_bf_121	 1	 16	 2128.jpg	 2.069715e+03	 24	 999000	 240	 999000	 999	 2.070733e+03	 583.33	 600.00	 58.00	 48	 0.15	 
BMI_bf_121	 1	 16	 1127.jpg	 2.071718e+03	 12	 999000	 120	 999000	 999	 2.072735e+03	 583.33	 600.00	 21.00	 14	 0.65	 
BMI_bf_121	 1	 16	 2209.jpg	 2.073720e+03	 11	 9.276745e+02	 110	 5.836239e+02	 98	 2.074754e+03	 600.00	 600.00	 15.00	 55	 0.71	 
BMI_bf_121	 1	 16	 1191.jpg	 2.076723e+03	 12	 999000	 120	 999000	 999	 2.077741e+03	 600.00	 600.00	 4.00	 21	 0.81	 
BMI_bf_121	 1	 16	 1130.jpg	 2.080728e+03	 12	 999000	 120	 999000	 999	 2.081745e+03	 600.00	 600.00	 11.00	 15	 0.73	 
BMI_bf_121	 1	 16	 1031.jpg	 2.082730e+03	 12	 999000	 120	 999000	 999	 2.083748e+03	 600.00	 600.00	 8.00	 6	 0.78	 
BMI_bf_121	 1	 16	 1145.jpg	 2.084715e+03	 12	 999000	 120	 999000	 999	 2.085733e+03	 600.00	 600.00	 5.00	 16	 0.80	 
BMI_bf_121	 1	 16	 1080.jpg	 2.086718e+03	 24	 999000	 240	 999000	 999	 2.087735e+03	 600.00	 600.00	 56.00	 12	 0.18	 
BMI_bf_121	 1	 16	 2110.jpg	 2.088720e+03	 22	 9.582687e+02	 220	 6.002939e+02	 98	 2.089757e+03	 600.00	 616.67	 50.00	 44	 0.29	 
BMI_bf_121	 1	 16	 1060.jpg	 2.090722e+03	 24	 999000	 240	 999000	 999	 2.091740e+03	 600.00	 616.67	 51.00	 10	 0.28	 
BMI_bf_121	 1	 16	 1073.jpg	 2.094727e+03	 12	 999000	 120	 999000	 999	 2.095744e+03	 600.00	 616.67	 22.00	 11	 0.65	 
BMI_bf_121	 1	 16	 1210.jpg	 2.098731e+03	 12	 999000	 120	 999000	 999	 2.099749e+03	 600.00	 616.67	 9.00	 25	 0.76	 
BMI_bf_121	 1	 16	 2063.jpg	 2.100717e+03	 24	 999000	 240	 999000	 999	 2.101734e+03	 600.00	 616.67	 42.00	 41	 0.35	 
BMI_bf_121	 1	 16	 2010.jpg	 2.102719e+03	 24	 999000	 240	 999000	 999	 2.103737e+03	 600.00	 616.67	 55.00	 32	 0.23	 
BMI_bf_121	 1	 16	 1114.jpg	 2.104721e+03	 12	 999000	 120	 999000	 999	 2.105739e+03	 600.00	 616.67	 16.00	 13	 0.69	 
BMI_bf_121	 1	 16	 2118.jpg	 2.106723e+03	 11	 9.444490e+02	 110	 6.003531e+02	 98	 2.107761e+03	 616.67	 616.67	 13.00	 46	 0.72	 
BMI_bf_121	 1	 16	 1013.jpg	 2.112730e+03	 12	 999000	 120	 999000	 999	 2.113748e+03	 616.67	 616.67	 3.00	 2	 0.82	 
BMI_bf_121	 1	 16	 1246.jpg	 2.114715e+03	 24	 999000	 240	 999000	 999	 2.115734e+03	 616.67	 616.67	 48.00	 28	 0.32	 
