subjectID	 order	 runNum	 itemName	 onsetTime	 shuff_trialType	 RT	 respInTime	 AudioTime	 response	 fixationTime	 ladder1	 ladder2	 bidIndex	 itemNameIndex	 bidValue	 
BMI_bf_121	 1	 1	 1114.jpg	 1.246590e+00	 12	 999000	 120	 999000	 999	 2.263742e+00	 750.00	 750.00	 16.00	 13	 0.69	 
BMI_bf_121	 1	 1	 2118.jpg	 3.231623e+00	 11	 1.285862e+03	 1100	 7.502610e+02	 98	 4.266418e+00	 700.00	 750.00	 13.00	 46	 0.72	 
BMI_bf_121	 1	 1	 1145.jpg	 7.236165e+00	 12	 999000	 120	 999000	 999	 8.257200e+00	 700.00	 750.00	 5.00	 16	 0.80	 
BMI_bf_121	 1	 1	 1127.jpg	 1.023953e+01	 12	 999000	 120	 999000	 999	 1.125862e+01	 700.00	 750.00	 21.00	 14	 0.65	 
BMI_bf_121	 1	 1	 2212.jpg	 1.224187e+01	 22	 1.242276e+03	 2200	 7.502630e+02	 98	 1.327864e+01	 700.00	 700.00	 53.00	 56	 0.27	 
BMI_bf_121	 1	 1	 1226.jpg	 1.522818e+01	 24	 999000	 240	 999000	 999	 1.624653e+01	 700.00	 700.00	 41.00	 27	 0.36	 
BMI_bf_121	 1	 1	 2006.jpg	 1.923291e+01	 24	 999000	 240	 999000	 999	 2.025108e+01	 700.00	 700.00	 40.00	 31	 0.36	 
BMI_bf_121	 1	 1	 1007.jpg	 2.323737e+01	 22	 1.249808e+03	 2200	 7.002478e+02	 98	 2.427198e+01	 700.00	 650.00	 44.00	 1	 0.34	 
BMI_bf_121	 1	 1	 2063.jpg	 2.523970e+01	 24	 999000	 240	 999000	 999	 2.625917e+01	 700.00	 650.00	 42.00	 41	 0.35	 
BMI_bf_121	 1	 1	 1150.jpg	 3.022852e+01	 12	 999000	 120	 999000	 999	 3.124663e+01	 700.00	 650.00	 20.00	 18	 0.66	 
BMI_bf_121	 1	 1	 1013.jpg	 3.223085e+01	 12	 999000	 120	 999000	 999	 3.324991e+01	 700.00	 650.00	 3.00	 2	 0.82	 
BMI_bf_121	 1	 1	 2053.jpg	 3.423299e+01	 12	 999000	 120	 999000	 999	 3.525187e+01	 700.00	 650.00	 14.00	 39	 0.72	 
BMI_bf_121	 1	 1	 1246.jpg	 4.023978e+01	 24	 999000	 240	 999000	 999	 4.125878e+01	 700.00	 650.00	 48.00	 28	 0.32	 
BMI_bf_121	 1	 1	 2128.jpg	 4.224214e+01	 24	 999000	 240	 999000	 999	 4.326078e+01	 700.00	 650.00	 58.00	 48	 0.15	 
BMI_bf_121	 1	 1	 2149.jpg	 4.422735e+01	 24	 999000	 240	 999000	 999	 4.524560e+01	 700.00	 650.00	 39.00	 49	 0.40	 
BMI_bf_121	 1	 1	 2010.jpg	 4.622997e+01	 24	 999000	 240	 999000	 999	 4.724908e+01	 700.00	 650.00	 55.00	 32	 0.23	 
BMI_bf_121	 1	 1	 2155.jpg	 5.023427e+01	 22	 1.085419e+03	 2200	 6.502364e+02	 98	 5.126967e+01	 700.00	 600.00	 52.00	 51	 0.27	 
BMI_bf_121	 1	 1	 1080.jpg	 5.423882e+01	 24	 999000	 240	 999000	 999	 5.525661e+01	 700.00	 600.00	 56.00	 12	 0.18	 
BMI_bf_121	 1	 1	 1216.jpg	 5.724220e+01	 12	 999000	 120	 999000	 999	 5.826097e+01	 700.00	 600.00	 17.00	 26	 0.68	 
BMI_bf_121	 1	 1	 2039.jpg	 6.123003e+01	 24	 999000	 240	 999000	 999	 6.224936e+01	 700.00	 600.00	 43.00	 35	 0.34	 
BMI_bf_121	 1	 1	 1262.jpg	 6.423340e+01	 11	 1.149420e+03	 1100	 7.003087e+02	 98	 6.526794e+01	 650.00	 600.00	 7.00	 30	 0.78	 
BMI_bf_121	 1	 1	 2125.jpg	 6.623567e+01	 11	 1.014929e+03	 1100	 6.504738e+02	 98	 6.726987e+01	 600.00	 600.00	 18.00	 47	 0.67	 
BMI_bf_121	 1	 1	 2112.jpg	 7.024016e+01	 24	 999000	 240	 999000	 999	 7.125814e+01	 600.00	 600.00	 49.00	 45	 0.29	 
BMI_bf_121	 1	 1	 2218.jpg	 7.224242e+01	 22	 1.094543e+03	 2200	 6.002873e+02	 98	 7.327846e+01	 600.00	 550.00	 45.00	 57	 0.32	 
BMI_bf_121	 1	 1	 2058.jpg	 7.422787e+01	 24	 999000	 240	 999000	 999	 7.524743e+01	 600.00	 550.00	 46.00	 40	 0.32	 
BMI_bf_121	 1	 1	 2209.jpg	 7.823246e+01	 11	 9.547460e+02	 110	 6.002470e+02	 98	 7.926699e+01	 616.67	 550.00	 15.00	 55	 0.71	 
BMI_bf_121	 1	 1	 1035.jpg	 8.023459e+01	 11	 9.327168e+02	 110	 6.169005e+02	 98	 8.126891e+01	 633.33	 550.00	 12.00	 7	 0.72	 
BMI_bf_121	 1	 1	 1027.jpg	 8.423912e+01	 12	 999000	 120	 999000	 999	 8.525787e+01	 633.33	 550.00	 6.00	 5	 0.78	 
BMI_bf_121	 1	 1	 2094.jpg	 8.824366e+01	 24	 999000	 240	 999000	 999	 8.926359e+01	 633.33	 550.00	 54.00	 43	 0.25	 
BMI_bf_121	 1	 1	 1210.jpg	 9.123027e+01	 12	 999000	 120	 999000	 999	 9.224977e+01	 633.33	 550.00	 9.00	 25	 0.76	 
BMI_bf_121	 1	 1	 2110.jpg	 9.723702e+01	 22	 9.186081e+02	 220	 5.502473e+02	 98	 9.827179e+01	 633.33	 566.67	 50.00	 44	 0.29	 
BMI_bf_121	 1	 1	 1031.jpg	 9.923923e+01	 12	 999000	 120	 999000	 999	 1.002577e+02	 633.33	 566.67	 8.00	 6	 0.78	 
BMI_bf_121	 1	 1	 1130.jpg	 1.032267e+02	 12	 999000	 120	 999000	 999	 1.042448e+02	 633.33	 566.67	 11.00	 15	 0.73	 
BMI_bf_121	 1	 1	 2248.jpg	 1.052294e+02	 22	 8.916205e+02	 220	 5.669306e+02	 98	 1.062656e+02	 633.33	 583.33	 47.00	 60	 0.32	 
BMI_bf_121	 1	 1	 1255.jpg	 1.072316e+02	 11	 9.369982e+02	 110	 6.335852e+02	 98	 1.082661e+02	 650.00	 583.33	 10.00	 29	 0.76	 
BMI_bf_121	 1	 1	 1191.jpg	 1.092338e+02	 12	 999000	 120	 999000	 999	 1.102527e+02	 650.00	 583.33	 4.00	 21	 0.81	 
BMI_bf_121	 1	 1	 2043.jpg	 1.142395e+02	 24	 999000	 240	 999000	 999	 1.152589e+02	 650.00	 583.33	 57.00	 37	 0.17	 
BMI_bf_121	 1	 1	 1073.jpg	 1.162416e+02	 12	 999000	 120	 999000	 999	 1.172608e+02	 650.00	 583.33	 22.00	 11	 0.65	 
BMI_bf_121	 1	 1	 1173.jpg	 1.182439e+02	 12	 999000	 120	 999000	 999	 1.192626e+02	 650.00	 583.33	 19.00	 19	 0.67	 
BMI_bf_121	 1	 1	 1060.jpg	 1.212306e+02	 24	 999000	 240	 999000	 999	 1.222489e+02	 650.00	 583.33	 51.00	 10	 0.28	 
